Residue Name,Residue Number,Binding Free Energy (kcal/mol),VDW Energy (kcal/mol)
PRO   1,1,-0.0629,-0.0005
ILE   2,2,-0.0004,-0.0002
VAL   3,3,0.0002,-0.0005
GLN   4,4,-0.0007,-0.0002
ASN   5,5,-0.0010,-0.0002
LEU   6,6,-0.0006,-0.0002
GLN   7,7,-0.0007,-0.0001
GLY   8,8,-0.0002,0.0000
GLN   9,9,0.0005,-0.0002
MET  10,10,-0.0005,-0.0001
VAL  11,11,-0.0002,-0.0001
HID  12,12,-0.0010,-0.0003
GLN  13,13,-0.0007,-0.0006
ALA  14,14,-0.0011,-0.0002
ILE  15,15,0.0006,-0.0015
SER  16,16,-0.0020,-0.0010
PRO  17,17,-0.0033,-0.0026
ARG  18,18,-0.0703,-0.0047
THR  19,19,-0.0079,-0.0030
LEU  20,20,-0.0101,-0.0054
ASN  21,21,-0.0306,-0.0146
ALA  22,22,-0.0208,-0.0098
TRP  23,23,-0.0332,-0.0191
VAL  24,24,-0.0474,-0.0415
LYS  25,25,-0.2197,-0.1831
VAL  26,26,-0.0770,-0.0691
VAL  27,27,-0.0991,-0.0786
GLU  28,28,2.0738,-0.5075
GLU  29,29,5.3837,-1.9751
LYS  30,30,0.3694,-0.5579
ALA  31,31,-0.0302,-0.2902
PHE  32,32,-0.0924,-0.1312
SER  33,33,0.0499,-0.1164
PRO  34,34,-0.0523,-0.0500
GLU  35,35,0.1086,-0.1492
VAL  36,36,-0.0251,-0.0253
ILE  37,37,-0.0109,-0.0073
PRO  38,38,-0.0064,-0.0067
MET  39,39,-0.0042,-0.0147
PHE  40,40,-0.0042,-0.0051
SER  41,41,0.0003,-0.0017
ALA  42,42,0.0013,-0.0016
LEU  43,43,-0.0012,-0.0046
SER  44,44,0.0006,-0.0012
GLU  45,45,0.0465,-0.0009
GLY  46,46,0.0009,-0.0002
ALA  47,47,-0.0007,-0.0004
THR  48,48,-0.0007,-0.0004
PRO  49,49,-0.0008,-0.0005
GLN  50,50,-0.0017,-0.0006
ASP  51,51,0.0652,-0.0007
LEU  52,52,-0.0012,-0.0013
ASN  53,53,-0.0017,-0.0011
THR  54,54,-0.0005,-0.0016
MET  55,55,-0.0020,-0.0034
LEU  56,56,-0.0029,-0.0032
ASN  57,57,-0.0017,-0.0029
THR  58,58,-0.0011,-0.0072
VAL  59,59,-0.0147,-0.0120
ALA  60,60,-0.0085,-0.0055
PRO  61,61,-0.0277,-0.0224
HID  62,62,-0.0471,-0.0601
GLN  63,63,-0.0165,-0.0156
ALA  64,64,-0.0013,-0.0093
ALA  65,65,-0.0021,-0.0073
ALA  66,66,-0.0026,-0.0037
GLN  67,67,-0.0043,-0.0043
MET  68,68,-0.0045,-0.0043
LEU  69,69,-0.0025,-0.0033
LYS  70,70,-0.0562,-0.0020
GLU  71,71,0.0533,-0.0014
THR  72,72,-0.0011,-0.0010
ILE  73,73,-0.0012,-0.0009
ASN  74,74,-0.0016,-0.0003
GLU  75,75,0.0541,-0.0005
GLU  76,76,0.0508,-0.0003
ALA  77,77,-0.0008,-0.0002
ALA  78,78,-0.0008,-0.0002
GLU  79,79,0.0517,-0.0002
TRP  80,80,0.0006,-0.0000
ASP  81,81,0.0422,-0.0000
ARG  82,82,-0.0511,-0.0003
LEU  83,83,-0.0005,-0.0001
HID  84,84,0.0004,-0.0001
PRO  85,85,-0.0002,-0.0002
VAL  86,86,0.0002,-0.0001
HID  87,87,-0.0001,-0.0001
ALA  88,88,-0.0005,0.0000
GLY  89,89,0.0006,0.0000
PRO  90,90,0.0005,0.0000
ILE  91,91,-0.0012,-0.0000
ALA  92,92,0.0006,0.0000
PRO  93,93,0.0001,0.0000
GLY  94,94,0.0001,0.0000
GLN  95,95,-0.0006,0.0000
MET  96,96,-0.0001,0.0000
ARG  97,97,-0.0515,-0.0001
GLU  98,98,0.0520,-0.0001
PRO  99,99,-0.0012,-0.0002
ARG 100,100,-0.0417,-0.0001
GLY 101,101,0.0009,-0.0002
SER 102,102,0.0002,-0.0002
ASP 103,103,0.0486,-0.0002
ILE 104,104,0.0008,-0.0003
ALA 105,105,0.0004,-0.0002
GLY 106,106,0.0003,-0.0003
THR 107,107,0.0006,-0.0002
THR 108,108,-0.0009,-0.0002
SER 109,109,0.0005,-0.0002
THR 110,110,-0.0008,-0.0001
LEU 111,111,-0.0010,-0.0003
GLN 112,112,0.0007,-0.0001
GLU 113,113,0.0588,-0.0002
GLN 114,114,-0.0001,-0.0002
ILE 115,115,-0.0011,-0.0002
GLY 116,116,-0.0004,-0.0000
TRP 117,117,-0.0007,-0.0002
MET 118,118,-0.0006,-0.0004
THR 119,119,-0.0006,-0.0001
HID 120,120,-0.0007,-0.0002
ASN 121,121,-0.0008,0.0000
PRO 122,122,0.0005,-0.0001
PRO 123,123,-0.0007,-0.0001
ILE 124,124,0.0004,-0.0002
PRO 125,125,-0.0007,-0.0002
VAL 126,126,-0.0010,-0.0003
GLY 127,127,-0.0010,-0.0003
GLU 128,128,0.0474,-0.0003
ILE 129,129,-0.0006,-0.0002
TYR 130,130,-0.0014,-0.0010
LYS 131,131,-0.0461,-0.0011
ARG 132,132,-0.0541,-0.0009
TRP 133,133,0.0006,-0.0009
ILE 134,134,-0.0009,-0.0020
ILE 135,135,-0.0000,-0.0022
LEU 136,136,0.0015,-0.0015
GLY 137,137,0.0016,-0.0015
LEU 138,138,-0.0018,-0.0062
ASN 139,139,0.0024,-0.0035
LYS 140,140,-0.0680,-0.0036
ILE 141,141,-0.0011,-0.0107
VAL 142,142,0.0024,-0.0149
ARG 143,143,-0.1029,-0.0075
MET 144,144,-0.0020,-0.0091
TYR 145,145,-0.0186,-0.0311
SER 146,146,-0.1124,-0.0833
PRO 147,147,-0.6407,-0.7190
THR 148,148,-0.3128,-2.5622
SER 149,149,-3.4247,-3.2104
ILE 150,150,-10.1676,-7.7749
LEU 151,151,-5.6640,-2.2595
ASP 152,152,-0.6111,-2.0923
ILE 153,153,-2.4007,-2.5192
ARG 154,154,-0.2641,-0.1744
GLN 155,155,-0.0161,-0.0245
GLY 156,156,-0.0070,-0.0092
PRO 157,157,-0.0102,-0.0082
LYS 158,158,-0.0216,-0.0084
GLU 159,159,0.0473,-0.0288
PRO 160,160,0.0068,-0.0116
PHE 161,161,0.0100,-0.0136
ARG 162,162,0.0035,-0.0181
ASP 163,163,0.0692,-0.0430
TYR 164,164,0.0021,-0.0948
VAL 165,165,-0.0168,-0.0383
ASP 166,166,0.5050,-0.1940
ARG 167,167,-0.2021,-0.4364
PHE 168,168,-0.8535,-0.8951
TYR 169,169,-0.2147,-0.2578
LYS 170,170,-5.7134,-1.6346
THR 171,171,-1.3082,-2.0533
LEU 172,172,-0.8175,-0.8307
ARG 173,173,-3.3753,-1.0776
ALA 174,174,-0.8728,-0.9947
GLU 175,175,2.3492,-0.9877
GLN 176,176,-0.1994,-0.2800
ALA 177,177,-0.0589,-0.0607
SER 178,178,-0.0182,-0.0146
GLN 179,179,-0.0098,-0.0127
GLU 180,180,0.0154,-0.0077
VAL 181,181,-0.0370,-0.0458
LYS 182,182,-0.0759,-0.0579
ASN 183,183,-0.0046,-0.0103
TRP 184,184,-0.0354,-0.0419
MET 185,185,-0.4161,-0.6058
THR 186,186,-0.0160,-0.0232
GLU 187,187,-0.0441,-0.0073
THR 188,188,-0.0188,-0.0179
LEU 189,189,-0.6925,-0.7051
LEU 190,190,-0.0056,-0.0626
VAL 191,191,0.0089,-0.0106
GLN 192,192,-0.0841,-0.0201
ASN 193,193,-0.6745,-0.1523
ALA 194,194,-0.0147,-0.0087
ASN 195,195,-0.0048,-0.0052
PRO 196,196,-0.0047,-0.0032
ASP 197,197,-0.0171,-0.0016
CYX 198,198,-0.0060,-0.0021
LYS 199,199,0.0015,-0.0041
THR 200,200,-0.0012,-0.0008
ILE 201,201,-0.0022,-0.0012
LEU 202,202,-0.0046,-0.0026
LYS 203,203,0.0242,-0.0011
ALA 204,204,-0.0004,-0.0004
LEU 205,205,-0.0010,-0.0010
GLY 206,206,-0.0010,-0.0004
PRO 207,207,-0.0017,-0.0007
GLY 208,208,-0.0008,-0.0008
ALA 209,209,-0.0020,-0.0010
THR 210,210,0.0006,-0.0020
LEU 211,211,-0.0029,-0.0085
GLU 212,212,-0.0454,-0.0039
GLU 213,213,-0.0393,-0.0018
MET 214,214,-0.0045,-0.0044
MET 215,215,-0.0084,-0.0072
THR 216,216,-0.0013,-0.0018
ALA 217,217,-0.0016,-0.0012
CYX 218,218,-0.0021,-0.0028
GLN 219,219,-0.0005,-0.0032
GLY 220,220,-0.0024,-0.0020
VAL 221,221,-0.0050,-0.0030
