Residue Name,Residue Number,Binding Free Energy (kcal/mol),VDW Energy (kcal/mol)
PRO   1,1,-0.0783,-0.0005
ILE   2,2,-0.0001,-0.0004
VAL   3,3,-0.0006,-0.0002
GLN   4,4,0.0000,-0.0001
ASN   5,5,0.0008,-0.0001
LEU   6,6,-0.0002,-0.0003
GLN   7,7,-0.0004,-0.0001
GLY   8,8,0.0003,0.0000
GLN   9,9,-0.0001,-0.0000
MET  10,10,-0.0005,-0.0001
VAL  11,11,0.0006,-0.0002
HID  12,12,-0.0012,-0.0002
GLN  13,13,0.0003,-0.0002
ALA  14,14,-0.0002,-0.0002
ILE  15,15,-0.0016,-0.0008
SER  16,16,0.0003,-0.0003
PRO  17,17,0.0002,-0.0006
ARG  18,18,-0.0809,-0.0007
THR  19,19,-0.0009,-0.0009
LEU  20,20,-0.0012,-0.0012
ASN  21,21,-0.0003,-0.0012
ALA  22,22,-0.0018,-0.0014
TRP  23,23,-0.0128,-0.0071
VAL  24,24,-0.0052,-0.0026
LYS  25,25,-0.0942,-0.0046
VAL  26,26,-0.0163,-0.0091
VAL  27,27,-0.0273,-0.0143
GLU  28,28,0.0474,-0.0163
GLU  29,29,0.0540,-0.0243
LYS  30,30,-0.0670,-0.0816
ALA  31,31,-0.0774,-0.0975
PHE  32,32,-0.1293,-0.0993
SER  33,33,-0.0135,-0.4524
PRO  34,34,-1.3792,-1.9585
GLU  35,35,2.3777,0.9198
VAL  36,36,0.0114,-0.0488
ILE  37,37,-0.0956,-0.1339
PRO  38,38,-0.0262,-0.0381
MET  39,39,0.0003,-0.0119
PHE  40,40,0.0006,-0.0099
SER  41,41,0.0023,-0.0056
ALA  42,42,0.0007,-0.0022
LEU  43,43,-0.0001,-0.0028
SER  44,44,0.0016,-0.0016
GLU  45,45,0.0792,-0.0014
GLY  46,46,-0.0011,-0.0004
ALA  47,47,0.0006,-0.0006
THR  48,48,-0.0012,-0.0003
PRO  49,49,-0.0014,-0.0005
GLN  50,50,0.0004,-0.0004
ASP  51,51,0.0781,-0.0005
LEU  52,52,-0.0018,-0.0013
ASN  53,53,-0.0006,-0.0008
THR  54,54,-0.0010,-0.0006
MET  55,55,-0.0034,-0.0022
LEU  56,56,-0.0024,-0.0027
ASN  57,57,-0.0005,-0.0009
THR  58,58,-0.0015,-0.0014
VAL  59,59,-0.0066,-0.0039
ALA  60,60,-0.0009,-0.0034
PRO  61,61,-0.0026,-0.0038
HID  62,62,-0.0202,-0.0147
GLN  63,63,-0.0032,-0.0040
ALA  64,64,-0.0024,-0.0064
ALA  65,65,-0.0050,-0.0081
ALA  66,66,-0.0029,-0.0031
GLN  67,67,-0.0033,-0.0042
MET  68,68,-0.0081,-0.0177
LEU  69,69,-0.0036,-0.0078
LYS  70,70,-0.0931,-0.0025
GLU  71,71,0.1160,-0.0039
THR  72,72,0.0015,-0.0062
ILE  73,73,-0.0000,-0.0028
ASN  74,74,-0.0030,-0.0013
GLU  75,75,0.1379,-0.0030
GLU  76,76,0.1486,-0.0034
ALA  77,77,-0.0006,-0.0007
ALA  78,78,-0.0021,-0.0005
GLU  79,79,0.1408,-0.0016
TRP  80,80,-0.0006,-0.0010
ASP  81,81,0.0992,-0.0004
ARG  82,82,-0.1264,-0.0009
LEU  83,83,-0.0027,-0.0008
HID  84,84,0.0013,-0.0003
PRO  85,85,0.0004,-0.0002
VAL  86,86,-0.0004,-0.0002
HID  87,87,0.0015,-0.0001
ALA  88,88,0.0003,0.0000
GLY  89,89,0.0010,-0.0000
PRO  90,90,-0.0003,-0.0001
ILE  91,91,-0.0011,-0.0001
ALA  92,92,0.0016,0.0000
PRO  93,93,0.0006,0.0000
GLY  94,94,0.0009,-0.0000
GLN  95,95,0.0008,-0.0002
MET  96,96,0.0007,-0.0001
ARG  97,97,-0.0848,-0.0002
GLU  98,98,0.0913,-0.0002
PRO  99,99,0.0006,-0.0003
ARG 100,100,-0.0987,-0.0005
GLY 101,101,-0.0008,-0.0001
SER 102,102,-0.0002,-0.0001
ASP 103,103,0.0917,-0.0002
ILE 104,104,-0.0028,-0.0009
ALA 105,105,-0.0016,-0.0006
GLY 106,106,-0.0010,0.0000
THR 107,107,-0.0012,-0.0005
THR 108,108,-0.0000,-0.0002
SER 109,109,-0.0002,-0.0002
THR 110,110,0.0003,-0.0001
LEU 111,111,0.0003,-0.0002
GLN 112,112,-0.0002,0.0000
GLU 113,113,0.0811,-0.0002
GLN 114,114,0.0007,-0.0003
ILE 115,115,0.0007,-0.0003
GLY 116,116,-0.0004,-0.0001
TRP 117,117,-0.0005,-0.0004
MET 118,118,-0.0008,-0.0003
THR 119,119,-0.0007,-0.0001
HID 120,120,-0.0011,-0.0003
ASN 121,121,0.0003,-0.0003
PRO 122,122,-0.0010,-0.0002
PRO 123,123,0.0008,-0.0005
ILE 124,124,-0.0005,-0.0003
PRO 125,125,-0.0002,-0.0006
VAL 126,126,0.0004,-0.0004
GLY 127,127,-0.0012,-0.0005
GLU 128,128,0.0906,-0.0017
ILE 129,129,-0.0010,-0.0018
TYR 130,130,-0.0028,-0.0026
LYS 131,131,-0.0936,-0.0042
ARG 132,132,-0.1387,-0.0113
TRP 133,133,-0.0095,-0.0060
ILE 134,134,-0.0170,-0.0085
ILE 135,135,-0.0556,-0.0378
LEU 136,136,-0.0380,-0.0363
GLY 137,137,-0.0199,-0.0145
LEU 138,138,-0.1141,-0.0679
ASN 139,139,0.1170,-0.5364
LYS 140,140,-0.2504,-0.0950
ILE 141,141,-0.0782,-0.1018
VAL 142,142,-1.3838,-1.7919
ARG 143,143,-11.7613,-2.2062
MET 144,144,-0.1046,-0.1231
TYR 145,145,-0.2717,-0.5279
SER 146,146,-0.4306,-2.5078
PRO 147,147,-0.4034,-0.4180
THR 148,148,0.6732,-2.5690
SER 149,149,-5.1994,-3.3032
ILE 150,150,-12.9463,-9.3244
LEU 151,151,-5.7321,-2.1604
ASP 152,152,-0.5000,-2.1701
ILE 153,153,-2.4984,-2.4396
ARG 154,154,-0.9220,-0.2535
GLN 155,155,-0.0250,-0.0296
GLY 156,156,-0.0015,-0.0095
PRO 157,157,-0.0072,-0.0068
LYS 158,158,-0.0838,-0.0045
GLU 159,159,0.1283,-0.0250
PRO 160,160,0.0068,-0.0078
PHE 161,161,0.0097,-0.0128
ARG 162,162,-0.1139,-0.0148
ASP 163,163,0.1188,-0.0266
TYR 164,164,0.0406,-0.0959
VAL 165,165,-0.0022,-0.0414
ASP 166,166,0.1590,-0.1085
ARG 167,167,-0.0614,-0.5899
PHE 168,168,-1.0205,-1.2787
TYR 169,169,-0.3949,-0.3873
LYS 170,170,-1.2150,-1.4842
THR 171,171,-2.3445,-3.4096
LEU 172,172,-1.2659,-1.2211
ARG 173,173,-10.3119,-1.5586
ALA 174,174,-2.2475,-2.9594
GLU 175,175,5.6654,-1.6931
GLN 176,176,-0.3922,-1.2682
ALA 177,177,-0.0678,-0.1054
SER 178,178,-0.0371,-0.0282
GLN 179,179,-0.0187,-0.0267
GLU 180,180,0.1150,-0.0129
VAL 181,181,-0.0545,-0.0679
LYS 182,182,-0.2514,-0.1093
ASN 183,183,-0.0084,-0.0172
TRP 184,184,-0.0385,-0.0694
MET 185,185,-0.6689,-0.8546
THR 186,186,-0.0307,-0.0548
GLU 187,187,0.0865,-0.0128
THR 188,188,-0.0617,-0.0240
LEU 189,189,-0.8277,-0.8256
LEU 190,190,-0.0308,-0.0955
VAL 191,191,0.0017,-0.0143
GLN 192,192,-0.1060,-0.0281
ASN 193,193,-1.1946,-0.2509
ALA 194,194,-0.0126,-0.0106
ASN 195,195,0.0032,-0.0064
PRO 196,196,-0.0001,-0.0027
ASP 197,197,0.0728,-0.0015
CYX 198,198,-0.0046,-0.0027
LYS 199,199,-0.1217,-0.0053
THR 200,200,-0.0019,-0.0010
ILE 201,201,-0.0047,-0.0015
LEU 202,202,-0.0116,-0.0035
LYS 203,203,-0.0768,-0.0019
ALA 204,204,-0.0016,-0.0005
LEU 205,205,-0.0027,-0.0012
GLY 206,206,-0.0011,-0.0008
PRO 207,207,-0.0030,-0.0010
GLY 208,208,-0.0023,-0.0009
ALA 209,209,0.0017,-0.0014
THR 210,210,-0.0019,-0.0025
LEU 211,211,-0.0119,-0.0113
GLU 212,212,0.0798,-0.0043
GLU 213,213,0.0454,-0.0017
MET 214,214,-0.0051,-0.0052
MET 215,215,-0.0082,-0.0070
THR 216,216,-0.0033,-0.0012
ALA 217,217,-0.0052,-0.0009
CYX 218,218,-0.0041,-0.0024
GLN 219,219,0.0006,-0.0026
GLY 220,220,-0.0028,-0.0018
VAL 221,221,0.0627,-0.0022
