Residue Name,Residue Number,Binding Free Energy (kcal/mol),VDW Energy (kcal/mol)
PRO   1,1,-0.0796,-0.0008
ILE   2,2,-0.0005,-0.0006
VAL   3,3,0.0000,-0.0006
GLN   4,4,-0.0007,-0.0004
ASN   5,5,0.0012,-0.0002
LEU   6,6,0.0002,-0.0003
GLN   7,7,0.0001,-0.0001
GLY   8,8,0.0003,-0.0001
GLN   9,9,-0.0002,-0.0002
MET  10,10,-0.0010,-0.0002
VAL  11,11,0.0003,-0.0002
HID  12,12,-0.0003,-0.0002
GLN  13,13,-0.0001,-0.0004
ALA  14,14,-0.0003,-0.0005
ILE  15,15,-0.0011,-0.0010
SER  16,16,-0.0022,-0.0002
PRO  17,17,-0.0016,-0.0007
ARG  18,18,-0.0656,-0.0016
THR  19,19,-0.0062,-0.0017
LEU  20,20,-0.0045,-0.0017
ASN  21,21,-0.0020,-0.0017
ALA  22,22,-0.0070,-0.0028
TRP  23,23,-0.0256,-0.0108
VAL  24,24,-0.0071,-0.0031
LYS  25,25,-0.0529,-0.0070
VAL  26,26,-0.0282,-0.0186
VAL  27,27,-0.0117,-0.0106
GLU  28,28,0.0486,-0.0072
GLU  29,29,0.0256,-0.0143
LYS  30,30,0.1774,-0.0952
ALA  31,31,-0.0340,-0.0344
PHE  32,32,-0.1433,-0.0917
SER  33,33,-0.7322,-0.5186
PRO  34,34,-2.0422,-2.8469
GLU  35,35,2.1644,-0.5211
VAL  36,36,-0.0058,-0.0825
ILE  37,37,-0.3464,-0.4484
PRO  38,38,-0.1057,-0.1481
MET  39,39,0.0029,-0.0284
PHE  40,40,0.0056,-0.0203
SER  41,41,0.0110,-0.0166
ALA  42,42,0.0057,-0.0056
LEU  43,43,0.0060,-0.0051
SER  44,44,0.0057,-0.0034
GLU  45,45,0.0581,-0.0028
GLY  46,46,-0.0008,-0.0008
ALA  47,47,0.0010,-0.0011
THR  48,48,-0.0030,-0.0007
PRO  49,49,-0.0026,-0.0008
GLN  50,50,-0.0014,-0.0006
ASP  51,51,0.0763,-0.0008
LEU  52,52,-0.0035,-0.0023
ASN  53,53,-0.0013,-0.0008
THR  54,54,-0.0009,-0.0007
MET  55,55,-0.0042,-0.0029
LEU  56,56,-0.0043,-0.0027
ASN  57,57,-0.0005,-0.0010
THR  58,58,0.0009,-0.0016
VAL  59,59,-0.0032,-0.0037
ALA  60,60,0.0001,-0.0009
PRO  61,61,-0.0001,-0.0012
HID  62,62,-0.0077,-0.0049
GLN  63,63,0.0002,-0.0020
ALA  64,64,0.0017,-0.0029
ALA  65,65,-0.0031,-0.0046
ALA  66,66,-0.0019,-0.0022
GLN  67,67,-0.0051,-0.0029
MET  68,68,-0.0146,-0.0143
LEU  69,69,0.0003,-0.0088
LYS  70,70,-0.0984,-0.0024
GLU  71,71,0.1366,-0.0031
THR  72,72,0.0051,-0.0084
ILE  73,73,0.0008,-0.0038
ASN  74,74,-0.0047,-0.0015
GLU  75,75,0.1515,-0.0030
GLU  76,76,0.1844,-0.0063
ALA  77,77,-0.0004,-0.0008
ALA  78,78,-0.0031,-0.0008
GLU  79,79,0.1604,-0.0024
TRP  80,80,-0.0016,-0.0022
ASP  81,81,0.1014,-0.0004
ARG  82,82,-0.1323,-0.0010
LEU  83,83,-0.0037,-0.0012
HID  84,84,-0.0015,-0.0009
PRO  85,85,0.0000,-0.0002
VAL  86,86,0.0002,-0.0002
HID  87,87,-0.0001,-0.0002
ALA  88,88,-0.0005,-0.0001
GLY  89,89,0.0007,0.0000
PRO  90,90,0.0006,-0.0001
ILE  91,91,-0.0012,-0.0001
ALA  92,92,0.0005,-0.0000
PRO  93,93,0.0009,-0.0001
GLY  94,94,0.0008,0.0000
GLN  95,95,-0.0008,-0.0002
MET  96,96,0.0000,-0.0002
ARG  97,97,-0.0901,-0.0003
GLU  98,98,0.0991,-0.0001
PRO  99,99,0.0007,-0.0002
ARG 100,100,-0.0947,-0.0008
GLY 101,101,-0.0010,-0.0004
SER 102,102,-0.0005,-0.0004
ASP 103,103,0.0886,-0.0005
ILE 104,104,-0.0038,-0.0013
ALA 105,105,-0.0016,-0.0007
GLY 106,106,-0.0011,-0.0003
THR 107,107,-0.0016,-0.0002
THR 108,108,-0.0003,-0.0004
SER 109,109,-0.0009,-0.0003
THR 110,110,0.0011,-0.0001
LEU 111,111,0.0008,-0.0003
GLN 112,112,0.0016,-0.0001
GLU 113,113,0.0890,-0.0001
GLN 114,114,0.0004,-0.0004
ILE 115,115,0.0005,-0.0004
GLY 116,116,-0.0001,-0.0002
TRP 117,117,-0.0004,-0.0008
MET 118,118,-0.0009,-0.0007
THR 119,119,-0.0009,-0.0002
HID 120,120,-0.0007,-0.0001
ASN 121,121,0.0002,-0.0002
PRO 122,122,-0.0010,-0.0005
PRO 123,123,0.0010,-0.0005
ILE 124,124,-0.0017,-0.0006
PRO 125,125,-0.0019,-0.0012
VAL 126,126,-0.0007,-0.0009
GLY 127,127,-0.0039,-0.0010
GLU 128,128,0.0722,-0.0041
ILE 129,129,-0.0029,-0.0035
TYR 130,130,-0.0064,-0.0042
LYS 131,131,-0.0795,-0.0102
ARG 132,132,-0.1456,-0.0239
TRP 133,133,-0.0218,-0.0126
ILE 134,134,-0.0388,-0.0160
ILE 135,135,-0.3036,-0.2260
LEU 136,136,-0.1463,-0.1353
GLY 137,137,-0.0205,-0.0214
LEU 138,138,-0.1162,-0.0850
ASN 139,139,-0.8634,-1.3803
LYS 140,140,-0.2953,-0.1109
ILE 141,141,0.0002,-0.0682
VAL 142,142,-0.6188,-0.9505
ARG 143,143,-8.4975,-1.9873
MET 144,144,-0.0301,-0.0732
TYR 145,145,-0.0962,-0.1122
SER 146,146,0.2152,-0.7392
PRO 147,147,-0.3181,-0.5665
THR 148,148,0.1340,-2.7325
SER 149,149,-3.9012,-2.6112
ILE 150,150,-8.8953,-7.8403
LEU 151,151,-5.5803,-2.0656
ASP 152,152,-0.9424,-2.0851
ILE 153,153,-2.5087,-2.4537
ARG 154,154,-0.3226,-0.1749
GLN 155,155,-0.0093,-0.0293
GLY 156,156,-0.0076,-0.0101
PRO 157,157,-0.0081,-0.0067
LYS 158,158,-0.1400,-0.0045
GLU 159,159,0.0141,-0.0263
PRO 160,160,-0.0094,-0.0076
PHE 161,161,-0.0140,-0.0120
ARG 162,162,-0.1163,-0.0179
ASP 163,163,0.0703,-0.0266
TYR 164,164,-0.0674,-0.0878
VAL 165,165,-0.0654,-0.0375
ASP 166,166,-0.1987,-0.1220
ARG 167,167,1.0382,-0.5787
PHE 168,168,-0.8484,-0.8928
TYR 169,169,-0.3340,-0.2083
LYS 170,170,-1.1202,-2.0773
THR 171,171,-1.3878,-2.4642
LEU 172,172,-0.9381,-0.9802
ARG 173,173,0.7410,-1.8931
ALA 174,174,-2.8001,-2.9771
GLU 175,175,4.7866,-1.4033
GLN 176,176,0.0139,-2.0412
ALA 177,177,-0.1074,-0.1321
SER 178,178,-0.0570,-0.0329
GLN 179,179,-0.0328,-0.0300
GLU 180,180,0.1318,-0.0129
VAL 181,181,-0.0353,-0.0674
LYS 182,182,-0.0880,-0.0590
ASN 183,183,-0.0102,-0.0131
TRP 184,184,-0.0279,-0.0468
MET 185,185,-0.4761,-0.7623
THR 186,186,-0.0047,-0.0255
GLU 187,187,0.1283,-0.0084
THR 188,188,-0.0240,-0.0193
LEU 189,189,-0.7060,-0.6395
LEU 190,190,-0.0262,-0.0637
VAL 191,191,-0.0057,-0.0108
GLN 192,192,-0.0699,-0.0211
ASN 193,193,-0.3470,-0.0921
ALA 194,194,-0.0036,-0.0081
ASN 195,195,0.0043,-0.0055
PRO 196,196,-0.0009,-0.0021
ASP 197,197,0.1266,-0.0014
CYX 198,198,-0.0050,-0.0024
LYS 199,199,-0.1770,-0.0043
THR 200,200,-0.0024,-0.0009
ILE 201,201,-0.0034,-0.0012
LEU 202,202,-0.0072,-0.0030
LYS 203,203,-0.1295,-0.0016
ALA 204,204,-0.0030,-0.0006
LEU 205,205,-0.0041,-0.0012
GLY 206,206,0.0019,-0.0007
PRO 207,207,-0.0036,-0.0010
GLY 208,208,-0.0033,-0.0007
ALA 209,209,0.0005,-0.0013
THR 210,210,-0.0010,-0.0022
LEU 211,211,-0.0066,-0.0086
GLU 212,212,0.0775,-0.0029
GLU 213,213,0.0921,-0.0017
MET 214,214,-0.0057,-0.0046
MET 215,215,0.0005,-0.0061
THR 216,216,0.0011,-0.0014
ALA 217,217,-0.0028,-0.0010
CYX 218,218,-0.0003,-0.0017
GLN 219,219,0.0021,-0.0031
GLY 220,220,-0.0036,-0.0007
VAL 221,221,0.0839,-0.0008
