Residue Name,Residue Number,Binding Free Energy (kcal/mol),VDW Energy (kcal/mol)
PRO   1,1,-0.0657,-0.0005
ILE   2,2,-0.0009,-0.0003
VAL   3,3,-0.0012,-0.0003
GLN   4,4,-0.0018,-0.0005
ASN   5,5,0.0017,-0.0001
LEU   6,6,0.0003,-0.0002
GLN   7,7,-0.0003,-0.0003
GLY   8,8,0.0009,-0.0000
GLN   9,9,-0.0002,-0.0001
MET  10,10,-0.0007,-0.0002
VAL  11,11,0.0000,-0.0003
HID  12,12,-0.0012,-0.0002
GLN  13,13,0.0004,-0.0002
ALA  14,14,-0.0003,-0.0006
ILE  15,15,-0.0012,-0.0008
SER  16,16,-0.0021,-0.0004
PRO  17,17,-0.0018,-0.0007
ARG  18,18,-0.0687,-0.0018
THR  19,19,-0.0036,-0.0019
LEU  20,20,-0.0036,-0.0016
ASN  21,21,-0.0039,-0.0024
ALA  22,22,-0.0099,-0.0037
TRP  23,23,-0.0209,-0.0106
VAL  24,24,-0.0115,-0.0051
LYS  25,25,-0.0506,-0.0159
VAL  26,26,-0.0755,-0.0322
VAL  27,27,-0.0500,-0.0218
GLU  28,28,-0.0377,-0.0340
GLU  29,29,-0.1121,-0.1028
LYS  30,30,0.6434,-0.6917
ALA  31,31,-0.1668,-0.1980
PHE  32,32,-0.0562,-0.0866
SER  33,33,-0.0372,-0.7414
PRO  34,34,-1.2682,-1.9597
GLU  35,35,5.1409,-1.5373
VAL  36,36,-0.0871,-0.1117
ILE  37,37,-0.2235,-0.1542
PRO  38,38,-0.4416,-0.3593
MET  39,39,-0.0695,-0.0517
PHE  40,40,-0.0257,-0.0155
SER  41,41,-0.0190,-0.0103
ALA  42,42,-0.0060,-0.0058
LEU  43,43,-0.0075,-0.0062
SER  44,44,-0.0013,-0.0025
GLU  45,45,0.0785,-0.0023
GLY  46,46,-0.0015,-0.0005
ALA  47,47,0.0008,-0.0005
THR  48,48,-0.0018,-0.0005
PRO  49,49,-0.0014,-0.0003
GLN  50,50,-0.0004,-0.0004
ASP  51,51,0.0619,-0.0006
LEU  52,52,-0.0029,-0.0016
ASN  53,53,-0.0032,-0.0008
THR  54,54,-0.0026,-0.0006
MET  55,55,-0.0043,-0.0023
LEU  56,56,-0.0033,-0.0019
ASN  57,57,-0.0013,-0.0009
THR  58,58,-0.0020,-0.0014
VAL  59,59,-0.0052,-0.0033
ALA  60,60,-0.0009,-0.0011
PRO  61,61,-0.0020,-0.0019
HID  62,62,-0.0031,-0.0065
GLN  63,63,-0.0030,-0.0045
ALA  64,64,0.0022,-0.0029
ALA  65,65,0.0018,-0.0042
ALA  66,66,-0.0006,-0.0018
GLN  67,67,-0.0005,-0.0019
MET  68,68,-0.0019,-0.0050
LEU  69,69,-0.0002,-0.0041
LYS  70,70,-0.0488,-0.0015
GLU  71,71,0.0645,-0.0014
THR  72,72,0.0003,-0.0020
ILE  73,73,-0.0000,-0.0014
ASN  74,74,-0.0043,-0.0008
GLU  75,75,0.0650,-0.0009
GLU  76,76,0.0876,-0.0012
ALA  77,77,-0.0009,-0.0004
ALA  78,78,-0.0016,-0.0003
GLU  79,79,0.0657,-0.0005
TRP  80,80,0.0012,-0.0005
ASP  81,81,0.0521,-0.0002
ARG  82,82,-0.0571,-0.0005
LEU  83,83,-0.0004,-0.0004
HID  84,84,0.0006,-0.0003
PRO  85,85,0.0008,-0.0001
VAL  86,86,0.0003,-0.0001
HID  87,87,-0.0004,-0.0000
ALA  88,88,-0.0006,-0.0001
GLY  89,89,0.0011,0.0000
PRO  90,90,-0.0008,-0.0001
ILE  91,91,-0.0003,-0.0002
ALA  92,92,0.0001,-0.0001
PRO  93,93,0.0003,0.0000
GLY  94,94,0.0005,0.0000
GLN  95,95,-0.0010,-0.0001
MET  96,96,-0.0008,-0.0000
ARG  97,97,-0.0508,-0.0002
GLU  98,98,0.0559,-0.0001
PRO  99,99,-0.0004,-0.0002
ARG 100,100,-0.0540,-0.0002
GLY 101,101,0.0013,-0.0001
SER 102,102,0.0001,-0.0003
ASP 103,103,0.0549,-0.0000
ILE 104,104,-0.0006,-0.0003
ALA 105,105,-0.0017,-0.0004
GLY 106,106,-0.0008,-0.0001
THR 107,107,0.0000,-0.0002
THR 108,108,-0.0003,-0.0001
SER 109,109,-0.0012,-0.0003
THR 110,110,0.0011,-0.0001
LEU 111,111,0.0009,-0.0003
GLN 112,112,0.0006,-0.0002
GLU 113,113,0.0501,-0.0001
GLN 114,114,0.0027,-0.0002
ILE 115,115,0.0017,-0.0001
GLY 116,116,0.0015,-0.0001
TRP 117,117,0.0011,-0.0004
MET 118,118,0.0003,-0.0003
THR 119,119,0.0009,-0.0001
HID 120,120,-0.0006,-0.0001
ASN 121,121,-0.0002,-0.0001
PRO 122,122,-0.0020,-0.0002
PRO 123,123,0.0014,-0.0001
ILE 124,124,-0.0020,-0.0003
PRO 125,125,0.0001,-0.0003
VAL 126,126,0.0006,-0.0004
GLY 127,127,-0.0003,-0.0004
GLU 128,128,0.0930,-0.0016
ILE 129,129,0.0015,-0.0011
TYR 130,130,0.0001,-0.0018
LYS 131,131,-0.0919,-0.0035
ARG 132,132,-0.1206,-0.0044
TRP 133,133,-0.0028,-0.0027
ILE 134,134,-0.0049,-0.0046
ILE 135,135,-0.0146,-0.0176
LEU 136,136,-0.0052,-0.0079
GLY 137,137,-0.0054,-0.0040
LEU 138,138,-0.0344,-0.0226
ASN 139,139,-0.0362,-0.0409
LYS 140,140,-0.1046,-0.0118
ILE 141,141,-0.0291,-0.0245
VAL 142,142,-0.1584,-0.1457
ARG 143,143,-0.2173,-0.0413
MET 144,144,-0.0205,-0.0242
TYR 145,145,-0.1576,-0.1749
SER 146,146,-0.1010,-0.1203
PRO 147,147,-0.4087,-0.6737
THR 148,148,-1.1628,-2.7135
SER 149,149,-3.2129,-3.3786
ILE 150,150,-9.7391,-7.9176
LEU 151,151,-6.0408,-2.2857
ASP 152,152,-1.3297,-2.1848
ILE 153,153,-2.2812,-2.2443
ARG 154,154,-0.4264,-0.2008
GLN 155,155,-0.0182,-0.0238
GLY 156,156,-0.0044,-0.0079
PRO 157,157,-0.0070,-0.0056
LYS 158,158,-0.1134,-0.0040
GLU 159,159,0.1321,-0.0200
PRO 160,160,0.0055,-0.0063
PHE 161,161,0.0082,-0.0105
ARG 162,162,-0.1193,-0.0112
ASP 163,163,0.1243,-0.0183
TYR 164,164,-0.0082,-0.0773
VAL 165,165,-0.0181,-0.0300
ASP 166,166,0.0976,-0.0608
ARG 167,167,-0.2498,-0.3984
PHE 168,168,-0.8098,-0.8314
TYR 169,169,-0.1301,-0.1619
LYS 170,170,-0.3126,-0.8595
THR 171,171,-1.5012,-2.1537
LEU 172,172,-0.7914,-0.9266
ARG 173,173,-8.5972,-1.5759
ALA 174,174,-1.0296,-1.7176
GLU 175,175,0.9084,-1.2869
GLN 176,176,-0.9402,-2.2299
ALA 177,177,-0.0046,-0.1625
SER 178,178,-0.0298,-0.0460
GLN 179,179,-0.0253,-0.0299
GLU 180,180,0.0895,-0.0134
VAL 181,181,-0.0868,-0.0922
LYS 182,182,-0.1964,-0.0760
ASN 183,183,-0.0039,-0.0136
TRP 184,184,-0.0315,-0.0514
MET 185,185,-0.4439,-0.7478
THR 186,186,-0.0037,-0.0253
GLU 187,187,0.0816,-0.0083
THR 188,188,-0.0237,-0.0204
LEU 189,189,-0.7041,-0.6388
LEU 190,190,-0.0041,-0.0647
VAL 191,191,-0.0098,-0.0110
GLN 192,192,-0.0866,-0.0202
ASN 193,193,-0.9078,-0.1692
ALA 194,194,-0.0086,-0.0087
ASN 195,195,-0.0043,-0.0045
PRO 196,196,-0.0020,-0.0020
ASP 197,197,0.0849,-0.0013
CYX 198,198,-0.0072,-0.0022
LYS 199,199,-0.1339,-0.0042
THR 200,200,-0.0044,-0.0008
ILE 201,201,-0.0052,-0.0011
LEU 202,202,-0.0056,-0.0019
LYS 203,203,-0.0747,-0.0009
ALA 204,204,-0.0019,-0.0002
LEU 205,205,-0.0028,-0.0007
GLY 206,206,0.0011,-0.0004
PRO 207,207,-0.0010,-0.0005
GLY 208,208,-0.0014,-0.0005
ALA 209,209,0.0011,-0.0009
THR 210,210,-0.0000,-0.0014
LEU 211,211,-0.0047,-0.0056
GLU 212,212,0.0717,-0.0023
GLU 213,213,0.0652,-0.0012
MET 214,214,-0.0040,-0.0030
MET 215,215,-0.0032,-0.0048
THR 216,216,-0.0011,-0.0012
ALA 217,217,-0.0027,-0.0007
CYX 218,218,-0.0045,-0.0019
GLN 219,219,0.0031,-0.0030
GLY 220,220,0.0009,-0.0008
VAL 221,221,0.0909,-0.0010
