Residue Name,Residue Number,Binding Free Energy (kcal/mol),VDW Energy (kcal/mol)
PRO   1,1,-0.0701,-0.0003
ILE   2,2,0.0000,-0.0002
VAL   3,3,0.0003,-0.0001
GLN   4,4,-0.0003,-0.0001
ASN   5,5,0.0011,0.0000
LEU   6,6,0.0002,-0.0001
GLN   7,7,0.0004,-0.0001
GLY   8,8,0.0003,0.0000
GLN   9,9,-0.0002,-0.0001
MET  10,10,-0.0009,-0.0002
VAL  11,11,0.0005,-0.0001
HID  12,12,0.0001,-0.0000
GLN  13,13,0.0006,-0.0002
ALA  14,14,0.0011,-0.0003
ILE  15,15,-0.0017,-0.0007
SER  16,16,-0.0019,-0.0002
PRO  17,17,-0.0017,-0.0004
ARG  18,18,-0.0640,-0.0008
THR  19,19,-0.0019,-0.0010
LEU  20,20,-0.0024,-0.0011
ASN  21,21,-0.0052,-0.0015
ALA  22,22,-0.0060,-0.0014
TRP  23,23,-0.0219,-0.0078
VAL  24,24,-0.0138,-0.0036
LYS  25,25,-0.0466,-0.0066
VAL  26,26,-0.0795,-0.0162
VAL  27,27,-0.0628,-0.0212
GLU  28,28,-0.0705,-0.0303
GLU  29,29,-0.1817,-0.1023
LYS  30,30,0.3347,-0.3038
ALA  31,31,-1.0101,-0.3500
PHE  32,32,-0.1010,-0.7045
SER  33,33,-0.1478,-1.2442
PRO  34,34,-2.0273,-1.8902
GLU  35,35,1.0296,-0.6488
VAL  36,36,-0.0475,-0.0600
ILE  37,37,-0.0636,-0.0445
PRO  38,38,-0.0291,-0.0226
MET  39,39,-0.0127,-0.0149
PHE  40,40,-0.0087,-0.0071
SER  41,41,-0.0092,-0.0029
ALA  42,42,-0.0036,-0.0019
LEU  43,43,-0.0039,-0.0027
SER  44,44,-0.0009,-0.0012
GLU  45,45,0.0877,-0.0011
GLY  46,46,-0.0010,-0.0002
ALA  47,47,-0.0000,-0.0005
THR  48,48,-0.0006,-0.0004
PRO  49,49,-0.0009,-0.0004
GLN  50,50,-0.0017,-0.0004
ASP  51,51,0.0648,-0.0004
LEU  52,52,-0.0005,-0.0010
ASN  53,53,0.0003,-0.0006
THR  54,54,-0.0043,-0.0006
MET  55,55,-0.0058,-0.0019
LEU  56,56,-0.0056,-0.0021
ASN  57,57,-0.0013,-0.0010
THR  58,58,-0.0051,-0.0014
VAL  59,59,-0.0089,-0.0038
ALA  60,60,-0.0016,-0.0014
PRO  61,61,-0.0039,-0.0023
HID  62,62,0.0030,-0.0111
GLN  63,63,-0.0006,-0.0045
ALA  64,64,0.0052,-0.0086
ALA  65,65,0.0046,-0.0098
ALA  66,66,0.0012,-0.0033
GLN  67,67,-0.0017,-0.0045
MET  68,68,-0.0086,-0.0182
LEU  69,69,-0.0025,-0.0066
LYS  70,70,-0.0619,-0.0022
GLU  71,71,0.0702,-0.0033
THR  72,72,-0.0010,-0.0045
ILE  73,73,-0.0009,-0.0021
ASN  74,74,-0.0008,-0.0010
GLU  75,75,0.0903,-0.0021
GLU  76,76,0.1142,-0.0022
ALA  77,77,-0.0008,-0.0006
ALA  78,78,-0.0011,-0.0006
GLU  79,79,0.0970,-0.0012
TRP  80,80,0.0005,-0.0007
ASP  81,81,0.0705,-0.0002
ARG  82,82,-0.0959,-0.0008
LEU  83,83,-0.0013,-0.0005
HID  84,84,-0.0012,-0.0003
PRO  85,85,0.0006,-0.0002
VAL  86,86,-0.0000,-0.0002
HID  87,87,0.0009,-0.0000
ALA  88,88,0.0006,-0.0000
GLY  89,89,0.0006,0.0000
PRO  90,90,0.0006,-0.0001
ILE  91,91,-0.0010,-0.0001
ALA  92,92,0.0006,-0.0001
PRO  93,93,0.0004,-0.0000
GLY  94,94,-0.0007,0.0000
GLN  95,95,-0.0002,-0.0001
MET  96,96,0.0003,-0.0001
ARG  97,97,-0.0694,-0.0001
GLU  98,98,0.0754,-0.0000
PRO  99,99,0.0000,-0.0001
ARG 100,100,-0.0697,-0.0003
GLY 101,101,0.0007,-0.0002
SER 102,102,0.0002,-0.0003
ASP 103,103,0.0660,-0.0001
ILE 104,104,-0.0006,-0.0005
ALA 105,105,-0.0014,-0.0002
GLY 106,106,-0.0012,-0.0002
THR 107,107,-0.0009,-0.0002
THR 108,108,-0.0006,-0.0001
SER 109,109,-0.0022,-0.0001
THR 110,110,0.0014,-0.0002
LEU 111,111,0.0014,-0.0001
GLN 112,112,0.0010,-0.0001
GLU 113,113,0.0722,0.0000
GLN 114,114,0.0013,-0.0003
ILE 115,115,0.0002,-0.0001
GLY 116,116,-0.0000,-0.0000
TRP 117,117,-0.0002,-0.0003
MET 118,118,-0.0004,-0.0003
THR 119,119,-0.0005,-0.0000
HID 120,120,-0.0003,-0.0001
ASN 121,121,-0.0003,-0.0001
PRO 122,122,-0.0008,-0.0002
PRO 123,123,0.0003,-0.0001
ILE 124,124,-0.0009,-0.0002
PRO 125,125,0.0005,-0.0002
VAL 126,126,0.0009,-0.0002
GLY 127,127,0.0016,-0.0003
GLU 128,128,0.0959,-0.0011
ILE 129,129,0.0029,-0.0009
TYR 130,130,0.0036,-0.0014
LYS 131,131,-0.0912,-0.0023
ARG 132,132,-0.1181,-0.0035
TRP 133,133,0.0011,-0.0030
ILE 134,134,0.0006,-0.0047
ILE 135,135,0.0010,-0.0103
LEU 136,136,-0.0001,-0.0110
GLY 137,137,-0.0037,-0.0071
LEU 138,138,-0.0125,-0.0335
ASN 139,139,-0.0144,-0.0758
LYS 140,140,-0.1826,-0.0492
ILE 141,141,-0.1072,-0.1103
VAL 142,142,-0.3879,-1.2065
ARG 143,143,-10.8333,-1.4509
MET 144,144,-0.1369,-0.2323
TYR 145,145,-2.0907,-2.2192
SER 146,146,0.0788,-0.7373
PRO 147,147,-0.2711,-0.2453
THR 148,148,-0.5978,-2.3917
SER 149,149,-6.2969,-2.3327
ILE 150,150,-11.1558,-9.1113
LEU 151,151,-5.1864,-1.8234
ASP 152,152,-1.0787,-1.7879
ILE 153,153,-3.2559,-3.2605
ARG 154,154,-0.3225,-0.1891
GLN 155,155,-0.0132,-0.0243
GLY 156,156,0.0007,-0.0078
PRO 157,157,-0.0049,-0.0054
LYS 158,158,-0.0480,-0.0039
GLU 159,159,-0.0250,-0.0208
PRO 160,160,-0.0054,-0.0064
PHE 161,161,-0.0056,-0.0114
ARG 162,162,-0.0234,-0.0118
ASP 163,163,-0.0385,-0.0244
TYR 164,164,-0.0448,-0.0901
VAL 165,165,-0.0476,-0.0380
ASP 166,166,-0.2300,-0.1310
ARG 167,167,0.2256,-0.5042
PHE 168,168,-1.2442,-1.1726
TYR 169,169,-0.1961,-0.1866
LYS 170,170,-1.0060,-1.9379
THR 171,171,-1.6764,-2.5386
LEU 172,172,-1.1587,-1.1454
ARG 173,173,-0.9597,-2.4025
ALA 174,174,-0.2352,-2.8552
GLU 175,175,1.1393,-1.1826
GLN 176,176,-1.8493,-2.2884
ALA 177,177,-0.1026,-0.1425
SER 178,178,-0.0575,-0.0412
GLN 179,179,-0.0296,-0.0299
GLU 180,180,0.0677,-0.0140
VAL 181,181,-0.0576,-0.0680
LYS 182,182,-0.1531,-0.0843
ASN 183,183,-0.0107,-0.0134
TRP 184,184,-0.0330,-0.0435
MET 185,185,-0.4671,-0.6770
THR 186,186,-0.0110,-0.0290
GLU 187,187,0.0143,-0.0085
THR 188,188,-0.0193,-0.0187
LEU 189,189,-0.7910,-0.7382
LEU 190,190,-0.0303,-0.0715
VAL 191,191,-0.0004,-0.0109
GLN 192,192,-0.0784,-0.0221
ASN 193,193,-0.7069,-0.1277
ALA 194,194,-0.0106,-0.0084
ASN 195,195,-0.0004,-0.0050
PRO 196,196,-0.0021,-0.0022
ASP 197,197,0.0231,-0.0012
CYX 198,198,-0.0037,-0.0021
LYS 199,199,-0.0336,-0.0041
THR 200,200,-0.0018,-0.0009
ILE 201,201,-0.0028,-0.0011
LEU 202,202,-0.0045,-0.0024
LYS 203,203,-0.0176,-0.0010
ALA 204,204,-0.0005,-0.0002
LEU 205,205,-0.0022,-0.0009
GLY 206,206,0.0007,-0.0005
PRO 207,207,0.0001,-0.0011
GLY 208,208,-0.0002,-0.0005
ALA 209,209,-0.0007,-0.0010
THR 210,210,-0.0005,-0.0018
LEU 211,211,-0.0051,-0.0075
GLU 212,212,0.0046,-0.0022
GLU 213,213,0.0171,-0.0013
MET 214,214,-0.0021,-0.0040
MET 215,215,-0.0061,-0.0051
THR 216,216,-0.0020,-0.0011
ALA 217,217,-0.0008,-0.0008
CYX 218,218,-0.0058,-0.0018
GLN 219,219,0.0030,-0.0014
GLY 220,220,-0.0013,-0.0009
VAL 221,221,0.0307,-0.0018
