Residue Name,Residue Number,Binding Free Energy (kcal/mol),VDW Energy (kcal/mol)
PRO   1,1,-0.0595,-0.0003
ILE   2,2,0.0003,-0.0002
VAL   3,3,-0.0005,-0.0002
GLN   4,4,0.0005,-0.0001
ASN   5,5,0.0002,-0.0000
LEU   6,6,-0.0003,-0.0000
GLN   7,7,-0.0001,0.0000
GLY   8,8,-0.0002,-0.0000
GLN   9,9,0.0003,-0.0001
MET  10,10,-0.0002,-0.0002
VAL  11,11,0.0003,-0.0001
HID  12,12,-0.0003,-0.0001
GLN  13,13,-0.0007,-0.0002
ALA  14,14,0.0007,-0.0001
ILE  15,15,-0.0008,-0.0009
SER  16,16,-0.0021,-0.0006
PRO  17,17,-0.0031,-0.0012
ARG  18,18,-0.0663,-0.0023
THR  19,19,-0.0017,-0.0019
LEU  20,20,-0.0044,-0.0030
ASN  21,21,-0.0085,-0.0061
ALA  22,22,-0.0070,-0.0054
TRP  23,23,-0.0098,-0.0134
VAL  24,24,-0.0189,-0.0215
LYS  25,25,-0.0893,-0.0755
VAL  26,26,-0.0234,-0.0483
VAL  27,27,-0.0807,-0.0787
GLU  28,28,2.3195,-0.8365
GLU  29,29,2.3208,-1.1131
LYS  30,30,-0.3739,-0.7578
ALA  31,31,-0.6813,-0.7185
PHE  32,32,-0.0979,-0.1038
SER  33,33,-0.1402,-0.2281
PRO  34,34,-0.0607,-0.0478
GLU  35,35,1.9403,-0.4242
VAL  36,36,-0.0393,-0.0331
ILE  37,37,-0.0165,-0.0096
PRO  38,38,-0.0130,-0.0081
MET  39,39,-0.0146,-0.0119
PHE  40,40,-0.0074,-0.0049
SER  41,41,-0.0038,-0.0016
ALA  42,42,-0.0021,-0.0013
LEU  43,43,-0.0037,-0.0032
SER  44,44,-0.0017,-0.0009
GLU  45,45,0.0650,-0.0005
GLY  46,46,-0.0003,-0.0004
ALA  47,47,-0.0004,-0.0004
THR  48,48,-0.0007,-0.0004
PRO  49,49,-0.0009,-0.0005
GLN  50,50,-0.0018,-0.0005
ASP  51,51,0.0550,-0.0007
LEU  52,52,-0.0012,-0.0011
ASN  53,53,-0.0025,-0.0008
THR  54,54,-0.0025,-0.0011
MET  55,55,-0.0048,-0.0027
LEU  56,56,-0.0050,-0.0030
ASN  57,57,-0.0036,-0.0019
THR  58,58,-0.0077,-0.0040
VAL  59,59,-0.0171,-0.0101
ALA  60,60,-0.0067,-0.0049
PRO  61,61,-0.0205,-0.0144
HID  62,62,-0.0675,-0.0613
GLN  63,63,-0.1119,-0.1630
ALA  64,64,0.0005,-0.0274
ALA  65,65,-0.0067,-0.0251
ALA  66,66,0.0000,-0.0103
GLN  67,67,-0.0050,-0.0094
MET  68,68,-0.0038,-0.0091
LEU  69,69,-0.0056,-0.0064
LYS  70,70,-0.0399,-0.0030
GLU  71,71,0.0390,-0.0024
THR  72,72,-0.0008,-0.0018
ILE  73,73,-0.0009,-0.0012
ASN  74,74,-0.0001,-0.0008
GLU  75,75,0.0522,-0.0009
GLU  76,76,0.0555,-0.0007
ALA  77,77,-0.0008,-0.0003
ALA  78,78,-0.0007,-0.0004
GLU  79,79,0.0548,-0.0005
TRP  80,80,0.0005,-0.0005
ASP  81,81,0.0403,-0.0001
ARG  82,82,-0.0549,-0.0004
LEU  83,83,-0.0005,-0.0001
HID  84,84,-0.0002,-0.0001
PRO  85,85,0.0006,0.0000
VAL  86,86,0.0002,-0.0000
HID  87,87,-0.0003,-0.0001
ALA  88,88,0.0002,0.0000
GLY  89,89,0.0006,-0.0001
PRO  90,90,-0.0004,0.0000
ILE  91,91,-0.0015,-0.0001
ALA  92,92,0.0014,0.0000
PRO  93,93,0.0002,0.0000
GLY  94,94,0.0005,0.0000
GLN  95,95,0.0005,-0.0000
MET  96,96,-0.0007,-0.0001
ARG  97,97,-0.0579,-0.0002
GLU  98,98,0.0561,-0.0000
PRO  99,99,-0.0011,-0.0002
ARG 100,100,-0.0417,-0.0002
GLY 101,101,0.0012,0.0000
SER 102,102,0.0008,-0.0002
ASP 103,103,0.0500,-0.0002
ILE 104,104,0.0005,-0.0003
ALA 105,105,-0.0005,-0.0004
GLY 106,106,-0.0007,-0.0002
THR 107,107,0.0002,-0.0002
THR 108,108,0.0001,-0.0001
SER 109,109,-0.0009,-0.0002
THR 110,110,0.0009,0.0000
LEU 111,111,0.0002,-0.0002
GLN 112,112,0.0000,-0.0001
GLU 113,113,0.0608,-0.0001
GLN 114,114,0.0000,-0.0003
ILE 115,115,-0.0002,-0.0002
GLY 116,116,-0.0006,0.0000
TRP 117,117,-0.0011,-0.0002
MET 118,118,-0.0004,-0.0002
THR 119,119,-0.0004,-0.0001
HID 120,120,-0.0001,-0.0001
ASN 121,121,0.0003,-0.0000
PRO 122,122,-0.0001,-0.0001
PRO 123,123,-0.0001,0.0000
ILE 124,124,0.0001,-0.0001
PRO 125,125,0.0001,-0.0002
VAL 126,126,-0.0004,-0.0004
GLY 127,127,0.0000,-0.0003
GLU 128,128,0.0623,-0.0003
ILE 129,129,0.0008,-0.0003
TYR 130,130,0.0005,-0.0013
LYS 131,131,-0.0616,-0.0014
ARG 132,132,-0.0665,-0.0010
TRP 133,133,-0.0001,-0.0015
ILE 134,134,-0.0008,-0.0030
ILE 135,135,0.0007,-0.0034
LEU 136,136,0.0021,-0.0024
GLY 137,137,0.0003,-0.0026
LEU 138,138,-0.0042,-0.0132
ASN 139,139,0.0098,-0.0070
LYS 140,140,-0.0697,-0.0067
ILE 141,141,-0.0262,-0.0264
VAL 142,142,-0.0409,-0.0486
ARG 143,143,-0.1277,-0.0124
MET 144,144,-0.0206,-0.0134
TYR 145,145,-0.0486,-0.0668
SER 146,146,-0.0511,-0.0504
PRO 147,147,-0.2027,-0.1461
THR 148,148,-1.0589,-1.3097
SER 149,149,-3.7139,-2.5670
ILE 150,150,-12.4143,-9.3145
LEU 151,151,-6.4584,-2.1256
ASP 152,152,1.0892,-1.7497
ILE 153,153,-2.3784,-1.5164
ARG 154,154,-0.1819,-0.0877
GLN 155,155,-0.0118,-0.0162
GLY 156,156,-0.0006,-0.0045
PRO 157,157,-0.0048,-0.0036
LYS 158,158,-0.1078,-0.0031
GLU 159,159,0.1568,-0.0116
PRO 160,160,0.0049,-0.0047
PHE 161,161,0.0024,-0.0089
ARG 162,162,-0.1016,-0.0099
ASP 163,163,0.1078,-0.0135
TYR 164,164,0.0058,-0.0702
VAL 165,165,-0.0024,-0.0263
ASP 166,166,0.1782,-0.0493
ARG 167,167,-0.4266,-0.1544
PHE 168,168,-0.9102,-1.0802
TYR 169,169,-0.1545,-0.1684
LYS 170,170,-0.7816,-0.4164
THR 171,171,-1.0567,-1.7695
LEU 172,172,-1.1038,-1.1575
ARG 173,173,-4.7022,-1.8855
ALA 174,174,-0.5556,-0.7313
GLU 175,175,4.5044,-1.3631
GLN 176,176,-1.2719,-1.8051
ALA 177,177,-0.0922,-0.1120
SER 178,178,-0.0505,-0.0384
GLN 179,179,-0.0276,-0.0360
GLU 180,180,0.1028,-0.0130
VAL 181,181,-0.0717,-0.0577
LYS 182,182,-0.3276,-0.1167
ASN 183,183,-0.0087,-0.0165
TRP 184,184,-0.0402,-0.0511
MET 185,185,-0.5575,-0.7197
THR 186,186,-0.0405,-0.0482
GLU 187,187,0.0666,-0.0108
THR 188,188,-0.0193,-0.0220
LEU 189,189,-0.8409,-0.8060
LEU 190,190,-0.0108,-0.0684
VAL 191,191,-0.0056,-0.0106
GLN 192,192,-0.0583,-0.0167
ASN 193,193,-0.5519,-0.1173
ALA 194,194,-0.0109,-0.0070
ASN 195,195,-0.0076,-0.0039
PRO 196,196,-0.0031,-0.0019
ASP 197,197,0.0753,-0.0012
CYX 198,198,-0.0056,-0.0015
LYS 199,199,-0.0984,-0.0031
THR 200,200,-0.0024,-0.0007
ILE 201,201,-0.0038,-0.0008
LEU 202,202,-0.0040,-0.0014
LYS 203,203,-0.0646,-0.0007
ALA 204,204,-0.0013,-0.0002
LEU 205,205,-0.0027,-0.0006
GLY 206,206,0.0001,-0.0003
PRO 207,207,0.0001,-0.0006
GLY 208,208,0.0001,-0.0001
ALA 209,209,-0.0012,-0.0005
THR 210,210,0.0001,-0.0013
LEU 211,211,-0.0015,-0.0052
GLU 212,212,0.0632,-0.0023
GLU 213,213,0.0629,-0.0012
MET 214,214,-0.0028,-0.0027
MET 215,215,-0.0038,-0.0042
THR 216,216,-0.0010,-0.0010
ALA 217,217,-0.0014,-0.0009
CYX 218,218,-0.0007,-0.0018
GLN 219,219,-0.0006,-0.0018
GLY 220,220,-0.0012,-0.0008
VAL 221,221,0.0849,-0.0011
