Residue Name,Residue Number,Binding Free Energy (kcal/mol),VDW Energy (kcal/mol)
PRO   1,1,-0.0617,-0.0004
ILE   2,2,-0.0001,-0.0005
VAL   3,3,-0.0007,-0.0001
GLN   4,4,-0.0005,-0.0002
ASN   5,5,0.0006,0.0000
LEU   6,6,-0.0001,-0.0001
GLN   7,7,0.0009,0.0000
GLY   8,8,0.0001,-0.0001
GLN   9,9,-0.0004,-0.0001
MET  10,10,0.0003,-0.0001
VAL  11,11,-0.0003,-0.0001
HID  12,12,0.0009,-0.0003
GLN  13,13,-0.0015,-0.0002
ALA  14,14,0.0003,-0.0004
ILE  15,15,-0.0005,-0.0014
SER  16,16,-0.0046,-0.0011
PRO  17,17,-0.0049,-0.0018
ARG  18,18,-0.0843,-0.0041
THR  19,19,-0.0073,-0.0031
LEU  20,20,-0.0120,-0.0045
ASN  21,21,-0.0327,-0.0108
ALA  22,22,-0.0280,-0.0110
TRP  23,23,-0.0337,-0.0215
VAL  24,24,-0.0206,-0.0413
LYS  25,25,-0.1632,-0.2191
VAL  26,26,-0.0814,-0.1008
VAL  27,27,-0.0763,-0.1226
GLU  28,28,2.0674,-1.2033
GLU  29,29,2.9877,-1.9869
LYS  30,30,-1.0668,-1.3818
ALA  31,31,0.5188,-1.8262
PHE  32,32,-0.9659,-1.3419
SER  33,33,-0.3229,-1.3107
PRO  34,34,-0.5293,-0.5402
GLU  35,35,0.1457,-0.4577
VAL  36,36,-0.0785,-0.0655
ILE  37,37,-0.0311,-0.0237
PRO  38,38,-0.0267,-0.0235
MET  39,39,-0.0371,-0.0359
PHE  40,40,-0.0098,-0.0088
SER  41,41,-0.0053,-0.0033
ALA  42,42,-0.0021,-0.0030
LEU  43,43,-0.0050,-0.0067
SER  44,44,-0.0021,-0.0015
GLU  45,45,0.0548,-0.0013
GLY  46,46,0.0015,-0.0003
ALA  47,47,-0.0022,-0.0007
THR  48,48,-0.0014,-0.0006
PRO  49,49,-0.0016,-0.0005
GLN  50,50,-0.0029,-0.0006
ASP  51,51,0.0565,-0.0009
LEU  52,52,-0.0021,-0.0014
ASN  53,53,-0.0058,-0.0009
THR  54,54,-0.0024,-0.0013
MET  55,55,-0.0046,-0.0035
LEU  56,56,-0.0035,-0.0029
ASN  57,57,-0.0010,-0.0021
THR  58,58,-0.0036,-0.0048
VAL  59,59,-0.0115,-0.0102
ALA  60,60,-0.0040,-0.0041
PRO  61,61,-0.0164,-0.0140
HID  62,62,-0.0496,-0.0583
GLN  63,63,-0.0177,-0.0196
ALA  64,64,-0.0132,-0.0254
ALA  65,65,-0.0077,-0.0149
ALA  66,66,-0.0046,-0.0053
GLN  67,67,-0.0054,-0.0058
MET  68,68,-0.0054,-0.0088
LEU  69,69,-0.0030,-0.0061
LYS  70,70,-0.0398,-0.0026
GLU  71,71,0.0427,-0.0022
THR  72,72,-0.0012,-0.0018
ILE  73,73,-0.0013,-0.0014
ASN  74,74,-0.0024,-0.0008
GLU  75,75,0.0331,-0.0010
GLU  76,76,0.0346,-0.0009
ALA  77,77,0.0005,-0.0002
ALA  78,78,-0.0002,-0.0003
GLU  79,79,0.0397,-0.0002
TRP  80,80,0.0010,-0.0002
ASP  81,81,0.0345,-0.0002
ARG  82,82,-0.0352,-0.0002
LEU  83,83,0.0005,-0.0002
HID  84,84,0.0005,-0.0001
PRO  85,85,0.0013,-0.0001
VAL  86,86,-0.0006,0.0000
HID  87,87,0.0007,-0.0000
ALA  88,88,0.0004,0.0000
GLY  89,89,0.0009,0.0000
PRO  90,90,0.0002,0.0000
ILE  91,91,-0.0019,-0.0000
ALA  92,92,0.0014,-0.0000
PRO  93,93,0.0002,0.0000
GLY  94,94,0.0004,0.0000
GLN  95,95,0.0000,0.0000
MET  96,96,-0.0004,-0.0001
ARG  97,97,-0.0581,-0.0001
GLU  98,98,0.0614,-0.0001
PRO  99,99,0.0003,-0.0000
ARG 100,100,-0.0450,-0.0001
GLY 101,101,0.0008,-0.0001
SER 102,102,0.0003,-0.0001
ASP 103,103,0.0431,-0.0003
ILE 104,104,0.0005,-0.0003
ALA 105,105,-0.0008,-0.0002
GLY 106,106,-0.0003,-0.0002
THR 107,107,0.0007,-0.0003
THR 108,108,-0.0005,-0.0004
SER 109,109,-0.0022,-0.0001
THR 110,110,0.0010,-0.0002
LEU 111,111,-0.0002,-0.0002
GLN 112,112,0.0017,-0.0000
GLU 113,113,0.0608,-0.0001
GLN 114,114,0.0011,-0.0002
ILE 115,115,-0.0006,-0.0001
GLY 116,116,-0.0002,-0.0001
TRP 117,117,-0.0017,-0.0002
MET 118,118,-0.0005,-0.0004
THR 119,119,-0.0003,-0.0000
HID 120,120,-0.0002,-0.0001
ASN 121,121,-0.0003,-0.0001
PRO 122,122,0.0013,-0.0001
PRO 123,123,-0.0002,-0.0002
ILE 124,124,0.0001,-0.0002
PRO 125,125,-0.0008,-0.0002
VAL 126,126,-0.0010,-0.0003
GLY 127,127,-0.0007,-0.0005
GLU 128,128,0.0392,-0.0007
ILE 129,129,-0.0014,-0.0007
TYR 130,130,-0.0023,-0.0013
LYS 131,131,-0.0400,-0.0019
ARG 132,132,-0.0540,-0.0016
TRP 133,133,-0.0001,-0.0019
ILE 134,134,-0.0010,-0.0034
ILE 135,135,0.0002,-0.0049
LEU 136,136,0.0022,-0.0037
GLY 137,137,0.0018,-0.0033
LEU 138,138,-0.0025,-0.0169
ASN 139,139,0.0121,-0.0121
LYS 140,140,-0.0654,-0.0100
ILE 141,141,-0.0170,-0.0404
VAL 142,142,-0.0572,-0.0938
ARG 143,143,-0.1765,-0.0309
MET 144,144,-0.0688,-0.0427
TYR 145,145,-0.6149,-1.6412
SER 146,146,-0.0258,-0.1370
PRO 147,147,-0.2402,-0.1793
THR 148,148,-1.1328,-1.1638
SER 149,149,-3.8021,-2.7215
ILE 150,150,-12.6111,-9.3506
LEU 151,151,-6.4940,-2.1358
ASP 152,152,0.7313,-1.7188
ILE 153,153,-2.4573,-1.7384
ARG 154,154,-0.1718,-0.0960
GLN 155,155,-0.0042,-0.0197
GLY 156,156,-0.0026,-0.0063
PRO 157,157,-0.0054,-0.0049
LYS 158,158,-0.0988,-0.0041
GLU 159,159,0.1191,-0.0186
PRO 160,160,0.0022,-0.0065
PHE 161,161,-0.0005,-0.0115
ARG 162,162,-0.0816,-0.0141
ASP 163,163,0.0611,-0.0214
TYR 164,164,0.0019,-0.0833
VAL 165,165,-0.0094,-0.0382
ASP 166,166,0.0771,-0.1071
ARG 167,167,-0.3185,-0.4253
PHE 168,168,-0.8847,-1.1794
TYR 169,169,-0.1592,-0.2746
LYS 170,170,-0.5263,-1.4134
THR 171,171,-1.3994,-2.2940
LEU 172,172,-1.2324,-1.3505
ARG 173,173,-5.4956,-4.4021
ALA 174,174,-2.2390,-2.5856
GLU 175,175,4.6194,-1.6545
GLN 176,176,-1.6126,-1.8901
ALA 177,177,-0.1336,-0.1373
SER 178,178,-0.0378,-0.0568
GLN 179,179,-0.0110,-0.1460
GLU 180,180,0.0209,-0.0213
VAL 181,181,-0.0858,-0.0591
LYS 182,182,-0.7433,-0.4081
ASN 183,183,-0.0244,-0.0314
TRP 184,184,-0.0497,-0.0609
MET 185,185,-0.6170,-0.8526
THR 186,186,-0.0638,-0.0883
GLU 187,187,0.0646,-0.0175
THR 188,188,-0.0319,-0.0342
LEU 189,189,-0.7166,-0.7435
LEU 190,190,-0.0083,-0.0777
VAL 191,191,0.0088,-0.0115
GLN 192,192,-0.0614,-0.0198
ASN 193,193,-0.4341,-0.1140
ALA 194,194,-0.0108,-0.0084
ASN 195,195,-0.0026,-0.0041
PRO 196,196,-0.0018,-0.0021
ASP 197,197,0.0785,-0.0012
CYX 198,198,-0.0080,-0.0022
LYS 199,199,-0.1048,-0.0037
THR 200,200,-0.0031,-0.0007
ILE 201,201,-0.0039,-0.0012
LEU 202,202,-0.0041,-0.0018
LYS 203,203,-0.0666,-0.0007
ALA 204,204,-0.0026,-0.0003
LEU 205,205,0.0004,-0.0010
GLY 206,206,0.0012,-0.0001
PRO 207,207,-0.0012,-0.0003
GLY 208,208,-0.0031,-0.0006
ALA 209,209,0.0007,-0.0010
THR 210,210,0.0005,-0.0021
LEU 211,211,-0.0062,-0.0078
GLU 212,212,0.0566,-0.0046
GLU 213,213,0.0435,-0.0017
MET 214,214,-0.0025,-0.0031
MET 215,215,-0.0081,-0.0059
THR 216,216,-0.0021,-0.0014
ALA 217,217,-0.0011,-0.0008
CYX 218,218,-0.0009,-0.0018
GLN 219,219,0.0000,-0.0027
GLY 220,220,-0.0004,-0.0012
VAL 221,221,0.0521,-0.0037
