Residue Name,Residue Number,Binding Free Energy (kcal/mol),VDW Energy (kcal/mol)
PRO   1,1,-0.0555,-0.0003
ILE   2,2,-0.0006,-0.0004
VAL   3,3,-0.0004,-0.0001
GLN   4,4,-0.0002,-0.0002
ASN   5,5,-0.0003,-0.0002
LEU   6,6,0.0002,-0.0001
GLN   7,7,0.0003,0.0000
GLY   8,8,0.0001,0.0000
GLN   9,9,0.0004,-0.0001
MET  10,10,-0.0011,-0.0002
VAL  11,11,0.0000,-0.0002
HID  12,12,0.0012,-0.0001
GLN  13,13,-0.0007,-0.0003
ALA  14,14,0.0009,-0.0003
ILE  15,15,-0.0008,-0.0014
SER  16,16,-0.0006,-0.0012
PRO  17,17,-0.0032,-0.0019
ARG  18,18,-0.0923,-0.0038
THR  19,19,0.0033,-0.0032
LEU  20,20,-0.0014,-0.0059
ASN  21,21,-0.0080,-0.0123
ALA  22,22,0.0042,-0.0104
TRP  23,23,0.0172,-0.0268
VAL  24,24,-0.0178,-0.0442
LYS  25,25,-0.2368,-0.1451
VAL  26,26,0.0425,-0.0926
VAL  27,27,0.1193,-0.1686
GLU  28,28,2.6265,-0.2289
GLU  29,29,1.2942,-2.1817
LYS  30,30,-3.1665,-1.8014
ALA  31,31,-0.7884,-2.4981
PHE  32,32,-0.6879,-1.3451
SER  33,33,-0.0505,-0.1958
PRO  34,34,-0.0773,-0.0668
GLU  35,35,0.1745,-0.0352
VAL  36,36,-0.0985,-0.0397
ILE  37,37,-0.0164,-0.0120
PRO  38,38,-0.0130,-0.0057
MET  39,39,-0.0334,-0.0096
PHE  40,40,-0.0155,-0.0060
SER  41,41,-0.0108,-0.0017
ALA  42,42,-0.0081,-0.0012
LEU  43,43,-0.0127,-0.0033
SER  44,44,-0.0094,-0.0010
GLU  45,45,0.0636,-0.0007
GLY  46,46,0.0003,-0.0001
ALA  47,47,-0.0030,-0.0005
THR  48,48,0.0008,-0.0004
PRO  49,49,-0.0004,-0.0005
GLN  50,50,-0.0013,-0.0007
ASP  51,51,0.0466,-0.0009
LEU  52,52,0.0023,-0.0016
ASN  53,53,-0.0031,-0.0014
THR  54,54,-0.0074,-0.0016
MET  55,55,-0.0081,-0.0042
LEU  56,56,-0.0139,-0.0065
ASN  57,57,-0.0216,-0.0075
THR  58,58,-0.0397,-0.0179
VAL  59,59,-0.0925,-0.0370
ALA  60,60,-0.0254,-0.0195
PRO  61,61,-0.0985,-0.1307
HID  62,62,0.3097,-0.7781
GLN  63,63,-0.0680,-0.1115
ALA  64,64,-0.0116,-0.1191
ALA  65,65,-0.0408,-0.1412
ALA  66,66,0.0064,-0.0214
GLN  67,67,-0.0054,-0.0196
MET  68,68,-0.0226,-0.0432
LEU  69,69,-0.0077,-0.0134
LYS  70,70,-0.0137,-0.0061
GLU  71,71,0.0337,-0.0047
THR  72,72,-0.0039,-0.0037
ILE  73,73,-0.0032,-0.0026
ASN  74,74,-0.0013,-0.0013
GLU  75,75,0.0555,-0.0015
GLU  76,76,0.0516,-0.0011
ALA  77,77,-0.0000,-0.0003
ALA  78,78,0.0004,-0.0002
GLU  79,79,0.0529,-0.0005
TRP  80,80,0.0006,-0.0004
ASP  81,81,0.0418,-0.0003
ARG  82,82,-0.0500,-0.0004
LEU  83,83,0.0001,-0.0002
HID  84,84,0.0002,-0.0002
PRO  85,85,0.0002,-0.0001
VAL  86,86,-0.0003,-0.0001
HID  87,87,-0.0005,-0.0001
ALA  88,88,0.0002,-0.0000
GLY  89,89,-0.0008,0.0000
PRO  90,90,-0.0009,0.0000
ILE  91,91,-0.0004,0.0000
ALA  92,92,0.0010,0.0000
PRO  93,93,0.0005,0.0000
GLY  94,94,0.0007,0.0000
GLN  95,95,-0.0006,-0.0000
MET  96,96,-0.0004,-0.0000
ARG  97,97,-0.0563,-0.0002
GLU  98,98,0.0572,-0.0002
PRO  99,99,-0.0007,-0.0001
ARG 100,100,-0.0416,-0.0003
GLY 101,101,0.0006,-0.0003
SER 102,102,-0.0002,-0.0001
ASP 103,103,0.0474,-0.0004
ILE 104,104,0.0007,-0.0006
ALA 105,105,-0.0006,-0.0004
GLY 106,106,-0.0006,-0.0004
THR 107,107,-0.0004,-0.0004
THR 108,108,-0.0005,-0.0004
SER 109,109,-0.0018,-0.0002
THR 110,110,0.0010,-0.0001
LEU 111,111,0.0014,-0.0001
GLN 112,112,0.0006,-0.0002
GLU 113,113,0.0634,-0.0000
GLN 114,114,0.0004,-0.0004
ILE 115,115,-0.0006,-0.0001
GLY 116,116,-0.0008,-0.0001
TRP 117,117,-0.0013,-0.0002
MET 118,118,-0.0005,-0.0002
THR 119,119,-0.0007,-0.0002
HID 120,120,-0.0002,-0.0001
ASN 121,121,-0.0004,-0.0000
PRO 122,122,0.0002,-0.0000
PRO 123,123,-0.0011,-0.0001
ILE 124,124,0.0007,-0.0001
PRO 125,125,-0.0007,-0.0002
VAL 126,126,-0.0005,-0.0004
GLY 127,127,0.0020,-0.0002
GLU 128,128,0.0521,-0.0005
ILE 129,129,0.0007,-0.0004
TYR 130,130,0.0021,-0.0015
LYS 131,131,-0.0573,-0.0013
ARG 132,132,-0.0539,-0.0015
TRP 133,133,0.0054,-0.0019
ILE 134,134,0.0066,-0.0041
ILE 135,135,0.0140,-0.0046
LEU 136,136,0.0099,-0.0042
GLY 137,137,0.0091,-0.0072
LEU 138,138,0.0429,-0.0281
ASN 139,139,0.0249,-0.0164
LYS 140,140,-0.1020,-0.0420
ILE 141,141,-0.3543,-0.3882
VAL 142,142,-0.4912,-0.4121
ARG 143,143,-0.5923,-0.1761
MET 144,144,0.0582,-0.9667
TYR 145,145,-0.6842,-0.6613
SER 146,146,-1.3487,-1.9245
PRO 147,147,-0.3790,-0.4218
THR 148,148,0.0399,-2.1484
SER 149,149,-2.5452,-3.2954
ILE 150,150,-12.3073,-9.0570
LEU 151,151,-6.2021,-2.2070
ASP 152,152,0.6846,-1.9546
ILE 153,153,-2.1282,-2.0829
ARG 154,154,-0.1487,-0.1071
GLN 155,155,-0.0127,-0.0145
GLY 156,156,0.0060,-0.0029
PRO 157,157,-0.0021,-0.0023
LYS 158,158,-0.0095,-0.0017
GLU 159,159,0.0572,-0.0077
PRO 160,160,0.0024,-0.0032
PHE 161,161,0.0058,-0.0095
ARG 162,162,-0.0035,-0.0067
ASP 163,163,-0.0231,-0.0093
TYR 164,164,0.0298,-0.0616
VAL 165,165,-0.0155,-0.0297
ASP 166,166,-0.0350,-0.0352
ARG 167,167,-0.3070,-0.1476
PHE 168,168,-1.0570,-1.1729
TYR 169,169,-0.3418,-0.2625
LYS 170,170,-0.1786,-0.2477
THR 171,171,-1.7282,-2.2686
LEU 172,172,-1.1371,-1.2187
ARG 173,173,-5.6448,-1.2389
ALA 174,174,-0.3546,-1.6335
GLU 175,175,4.6086,-2.9308
GLN 176,176,-1.0645,-4.4135
ALA 177,177,-0.2787,-0.9646
SER 178,178,-1.8045,-2.3446
GLN 179,179,-2.6125,-1.7680
GLU 180,180,1.1433,-0.3928
VAL 181,181,-0.1838,-0.1664
LYS 182,182,0.5910,-0.4298
ASN 183,183,-0.0569,-0.0615
TRP 184,184,-0.0641,-0.0645
MET 185,185,-0.5345,-0.6788
THR 186,186,-0.0424,-0.0471
GLU 187,187,-0.0006,-0.0137
THR 188,188,-0.0178,-0.0259
LEU 189,189,-0.6776,-0.7396
LEU 190,190,-0.0436,-0.0758
VAL 191,191,-0.0093,-0.0116
GLN 192,192,-0.0539,-0.0188
ASN 193,193,-0.2570,-0.0952
ALA 194,194,-0.0110,-0.0065
ASN 195,195,-0.0017,-0.0032
PRO 196,196,-0.0020,-0.0014
ASP 197,197,-0.0118,-0.0009
CYX 198,198,-0.0051,-0.0019
LYS 199,199,0.0002,-0.0031
THR 200,200,-0.0011,-0.0006
ILE 201,201,-0.0029,-0.0010
LEU 202,202,-0.0037,-0.0024
LYS 203,203,0.0092,-0.0008
ALA 204,204,0.0002,-0.0003
LEU 205,205,-0.0002,-0.0011
GLY 206,206,-0.0009,-0.0005
PRO 207,207,-0.0008,-0.0011
GLY 208,208,0.0001,-0.0011
ALA 209,209,0.0028,-0.0015
THR 210,210,-0.0035,-0.0024
LEU 211,211,-0.0123,-0.0091
GLU 212,212,0.0189,-0.0033
GLU 213,213,0.0028,-0.0017
MET 214,214,-0.0040,-0.0039
MET 215,215,-0.0071,-0.0053
THR 216,216,-0.0021,-0.0012
ALA 217,217,-0.0022,-0.0006
CYX 218,218,-0.0014,-0.0015
GLN 219,219,-0.0028,-0.0013
GLY 220,220,-0.0020,-0.0005
VAL 221,221,0.0030,-0.0007
