Residue Name,Residue Number,Binding Free Energy (kcal/mol),VDW Energy (kcal/mol)
PRO   1,1,-0.0426,-0.0007
ILE   2,2,-0.0009,-0.0005
VAL   3,3,-0.0007,-0.0002
GLN   4,4,0.0006,-0.0003
ASN   5,5,-0.0007,-0.0001
LEU   6,6,-0.0003,-0.0000
GLN   7,7,0.0001,-0.0000
GLY   8,8,-0.0002,-0.0000
GLN   9,9,0.0000,-0.0000
MET  10,10,0.0002,-0.0002
VAL  11,11,-0.0011,-0.0003
HID  12,12,0.0004,-0.0004
GLN  13,13,-0.0016,-0.0007
ALA  14,14,-0.0008,-0.0006
ILE  15,15,-0.0008,-0.0022
SER  16,16,-0.0026,-0.0019
PRO  17,17,-0.0066,-0.0044
ARG  18,18,-0.0460,-0.0084
THR  19,19,-0.0029,-0.0048
LEU  20,20,-0.0006,-0.0093
ASN  21,21,0.0310,-0.0327
ALA  22,22,-0.0034,-0.0159
TRP  23,23,-0.0030,-0.0267
VAL  24,24,-0.0342,-0.1036
LYS  25,25,0.5181,-0.3893
VAL  26,26,-0.0281,-0.0657
VAL  27,27,-0.0910,-0.0897
GLU  28,28,6.9128,-1.0888
GLU  29,29,7.0056,-1.7304
LYS  30,30,0.5879,-0.5954
ALA  31,31,-0.6811,-0.7062
PHE  32,32,-0.0914,-0.1056
SER  33,33,-0.0479,-0.1207
PRO  34,34,-0.0276,-0.0230
GLU  35,35,0.3268,-0.0687
VAL  36,36,-0.0315,-0.0242
ILE  37,37,-0.0061,-0.0065
PRO  38,38,-0.0062,-0.0054
MET  39,39,-0.0294,-0.0245
PHE  40,40,-0.0089,-0.0058
SER  41,41,-0.0031,-0.0016
ALA  42,42,-0.0021,-0.0017
LEU  43,43,-0.0097,-0.0062
SER  44,44,-0.0058,-0.0013
GLU  45,45,0.0248,-0.0011
GLY  46,46,0.0022,-0.0002
ALA  47,47,-0.0040,-0.0005
THR  48,48,0.0019,-0.0006
PRO  49,49,0.0012,-0.0004
GLN  50,50,-0.0004,-0.0006
ASP  51,51,0.0507,-0.0010
LEU  52,52,0.0115,-0.0014
ASN  53,53,-0.0010,-0.0013
THR  54,54,-0.0053,-0.0023
MET  55,55,-0.0075,-0.0046
LEU  56,56,-0.0004,-0.0037
ASN  57,57,-0.0082,-0.0045
THR  58,58,-0.0237,-0.0112
VAL  59,59,-0.0199,-0.0147
ALA  60,60,-0.0083,-0.0081
PRO  61,61,-0.0345,-0.0328
HID  62,62,-0.0654,-0.1800
GLN  63,63,-0.0309,-0.2315
ALA  64,64,-0.0099,-0.0137
ALA  65,65,-0.0149,-0.0113
ALA  66,66,-0.0026,-0.0047
GLN  67,67,-0.0091,-0.0046
MET  68,68,-0.0090,-0.0054
LEU  69,69,-0.0110,-0.0043
LYS  70,70,-0.0336,-0.0023
GLU  71,71,0.0433,-0.0016
THR  72,72,-0.0064,-0.0013
ILE  73,73,-0.0033,-0.0013
ASN  74,74,-0.0035,-0.0005
GLU  75,75,0.0396,-0.0005
GLU  76,76,0.0233,-0.0005
ALA  77,77,0.0000,-0.0003
ALA  78,78,0.0001,-0.0002
GLU  79,79,0.0354,-0.0003
TRP  80,80,0.0002,-0.0003
ASP  81,81,0.0281,-0.0002
ARG  82,82,-0.0367,-0.0003
LEU  83,83,0.0006,-0.0002
HID  84,84,0.0010,-0.0001
PRO  85,85,-0.0004,-0.0001
VAL  86,86,-0.0006,0.0000
HID  87,87,-0.0004,0.0000
ALA  88,88,0.0002,0.0000
GLY  89,89,0.0005,0.0000
PRO  90,90,0.0002,0.0000
ILE  91,91,-0.0007,-0.0000
ALA  92,92,0.0009,0.0000
PRO  93,93,-0.0002,-0.0001
GLY  94,94,0.0001,0.0000
GLN  95,95,-0.0006,-0.0000
MET  96,96,-0.0007,-0.0001
ARG  97,97,-0.0436,-0.0002
GLU  98,98,0.0419,-0.0001
PRO  99,99,-0.0008,-0.0001
ARG 100,100,-0.0298,-0.0000
GLY 101,101,0.0011,-0.0002
SER 102,102,0.0004,-0.0002
ASP 103,103,0.0378,-0.0001
ILE 104,104,0.0010,-0.0006
ALA 105,105,-0.0004,-0.0002
GLY 106,106,0.0000,-0.0002
THR 107,107,0.0004,-0.0002
THR 108,108,-0.0005,-0.0002
SER 109,109,-0.0005,-0.0002
THR 110,110,-0.0005,-0.0001
LEU 111,111,-0.0005,-0.0003
GLN 112,112,0.0006,-0.0002
GLU 113,113,0.0450,-0.0003
GLN 114,114,0.0002,-0.0002
ILE 115,115,-0.0012,-0.0002
GLY 116,116,-0.0010,-0.0001
TRP 117,117,-0.0017,-0.0003
MET 118,118,-0.0005,-0.0001
THR 119,119,-0.0004,-0.0000
HID 120,120,-0.0006,-0.0001
ASN 121,121,-0.0000,0.0000
PRO 122,122,0.0008,-0.0001
PRO 123,123,0.0003,0.0000
ILE 124,124,0.0000,-0.0003
PRO 125,125,-0.0013,-0.0003
VAL 126,126,-0.0005,-0.0003
GLY 127,127,0.0023,-0.0002
GLU 128,128,0.0184,-0.0006
ILE 129,129,-0.0005,-0.0002
TYR 130,130,0.0039,-0.0013
LYS 131,131,-0.0210,-0.0011
ARG 132,132,-0.0263,-0.0012
TRP 133,133,0.0035,-0.0011
ILE 134,134,-0.0014,-0.0022
ILE 135,135,0.0036,-0.0023
LEU 136,136,0.0014,-0.0015
GLY 137,137,0.0005,-0.0016
LEU 138,138,-0.0001,-0.0070
ASN 139,139,0.0049,-0.0033
LYS 140,140,-0.0641,-0.0040
ILE 141,141,-0.0029,-0.0143
VAL 142,142,0.0042,-0.0150
ARG 143,143,-0.0905,-0.0078
MET 144,144,-0.0105,-0.0097
TYR 145,145,-0.0628,-0.1815
SER 146,146,-0.1113,-0.0937
PRO 147,147,-0.8735,-0.8438
THR 148,148,0.3449,-1.8066
SER 149,149,-1.6133,-3.2522
ILE 150,150,-11.3209,-9.2761
LEU 151,151,-5.9945,-2.3082
ASP 152,152,0.0282,-1.9590
ILE 153,153,-2.7435,-2.3286
ARG 154,154,-0.2281,-0.1316
GLN 155,155,-0.0174,-0.0222
GLY 156,156,-0.0008,-0.0074
PRO 157,157,-0.0097,-0.0063
LYS 158,158,-0.0337,-0.0060
GLU 159,159,0.1745,-0.0246
PRO 160,160,0.0212,-0.0103
PHE 161,161,0.0329,-0.0137
ARG 162,162,0.0371,-0.0162
ASP 163,163,0.0396,-0.0373
TYR 164,164,0.0896,-0.0887
VAL 165,165,0.0504,-0.0432
ASP 166,166,0.3309,-0.1838
ARG 167,167,-0.7280,-0.3617
PHE 168,168,-1.0503,-1.3341
TYR 169,169,-0.2257,-0.2443
LYS 170,170,-7.1858,-2.0505
THR 171,171,-1.4508,-2.1225
LEU 172,172,-1.1553,-1.0941
ARG 173,173,-10.1129,-0.6659
ALA 174,174,-1.4781,-1.8108
GLU 175,175,3.8811,-1.7479
GLN 176,176,0.0692,-0.5358
ALA 177,177,-0.0884,-0.0735
SER 178,178,-0.0163,-0.0178
GLN 179,179,-0.0081,-0.0133
GLU 180,180,0.0252,-0.0084
VAL 181,181,-0.0459,-0.0584
LYS 182,182,-0.0786,-0.0658
ASN 183,183,-0.0006,-0.0125
TRP 184,184,-0.0288,-0.0431
MET 185,185,-0.4970,-0.7234
THR 186,186,0.0067,-0.0300
GLU 187,187,-0.0010,-0.0085
THR 188,188,-0.0186,-0.0191
LEU 189,189,-0.7710,-0.7662
LEU 190,190,-0.0302,-0.0782
VAL 191,191,0.0101,-0.0117
GLN 192,192,-0.0949,-0.0219
ASN 193,193,-1.0104,-0.1801
ALA 194,194,-0.0180,-0.0089
ASN 195,195,0.0141,-0.0056
PRO 196,196,-0.0016,-0.0026
ASP 197,197,-0.0004,-0.0015
CYX 198,198,-0.0021,-0.0024
LYS 199,199,-0.0518,-0.0045
THR 200,200,-0.0021,-0.0009
ILE 201,201,-0.0036,-0.0013
LEU 202,202,-0.0085,-0.0031
LYS 203,203,-0.0048,-0.0014
ALA 204,204,-0.0008,-0.0004
LEU 205,205,0.0001,-0.0011
GLY 206,206,0.0005,-0.0004
PRO 207,207,-0.0022,-0.0006
GLY 208,208,-0.0027,-0.0006
ALA 209,209,-0.0006,-0.0011
THR 210,210,0.0040,-0.0020
LEU 211,211,0.0005,-0.0097
GLU 212,212,-0.0634,-0.0041
GLU 213,213,-0.0265,-0.0017
MET 214,214,-0.0062,-0.0046
MET 215,215,-0.0071,-0.0078
THR 216,216,-0.0037,-0.0016
ALA 217,217,-0.0050,-0.0010
CYX 218,218,-0.0029,-0.0025
GLN 219,219,-0.0008,-0.0021
GLY 220,220,-0.0021,-0.0014
VAL 221,221,-0.0078,-0.0032
