Residue Name,Residue Number,Binding Free Energy (kcal/mol),VDW Energy (kcal/mol)
PRO   1,1,-0.0796,-0.0003
ILE   2,2,0.0004,-0.0002
VAL   3,3,-0.0002,-0.0002
GLN   4,4,0.0004,-0.0002
ASN   5,5,-0.0007,-0.0000
LEU   6,6,-0.0003,-0.0001
GLN   7,7,-0.0008,-0.0001
GLY   8,8,-0.0002,-0.0000
GLN   9,9,0.0003,0.0000
MET  10,10,-0.0007,-0.0004
VAL  11,11,-0.0003,-0.0002
HID  12,12,-0.0003,-0.0004
GLN  13,13,-0.0002,-0.0003
ALA  14,14,0.0003,-0.0003
ILE  15,15,-0.0011,-0.0012
SER  16,16,0.0023,-0.0006
PRO  17,17,0.0023,-0.0014
ARG  18,18,-0.1055,-0.0017
THR  19,19,0.0027,-0.0015
LEU  20,20,0.0041,-0.0038
ASN  21,21,0.0022,-0.0048
ALA  22,22,0.0047,-0.0025
TRP  23,23,0.0036,-0.0121
VAL  24,24,-0.0028,-0.0247
LYS  25,25,-0.2245,-0.0165
VAL  26,26,0.0089,-0.0104
VAL  27,27,0.0106,-0.0533
GLU  28,28,0.4444,-0.1194
GLU  29,29,0.3042,-0.0303
LYS  30,30,-0.2199,-0.0271
ALA  31,31,-0.0488,-0.0440
PHE  32,32,-0.1150,-0.1097
SER  33,33,-0.0123,-0.0088
PRO  34,34,-0.0062,-0.0040
GLU  35,35,0.1466,-0.0050
VAL  36,36,-0.0074,-0.0064
ILE  37,37,-0.0015,-0.0023
PRO  38,38,-0.0037,-0.0013
MET  39,39,-0.0057,-0.0030
PHE  40,40,-0.0045,-0.0029
SER  41,41,-0.0023,-0.0005
ALA  42,42,-0.0022,-0.0004
LEU  43,43,-0.0042,-0.0018
SER  44,44,-0.0034,-0.0007
GLU  45,45,0.0719,-0.0006
GLY  46,46,0.0008,-0.0003
ALA  47,47,-0.0020,-0.0005
THR  48,48,-0.0005,-0.0004
PRO  49,49,-0.0010,-0.0006
GLN  50,50,-0.0032,-0.0008
ASP  51,51,0.0771,-0.0009
LEU  52,52,0.0001,-0.0016
ASN  53,53,-0.0060,-0.0021
THR  54,54,-0.0010,-0.0023
MET  55,55,-0.0007,-0.0041
LEU  56,56,-0.0094,-0.0083
ASN  57,57,-0.0157,-0.0085
THR  58,58,0.0013,-0.0140
VAL  59,59,-0.0610,-0.0492
ALA  60,60,-0.0863,-0.0614
PRO  61,61,-0.3897,-0.5623
HID  62,62,-0.6590,-1.5992
GLN  63,63,-0.6984,-1.3468
ALA  64,64,-1.0144,-1.0650
ALA  65,65,-0.5470,-0.4381
ALA  66,66,-0.0884,-0.0761
GLN  67,67,0.0063,-0.0984
MET  68,68,-0.0461,-0.0992
LEU  69,69,-0.0113,-0.0187
LYS  70,70,0.0112,-0.0112
GLU  71,71,-0.0417,-0.0107
THR  72,72,0.0022,-0.0054
ILE  73,73,-0.0006,-0.0034
ASN  74,74,0.0082,-0.0023
GLU  75,75,0.0118,-0.0019
GLU  76,76,0.0344,-0.0012
ALA  77,77,0.0012,-0.0004
ALA  78,78,0.0011,-0.0005
GLU  79,79,0.0376,-0.0006
TRP  80,80,0.0002,-0.0006
ASP  81,81,0.0345,-0.0002
ARG  82,82,-0.0332,-0.0007
LEU  83,83,-0.0004,-0.0004
HID  84,84,-0.0002,-0.0001
PRO  85,85,0.0006,-0.0001
VAL  86,86,-0.0002,-0.0002
HID  87,87,-0.0002,-0.0001
ALA  88,88,0.0006,0.0000
GLY  89,89,0.0004,0.0000
PRO  90,90,-0.0006,-0.0000
ILE  91,91,-0.0005,-0.0002
ALA  92,92,0.0008,-0.0001
PRO  93,93,-0.0002,-0.0000
GLY  94,94,-0.0000,0.0000
GLN  95,95,0.0002,-0.0000
MET  96,96,-0.0007,-0.0001
ARG  97,97,-0.0525,-0.0003
GLU  98,98,0.0465,-0.0003
PRO  99,99,-0.0008,-0.0002
ARG 100,100,-0.0387,-0.0003
GLY 101,101,0.0011,-0.0003
SER 102,102,0.0002,-0.0005
ASP 103,103,0.0467,-0.0002
ILE 104,104,0.0013,-0.0006
ALA 105,105,-0.0007,-0.0007
GLY 106,106,0.0001,-0.0004
THR 107,107,0.0008,-0.0008
THR 108,108,-0.0010,-0.0005
SER 109,109,-0.0005,-0.0002
THR 110,110,-0.0001,-0.0003
LEU 111,111,-0.0001,-0.0002
GLN 112,112,0.0004,-0.0002
GLU 113,113,0.0600,-0.0001
GLN 114,114,0.0014,-0.0003
ILE 115,115,-0.0009,-0.0001
GLY 116,116,-0.0007,-0.0001
TRP 117,117,-0.0006,-0.0003
MET 118,118,0.0002,-0.0001
THR 119,119,-0.0012,-0.0000
HID 120,120,-0.0003,-0.0002
ASN 121,121,-0.0000,-0.0001
PRO 122,122,0.0000,-0.0001
PRO 123,123,-0.0015,-0.0002
ILE 124,124,0.0008,-0.0002
PRO 125,125,-0.0007,-0.0002
VAL 126,126,-0.0013,-0.0001
GLY 127,127,-0.0012,-0.0002
GLU 128,128,0.0613,-0.0004
ILE 129,129,-0.0008,-0.0005
TYR 130,130,-0.0037,-0.0018
LYS 131,131,-0.0664,-0.0010
ARG 132,132,-0.0529,-0.0007
TRP 133,133,-0.0031,-0.0014
ILE 134,134,-0.0050,-0.0027
ILE 135,135,-0.0014,-0.0016
LEU 136,136,-0.0008,-0.0016
GLY 137,137,-0.0044,-0.0022
LEU 138,138,-0.0080,-0.0069
ASN 139,139,0.0019,-0.0027
LYS 140,140,-0.0380,-0.0046
ILE 141,141,-0.0406,-0.0259
VAL 142,142,-0.0207,-0.0134
ARG 143,143,-0.0590,-0.0117
MET 144,144,-0.0580,-0.0424
TYR 145,145,-0.6346,-0.8076
SER 146,146,0.0932,-0.1961
PRO 147,147,-0.4497,-0.3486
THR 148,148,-0.5125,-2.3977
SER 149,149,-3.1106,-3.7924
ILE 150,150,-12.0393,-9.1323
LEU 151,151,-5.7063,-2.2407
ASP 152,152,-0.1240,-1.8815
ILE 153,153,-1.7822,-1.4940
ARG 154,154,-0.7557,-0.1433
GLN 155,155,0.0002,-0.0151
GLY 156,156,0.0039,-0.0033
PRO 157,157,-0.0024,-0.0028
LYS 158,158,-0.0543,-0.0018
GLU 159,159,0.0721,-0.0082
PRO 160,160,0.0037,-0.0031
PHE 161,161,0.0008,-0.0080
ARG 162,162,-0.0150,-0.0055
ASP 163,163,0.0024,-0.0081
TYR 164,164,-0.0019,-0.0738
VAL 165,165,-0.0185,-0.0255
ASP 166,166,-0.0060,-0.0274
ARG 167,167,-0.3157,-0.1485
PHE 168,168,-1.1828,-1.2493
TYR 169,169,-0.1549,-0.1472
LYS 170,170,-0.1511,-0.2217
THR 171,171,-1.3615,-2.0550
LEU 172,172,-1.0558,-1.1674
ARG 173,173,0.1130,-1.5592
ALA 174,174,-0.6678,-1.4153
GLU 175,175,4.0074,-2.5233
GLN 176,176,-1.4706,-3.6428
ALA 177,177,-0.2194,-0.2471
SER 178,178,-0.1082,-0.1194
GLN 179,179,-0.0563,-0.0532
GLU 180,180,0.1052,-0.0254
VAL 181,181,-0.0949,-0.0758
LYS 182,182,-0.3178,-0.1484
ASN 183,183,-0.0175,-0.0171
TRP 184,184,-0.0460,-0.0566
MET 185,185,-0.6490,-0.8316
THR 186,186,-0.0335,-0.0428
GLU 187,187,0.0604,-0.0102
THR 188,188,-0.0316,-0.0214
LEU 189,189,-0.6837,-0.7201
LEU 190,190,0.0040,-0.0705
VAL 191,191,0.0143,-0.0106
GLN 192,192,-0.0853,-0.0221
ASN 193,193,-1.2105,-0.2143
ALA 194,194,-0.0026,-0.0086
ASN 195,195,0.0019,-0.0038
PRO 196,196,-0.0020,-0.0020
ASP 197,197,0.0503,-0.0011
CYX 198,198,-0.0062,-0.0015
LYS 199,199,-0.0855,-0.0038
THR 200,200,-0.0004,-0.0007
ILE 201,201,-0.0012,-0.0008
LEU 202,202,-0.0042,-0.0018
LYS 203,203,-0.0533,-0.0010
ALA 204,204,-0.0017,-0.0001
LEU 205,205,-0.0016,-0.0007
GLY 206,206,-0.0002,-0.0003
PRO 207,207,-0.0009,-0.0008
GLY 208,208,-0.0008,-0.0005
ALA 209,209,-0.0010,-0.0008
THR 210,210,0.0002,-0.0013
LEU 211,211,-0.0008,-0.0051
GLU 212,212,0.0128,-0.0017
GLU 213,213,0.0403,-0.0010
MET 214,214,0.0001,-0.0027
MET 215,215,-0.0064,-0.0033
THR 216,216,-0.0019,-0.0007
ALA 217,217,-0.0016,-0.0005
CYX 218,218,-0.0021,-0.0014
GLN 219,219,-0.0041,-0.0012
GLY 220,220,-0.0021,-0.0006
VAL 221,221,0.0512,-0.0008
