Residue Name,Residue Number,Binding Free Energy (kcal/mol),VDW Energy (kcal/mol)
PRO   1,1,-0.0583,-0.0005
ILE   2,2,-0.0001,-0.0003
VAL   3,3,-0.0003,-0.0002
GLN   4,4,-0.0002,-0.0002
ASN   5,5,0.0005,-0.0002
LEU   6,6,-0.0003,-0.0000
GLN   7,7,0.0002,0.0000
GLY   8,8,0.0003,0.0000
GLN   9,9,-0.0004,-0.0000
MET  10,10,-0.0007,-0.0002
VAL  11,11,-0.0002,0.0000
HID  12,12,-0.0002,-0.0003
GLN  13,13,-0.0002,-0.0002
ALA  14,14,-0.0008,-0.0002
ILE  15,15,-0.0009,-0.0008
SER  16,16,-0.0006,-0.0002
PRO  17,17,-0.0007,-0.0005
ARG  18,18,-0.0579,-0.0012
THR  19,19,-0.0040,-0.0013
LEU  20,20,-0.0033,-0.0013
ASN  21,21,-0.0029,-0.0015
ALA  22,22,-0.0052,-0.0018
TRP  23,23,-0.0217,-0.0091
VAL  24,24,-0.0063,-0.0026
LYS  25,25,-0.0593,-0.0050
VAL  26,26,-0.0264,-0.0126
VAL  27,27,-0.0140,-0.0078
GLU  28,28,0.0383,-0.0064
GLU  29,29,0.0284,-0.0131
LYS  30,30,-0.0350,-0.0643
ALA  31,31,-0.0485,-0.0373
PHE  32,32,-0.0478,-0.1048
SER  33,33,-0.0878,-0.5019
PRO  34,34,-2.0706,-3.1717
GLU  35,35,1.7573,0.2087
VAL  36,36,0.0045,-0.0916
ILE  37,37,-0.1275,-0.2809
PRO  38,38,-0.0934,-0.3093
MET  39,39,0.0118,-0.0421
PHE  40,40,0.0197,-0.0178
SER  41,41,0.0211,-0.0132
ALA  42,42,0.0058,-0.0049
LEU  43,43,0.0047,-0.0052
SER  44,44,0.0026,-0.0030
GLU  45,45,0.0303,-0.0025
GLY  46,46,0.0006,-0.0006
ALA  47,47,0.0005,-0.0009
THR  48,48,-0.0003,-0.0008
PRO  49,49,0.0028,-0.0008
GLN  50,50,0.0053,-0.0002
ASP  51,51,0.0584,-0.0008
LEU  52,52,0.0046,-0.0023
ASN  53,53,0.0022,-0.0008
THR  54,54,-0.0013,-0.0009
MET  55,55,-0.0048,-0.0029
LEU  56,56,-0.0022,-0.0025
ASN  57,57,-0.0004,-0.0011
THR  58,58,-0.0038,-0.0020
VAL  59,59,-0.0064,-0.0041
ALA  60,60,-0.0001,-0.0011
PRO  61,61,0.0004,-0.0015
HID  62,62,-0.0067,-0.0050
GLN  63,63,-0.0015,-0.0023
ALA  64,64,0.0013,-0.0035
ALA  65,65,-0.0002,-0.0059
ALA  66,66,-0.0019,-0.0029
GLN  67,67,-0.0034,-0.0035
MET  68,68,-0.0198,-0.0205
LEU  69,69,-0.0066,-0.0090
LYS  70,70,-0.0883,-0.0029
GLU  71,71,0.1234,-0.0042
THR  72,72,-0.0039,-0.0110
ILE  73,73,-0.0022,-0.0039
ASN  74,74,-0.0053,-0.0017
GLU  75,75,0.1194,-0.0035
GLU  76,76,0.1235,-0.0067
ALA  77,77,-0.0008,-0.0010
ALA  78,78,-0.0026,-0.0008
GLU  79,79,0.1201,-0.0025
TRP  80,80,-0.0020,-0.0018
ASP  81,81,0.0945,-0.0006
ARG  82,82,-0.1134,-0.0014
LEU  83,83,-0.0023,-0.0013
HID  84,84,-0.0012,-0.0007
PRO  85,85,0.0005,-0.0002
VAL  86,86,-0.0003,-0.0002
HID  87,87,-0.0005,-0.0002
ALA  88,88,-0.0002,0.0000
GLY  89,89,0.0005,-0.0001
PRO  90,90,0.0005,-0.0001
ILE  91,91,-0.0006,-0.0002
ALA  92,92,0.0004,-0.0000
PRO  93,93,0.0002,0.0000
GLY  94,94,-0.0001,-0.0000
GLN  95,95,-0.0001,0.0000
MET  96,96,0.0006,-0.0003
ARG  97,97,-0.0801,-0.0002
GLU  98,98,0.0872,-0.0003
PRO  99,99,0.0018,-0.0004
ARG 100,100,-0.0951,-0.0005
GLY 101,101,-0.0022,-0.0003
SER 102,102,-0.0024,-0.0004
ASP 103,103,0.0748,-0.0004
ILE 104,104,-0.0051,-0.0012
ALA 105,105,-0.0004,-0.0004
GLY 106,106,0.0023,-0.0004
THR 107,107,-0.0005,-0.0004
THR 108,108,0.0014,-0.0002
SER 109,109,-0.0060,-0.0002
THR 110,110,-0.0054,-0.0001
LEU 111,111,-0.0019,-0.0004
GLN 112,112,-0.0002,-0.0002
GLU 113,113,0.0736,-0.0004
GLN 114,114,-0.0020,-0.0004
ILE 115,115,0.0008,-0.0000
GLY 116,116,0.0001,0.0000
TRP 117,117,0.0006,-0.0006
MET 118,118,0.0004,-0.0003
THR 119,119,0.0002,-0.0001
HID 120,120,-0.0005,-0.0002
ASN 121,121,-0.0004,-0.0001
PRO 122,122,0.0003,-0.0003
PRO 123,123,0.0003,-0.0003
ILE 124,124,-0.0018,-0.0005
PRO 125,125,0.0003,-0.0009
VAL 126,126,-0.0009,-0.0009
GLY 127,127,-0.0037,-0.0007
GLU 128,128,0.0252,-0.0032
ILE 129,129,-0.0060,-0.0030
TYR 130,130,-0.0029,-0.0035
LYS 131,131,-0.0335,-0.0076
ARG 132,132,0.0040,-0.0462
TRP 133,133,-0.0132,-0.0107
ILE 134,134,-0.0159,-0.0128
ILE 135,135,-0.0924,-0.0780
LEU 136,136,-0.1095,-0.1156
GLY 137,137,-0.0041,-0.0254
LEU 138,138,-0.0576,-0.0841
ASN 139,139,0.4229,-1.1968
LYS 140,140,-0.3397,-0.2443
ILE 141,141,-0.0571,-0.0882
VAL 142,142,-1.0348,-1.0967
ARG 143,143,-11.2269,-2.5486
MET 144,144,-0.0869,-0.1128
TYR 145,145,-0.1212,-0.1223
SER 146,146,1.1660,-1.0220
PRO 147,147,-0.4822,-0.6132
THR 148,148,0.1537,-3.1396
SER 149,149,-4.9165,-3.0600
ILE 150,150,-10.7467,-8.5658
LEU 151,151,-6.0415,-2.3015
ASP 152,152,-0.9232,-2.4046
ILE 153,153,-2.5458,-2.5653
ARG 154,154,-0.5405,-0.2542
GLN 155,155,-0.0124,-0.0307
GLY 156,156,-0.0073,-0.0112
PRO 157,157,-0.0082,-0.0073
LYS 158,158,-0.0676,-0.0056
GLU 159,159,-0.0569,-0.0290
PRO 160,160,-0.0076,-0.0078
PHE 161,161,-0.0071,-0.0120
ARG 162,162,-0.0310,-0.0134
ASP 163,163,-0.0201,-0.0255
TYR 164,164,-0.0480,-0.0900
VAL 165,165,-0.0325,-0.0354
ASP 166,166,-0.0200,-0.1217
ARG 167,167,0.6446,-0.5907
PHE 168,168,-0.8927,-0.9446
TYR 169,169,-0.3377,-0.2196
LYS 170,170,-1.9381,-1.8320
THR 171,171,-1.4526,-2.5170
LEU 172,172,-1.0183,-1.1008
ARG 173,173,-6.7518,-2.0098
ALA 174,174,-1.3060,-3.1290
GLU 175,175,9.2121,-2.2925
GLN 176,176,-1.0878,-1.9826
ALA 177,177,-0.1156,-0.1514
SER 178,178,-0.0560,-0.0405
GLN 179,179,-0.0304,-0.0260
GLU 180,180,0.0782,-0.0156
VAL 181,181,-0.0617,-0.0825
LYS 182,182,-0.1033,-0.0722
ASN 183,183,-0.0140,-0.0155
TRP 184,184,-0.0445,-0.0619
MET 185,185,-0.5760,-0.8156
THR 186,186,-0.0175,-0.0368
GLU 187,187,0.0673,-0.0104
THR 188,188,-0.0409,-0.0252
LEU 189,189,-0.6491,-0.6194
LEU 190,190,-0.0149,-0.0668
VAL 191,191,-0.0013,-0.0115
GLN 192,192,-0.0532,-0.0226
ASN 193,193,-0.6093,-0.1646
ALA 194,194,-0.0066,-0.0092
ASN 195,195,0.0017,-0.0059
PRO 196,196,-0.0002,-0.0023
ASP 197,197,0.0652,-0.0011
CYX 198,198,-0.0030,-0.0024
LYS 199,199,-0.1010,-0.0049
THR 200,200,-0.0000,-0.0010
ILE 201,201,-0.0011,-0.0012
LEU 202,202,-0.0036,-0.0028
LYS 203,203,-0.0796,-0.0015
ALA 204,204,-0.0015,-0.0003
LEU 205,205,-0.0039,-0.0011
GLY 206,206,-0.0009,-0.0005
PRO 207,207,-0.0025,-0.0012
GLY 208,208,-0.0021,-0.0008
ALA 209,209,-0.0005,-0.0011
THR 210,210,0.0013,-0.0018
LEU 211,211,-0.0044,-0.0082
GLU 212,212,0.0192,-0.0037
GLU 213,213,0.0445,-0.0014
MET 214,214,0.0005,-0.0046
MET 215,215,-0.0075,-0.0061
THR 216,216,-0.0026,-0.0015
ALA 217,217,-0.0004,-0.0009
CYX 218,218,-0.0054,-0.0020
GLN 219,219,-0.0014,-0.0015
GLY 220,220,0.0013,-0.0009
VAL 221,221,0.0332,-0.0021
