-92.45  50.05  0
-79.95  40.05  0
-54.95  39.05  0
-44.95  47.05  1.08977e-09
-44.95  50.55  6.65976e-11
-42.45  43.55  6.03256e-13
-42.45  47.55  5.40712e-13
-42.45  48.05  5.89233e-13
-39.95  38.05  8.56869e-15
-39.95  38.55  3.19356e-14
-39.95  39.05  2.14813e-14
-39.95  39.55  4.19853e-14
-39.95  40.05  2.02678e-13
-39.95  40.55  2.98163e-13
-39.95  41.05  1.49759e-13
-39.95  41.55  5.34526e-14
-39.95  42.05  1.25365e-12
-39.95  42.55  8.0437e-13
-39.95  43.05  1.29421e-13
-39.95  43.55  5.47809e-14
-39.95  44.05  1.10808e-13
-39.95  44.55  1.70919e-13
-39.95  45.05  8.45833e-14
-39.95  45.55  8.43781e-13
-39.95  46.05  1.65045e-12
-39.95  46.55  5.1075e-13
-39.95  47.05  1.20666e-13
-39.95  47.55  1.41527e-13
-39.95  48.05  7.86875e-14
-39.95  48.55  2.54668e-14
-39.95  49.05  1.63993e-14
-39.95  49.55  2.18102e-14
-39.95  50.05  4.25771e-14
-39.95  50.55  2.21222e-14
-39.95  51.05  7.36689e-15
-39.95  51.55  2.86727e-15
-37.45  37.55  7.77362e-14
-37.45  38.05  6.16145e-14
-37.45  38.55  1.90997e-13
-37.45  39.05  1.6533e-13
-37.45  39.55  1.72757e-13
-37.45  40.05  7.55928e-13
-37.45  40.55  1.00155e-12
-37.45  41.05  5.83482e-13
-37.45  41.55  2.34864e-13
-37.45  42.05  2.12015e-12
-37.45  42.55  1.83294e-12
-37.45  43.05  8.878e-13
-37.45  43.55  3.55644e-13
-37.45  44.05  6.39538e-13
-37.45  44.55  6.85501e-13
-37.45  45.05  4.61261e-13
-37.45  45.55  2.32315e-12
-37.45  46.05  3.86498e-12
-37.45  46.55  2.08226e-12
-37.45  47.05  6.39885e-13
-37.45  47.55  5.11117e-13
-37.45  48.05  3.29785e-13
-37.45  48.55  1.39345e-13
-37.45  49.05  7.23658e-14
-37.45  49.55  8.61902e-14
-37.45  50.05  9.88147e-14
-37.45  50.55  5.97925e-14
-37.45  51.05  2.19079e-14
-37.45  51.55  2.12671e-14
-37.45  52.05  1.02088e-13
-34.95  37.55  1.34762e-12
-34.95  38.05  1.05212e-12
-34.95  38.55  3.03769e-12
-34.95  39.05  2.85051e-12
-34.95  39.55  2.60483e-12
-34.95  40.05  8.95286e-12
-34.95  40.55  1.07453e-11
-34.95  41.05  7.75576e-12
-34.95  41.55  7.41838e-12
-34.95  42.05  1.96875e-11
-34.95  42.55  2.67459e-11
-34.95  43.05  2.24368e-11
-34.95  43.55  8.71322e-12
-34.95  44.05  1.27822e-11
-34.95  44.55  1.3017e-11
-34.95  45.05  1.04937e-11
-34.95  45.55  2.8646e-11
-34.95  46.05  5.80783e-11
-34.95  46.55  3.50259e-11
-34.95  47.05  1.02564e-11
-34.95  47.55  8.61585e-12
-34.95  48.05  6.81684e-12
-34.95  48.55  3.61718e-12
-34.95  49.05  1.2832e-12
-34.95  49.55  1.76695e-12
-34.95  50.05  1.63827e-12
-34.95  50.55  6.58416e-13
-34.95  51.05  3.86082e-13
-34.95  51.55  4.18239e-13
-34.95  52.05  2.03188e-12
-32.45  37.55  1.19584e-12
-32.45  38.05  8.65873e-13
-32.45  38.55  2.06224e-12
-32.45  39.05  1.8623e-12
-32.45  39.55  2.10246e-12
-32.45  40.05  6.75108e-12
-32.45  40.55  8.05852e-12
-32.45  41.05  6.24311e-12
-32.45  41.55  1.10554e-11
-32.45  42.05  1.86907e-11
-32.45  42.55  1.9015e-11
-32.45  43.05  1.72829e-11
-32.45  43.55  9.12235e-12
-32.45  44.05  1.12973e-11
-32.45  44.55  1.13152e-11
-32.45  45.05  8.94284e-12
-32.45  45.55  2.10931e-11
-32.45  46.05  3.61834e-11
-32.45  46.55  3.08498e-11
-32.45  47.05  1.235e-11
-32.45  47.55  8.41552e-12
-32.45  48.05  7.04914e-12
-32.45  48.55  4.06267e-12
-32.45  49.05  9.93637e-13
-32.45  49.55  1.40756e-12
-32.45  50.05  1.26279e-12
-32.45  50.55  4.49187e-13
-32.45  51.05  3.07497e-13
-32.45  51.55  3.4259e-13
-32.45  52.05  1.52944e-12
-29.95  37.55  8.30054e-13
-29.95  38.05  6.01696e-13
-29.95  38.55  1.76322e-12
-29.95  39.05  2.03025e-12
-29.95  39.55  1.76639e-12
-29.95  40.05  4.6687e-12
-29.95  40.55  6.39384e-12
-29.95  41.05  5.76839e-12
-29.95  41.55  9.92209e-12
-29.95  42.05  1.93558e-11
-29.95  42.55  1.78197e-11
-29.95  43.05  1.60639e-11
-29.95  43.55  8.09005e-12
-29.95  44.05  1.13214e-11
-29.95  44.55  1.17966e-11
-29.95  45.05  8.19735e-12
-29.95  45.55  1.95987e-11
-29.95  46.05  2.97591e-11
-29.95  46.55  2.65414e-11
-29.95  47.05  1.25085e-11
-29.95  47.55  8.94736e-12
-29.95  48.05  6.43194e-12
-29.95  48.55  4.26934e-12
-29.95  49.05  1.20245e-12
-29.95  49.55  1.25637e-12
-29.95  50.05  1.16306e-12
-29.95  50.55  3.89216e-13
-29.95  51.05  2.36503e-13
-29.95  51.55  2.42257e-13
-29.95  52.05  8.30962e-13
-27.45  37.55  7.79939e-13
-27.45  38.05  5.90546e-13
-27.45  38.55  2.69628e-12
-27.45  39.05  3.4807e-12
-27.45  39.55  1.95027e-12
-27.45  40.05  3.62345e-12
-27.45  40.55  7.7207e-12
-27.45  41.05  8.40584e-12
-27.45  41.55  1.08851e-11
-27.45  42.05  2.77196e-11
-27.45  42.55  2.57791e-11
-27.45  43.05  1.93003e-11
-27.45  43.55  9.21992e-12
-27.45  44.05  1.68344e-11
-27.45  44.55  1.7359e-11
-27.45  45.05  1.22521e-11
-27.45  45.55  2.40147e-11
-27.45  46.05  2.96861e-11
-27.45  46.55  2.18006e-11
-27.45  47.05  1.58486e-11
-27.45  47.55  1.23946e-11
-27.45  48.05  1.08566e-11
-27.45  48.55  7.51001e-12
-27.45  49.05  2.08141e-12
-27.45  49.55  1.72297e-12
-27.45  50.05  1.33571e-12
-27.45  50.55  4.71411e-13
-27.45  51.05  2.72008e-13
-27.45  51.55  2.67109e-13
-27.45  52.05  8.43908e-13
-24.95  37.55  9.92866e-13
-24.95  38.05  8.75314e-13
-24.95  38.55  3.07277e-12
-24.95  39.05  3.26812e-12
-24.95  39.55  1.67506e-12
-24.95  40.05  3.42412e-12
-24.95  40.55  7.12751e-12
-24.95  41.05  6.4941e-12
-24.95  41.55  9.21298e-12
-24.95  42.05  2.37501e-11
-24.95  42.55  2.16577e-11
-24.95  43.05  1.64708e-11
-24.95  43.55  8.41016e-12
-24.95  44.05  2.15809e-11
-24.95  44.55  2.19888e-11
-24.95  45.05  1.36158e-11
-24.95  45.55  2.58364e-11
-24.95  46.05  2.93922e-11
-24.95  46.55  1.93402e-11
-24.95  47.05  1.23473e-11
-24.95  47.55  1.16467e-11
-24.95  48.05  1.39696e-11
-24.95  48.55  1.00305e-11
-24.95  49.05  2.71162e-12
-24.95  49.55  2.56537e-12
-24.95  50.05  1.55608e-12
-24.95  50.55  5.12734e-13
-24.95  51.05  2.62817e-13
-24.95  51.55  2.5296e-13
-24.95  52.05  7.57893e-13
-22.45  37.55  4.01394e-12
-22.45  38.05  2.12894e-12
-22.45  38.55  4.63175e-12
-22.45  39.05  3.72895e-12
-22.45  39.55  2.4732e-12
-22.45  40.05  5.84596e-12
-22.45  40.55  9.33595e-12
-22.45  41.05  6.85452e-12
-22.45  41.55  1.0454e-11
-22.45  42.05  2.43457e-11
-22.45  42.55  2.11229e-11
-22.45  43.05  1.69335e-11
-22.45  43.55  1.27908e-11
-22.45  44.05  3.36338e-11
-22.45  44.55  3.55558e-11
-22.45  45.05  1.97655e-11
-22.45  45.55  3.37524e-11
-22.45  46.05  4.30943e-11
-22.45  46.55  3.06378e-11
-22.45  47.05  1.70482e-11
-22.45  47.55  1.59432e-11
-22.45  48.05  1.71415e-11
-22.45  48.55  1.05132e-11
-22.45  49.05  3.80998e-12
-22.45  49.55  4.51153e-12
-22.45  50.05  2.36896e-12
-22.45  50.55  6.86138e-13
-22.45  51.05  3.23695e-13
-22.45  51.55  3.27365e-13
-22.45  52.05  1.06797e-12
-22.45  52.55  2.92907e-10
-19.95  37.55  9.64513e-12
-19.95  38.05  2.85284e-12
-19.95  38.55  4.8037e-12
-19.95  39.05  3.6582e-12
-19.95  39.55  2.52913e-12
-19.95  40.05  5.61856e-12
-19.95  40.55  7.90237e-12
-19.95  41.05  5.92567e-12
-19.95  41.55  7.80555e-12
-19.95  42.05  1.9398e-11
-19.95  42.55  1.77909e-11
-19.95  43.05  1.37928e-11
-19.95  43.55  1.42403e-11
-19.95  44.05  3.40214e-11
-19.95  44.55  3.36466e-11
-19.95  45.05  1.92518e-11
-19.95  45.55  2.95436e-11
-19.95  46.05  3.87247e-11
-19.95  46.55  2.59044e-11
-19.95  47.05  1.29582e-11
-19.95  47.55  1.42553e-11
-19.95  48.05  1.73567e-11
-19.95  48.55  1.07061e-11
-19.95  49.05  3.1038e-12
-19.95  49.55  3.32391e-12
-19.95  50.05  1.85541e-12
-19.95  50.55  6.20114e-13
-19.95  51.05  3.09182e-13
-19.95  51.55  3.37104e-13
-19.95  52.05  1.03813e-12
-17.45  37.55  1.21999e-11
-17.45  38.05  3.96251e-12
-17.45  38.55  7.79238e-12
-17.45  39.05  6.51681e-12
-17.45  39.55  2.83749e-12
-17.45  40.05  6.70327e-12
-17.45  40.55  9.79865e-12
-17.45  41.05  7.28681e-12
-17.45  41.55  8.06876e-12
-17.45  42.05  2.36961e-11
-17.45  42.55  2.24499e-11
-17.45  43.05  1.89821e-11
-17.45  43.55  2.11026e-11
-17.45  44.05  3.84153e-11
-17.45  44.55  4.18071e-11
-17.45  45.05  2.63511e-11
-17.45  45.55  3.85584e-11
-17.45  46.05  4.30055e-11
-17.45  46.55  3.05809e-11
-17.45  47.05  1.27447e-11
-17.45  47.55  1.79892e-11
-17.45  48.05  2.64019e-11
-17.45  48.55  1.58166e-11
-17.45  49.05  3.12736e-12
-17.45  49.55  2.72457e-12
-17.45  50.05  2.12431e-12
-17.45  50.55  7.71824e-13
-17.45  51.05  4.55321e-13
-17.45  51.55  4.39902e-13
-17.45  52.05  1.1482e-12
-14.95  37.55  1.02573e-11
-14.95  38.05  3.53613e-12
-14.95  38.55  6.40486e-12
-14.95  39.05  8.12494e-12
-14.95  39.55  3.49881e-12
-14.95  40.05  8.20276e-12
-14.95  40.55  1.17333e-11
-14.95  41.05  8.75712e-12
-14.95  41.55  7.6623e-12
-14.95  42.05  2.11094e-11
-14.95  42.55  2.00985e-11
-14.95  43.05  1.76626e-11
-14.95  43.55  1.77139e-11
-14.95  44.05  3.46942e-11
-14.95  44.55  4.74828e-11
-14.95  45.05  2.97887e-11
-14.95  45.55  4.51926e-11
-14.95  46.05  3.9722e-11
-14.95  46.55  3.43618e-11
-14.95  47.05  2.20486e-11
-14.95  47.55  1.78049e-11
-14.95  48.05  2.17466e-11
-14.95  48.55  1.26741e-11
-14.95  49.05  2.91269e-12
-14.95  49.55  2.43824e-12
-14.95  50.05  2.0006e-12
-14.95  50.55  6.48433e-13
-14.95  51.05  3.86823e-13
-14.95  51.55  3.38885e-13
-14.95  52.05  8.00832e-13
-12.45  37.55  1.13289e-11
-12.45  38.05  4.32182e-12
-12.45  38.55  8.51662e-12
-12.45  39.05  1.15795e-11
-12.45  39.55  9.61496e-12
-12.45  40.05  1.87603e-11
-12.45  40.55  2.08642e-11
-12.45  41.05  1.15186e-11
-12.45  41.55  1.11446e-11
-12.45  42.05  2.38782e-11
-12.45  42.55  2.53835e-11
-12.45  43.05  2.47169e-11
-12.45  43.55  2.3694e-11
-12.45  44.05  5.36686e-11
-12.45  44.55  6.36317e-11
-12.45  45.05  4.01182e-11
-12.45  45.55  7.08818e-11
-12.45  46.05  5.76309e-11
-12.45  46.55  4.88423e-11
-12.45  47.05  4.07078e-11
-12.45  47.55  2.49238e-11
-12.45  48.05  2.0918e-11
-12.45  48.55  1.36624e-11
-12.45  49.05  3.96671e-12
-12.45  49.55  3.32852e-12
-12.45  50.05  2.59238e-12
-12.45  50.55  8.51194e-13
-12.45  51.05  4.21292e-13
-12.45  51.55  4.15433e-13
-12.45  52.05  1.2503e-12
-9.95  37.55  5.19164e-12
-9.95  38.05  3.58249e-12
-9.95  38.55  1.25831e-11
-9.95  39.05  1.11532e-11
-9.95  39.55  9.83095e-12
-9.95  40.05  2.10124e-11
-9.95  40.55  2.86579e-11
-9.95  41.05  1.48609e-11
-9.95  41.55  1.27639e-11
-9.95  42.05  2.24878e-11
-9.95  42.55  2.60227e-11
-9.95  43.05  2.58553e-11
-9.95  43.55  2.70381e-11
-9.95  44.05  5.84768e-11
-9.95  44.55  5.75198e-11
-9.95  45.05  3.91395e-11
-9.95  45.55  5.53099e-11
-9.95  46.05  4.60379e-11
-9.95  46.55  3.37251e-11
-9.95  47.05  1.7377e-11
-9.95  47.55  2.31028e-11
-9.95  48.05  1.6606e-11
-9.95  48.55  1.15686e-11
-9.95  49.05  4.1832e-12
-9.95  49.55  3.30665e-12
-9.95  50.05  2.62082e-12
-9.95  50.55  9.89828e-13
-9.95  51.05  3.77704e-13
-9.95  51.55  4.02318e-13
-9.95  52.05  1.59017e-12
-7.45  37.55  8.42207e-12
-7.45  38.05  4.87557e-12
-7.45  38.55  1.6414e-11
-7.45  39.05  1.62664e-11
-7.45  39.55  9.72376e-12
-7.45  40.05  2.40437e-11
-7.45  40.55  4.52345e-11
-7.45  41.05  2.83941e-11
-7.45  41.55  2.1893e-11
-7.45  42.05  3.59462e-11
-7.45  42.55  4.02386e-11
-7.45  43.05  3.95943e-11
-7.45  43.55  3.94908e-11
-7.45  44.05  8.14908e-11
-7.45  44.55  7.95088e-11
-7.45  45.05  5.23715e-11
-7.45  45.55  6.86706e-11
-7.45  46.05  6.30697e-11
-7.45  46.55  4.50146e-11
-7.45  47.05  1.69383e-11
-7.45  47.55  3.58335e-11
-7.45  48.05  2.68148e-11
-7.45  48.55  1.40571e-11
-7.45  49.05  6.352e-12
-7.45  49.55  4.63223e-12
-7.45  50.05  3.51728e-12
-7.45  50.55  1.39137e-12
-7.45  51.05  4.81288e-13
-7.45  51.55  4.44364e-13
-7.45  52.05  1.35946e-12
-4.95  37.55  9.65474e-12
-4.95  38.05  4.19036e-12
-4.95  38.55  1.00899e-11
-4.95  39.05  1.18289e-11
-4.95  39.55  1.08009e-11
-4.95  40.05  2.46413e-11
-4.95  40.55  3.87068e-11
-4.95  41.05  2.78131e-11
-4.95  41.55  2.87821e-11
-4.95  42.05  5.66773e-11
-4.95  42.55  5.72538e-11
-4.95  43.05  5.00492e-11
-4.95  43.55  4.47843e-11
-4.95  44.05  6.62358e-11
-4.95  44.55  6.5152e-11
-4.95  45.05  4.79487e-11
-4.95  45.55  8.22963e-11
-4.95  46.05  8.57751e-11
-4.95  46.55  5.70145e-11
-4.95  47.05  2.59002e-11
-4.95  47.55  3.43007e-11
-4.95  48.05  3.49056e-11
-4.95  48.55  1.40786e-11
-4.95  49.05  5.20094e-12
-4.95  49.55  4.2389e-12
-4.95  50.05  2.96054e-12
-4.95  50.55  1.08483e-12
-4.95  51.05  4.14602e-13
-4.95  51.55  3.21154e-13
-4.95  52.05  8.54541e-13
-2.45  37.55  8.22913e-12
-2.45  38.05  4.37905e-12
-2.45  38.55  1.12172e-11
-2.45  39.05  1.49083e-11
-2.45  39.55  1.61945e-11
-2.45  40.05  2.60948e-11
-2.45  40.55  3.5826e-11
-2.45  41.05  3.28432e-11
-2.45  41.55  5.40582e-11
-2.45  42.05  1.19455e-10
-2.45  42.55  1.06878e-10
-2.45  43.05  7.77296e-11
-2.45  43.55  6.74126e-11
-2.45  44.05  7.69473e-11
-2.45  44.55  7.30201e-11
-2.45  45.05  6.37744e-11
-2.45  45.55  1.27093e-10
-2.45  46.05  1.44265e-10
-2.45  46.55  9.9162e-11
-2.45  47.05  4.96898e-11
-2.45  47.55  4.44477e-11
-2.45  48.05  5.06668e-11
-2.45  48.55  2.62517e-11
-2.45  49.05  6.78562e-12
-2.45  49.55  5.68451e-12
-2.45  50.05  3.37067e-12
-2.45  50.55  1.07471e-12
-2.45  51.05  4.50899e-13
-2.45  51.55  3.21151e-13
-2.45  52.05  7.63207e-13
0.05  37.55  5.16856e-12
0.05  38.05  4.13343e-12
0.05  38.55  1.19905e-11
0.05  39.05  1.8752e-11
0.05  39.55  1.89321e-11
0.05  40.05  2.46728e-11
0.05  40.55  2.42183e-11
0.05  41.05  2.45287e-11
0.05  41.55  5.68765e-11
0.05  42.05  1.14404e-10
0.05  42.55  9.95003e-11
0.05  43.05  7.06725e-11
0.05  43.55  5.83114e-11
0.05  44.05  8.9734e-11
0.05  44.55  9.34436e-11
0.05  45.05  7.91159e-11
0.05  45.55  1.7631e-10
0.05  46.05  1.94118e-10
0.05  46.55  1.25482e-10
0.05  47.05  6.39421e-11
0.05  47.55  5.71961e-11
0.05  48.05  3.80885e-11
0.05  48.55  2.24554e-11
0.05  49.05  6.67519e-12
0.05  49.55  7.93183e-12
0.05  50.05  5.22758e-12
0.05  50.55  1.47748e-12
0.05  51.05  5.00783e-13
0.05  51.55  2.99486e-13
0.05  52.05  6.69744e-13
2.55  37.55  1.07663e-11
2.55  38.05  5.90965e-12
2.55  38.55  1.56542e-11
2.55  39.05  2.22329e-11
2.55  39.55  2.69056e-11
2.55  40.05  3.56285e-11
2.55  40.55  1.98909e-11
2.55  41.05  1.46685e-11
2.55  41.55  8.3406e-11
2.55  42.05  1.31491e-10
2.55  42.55  1.18614e-10
2.55  43.05  9.48633e-11
2.55  43.55  9.95945e-11
2.55  44.05  1.76604e-10
2.55  44.55  1.82982e-10
2.55  45.05  1.2018e-10
2.55  45.55  2.78844e-10
2.55  46.05  3.25323e-10
2.55  46.55  1.92194e-10
2.55  47.05  1.01472e-10
2.55  47.55  1.035e-10
2.55  48.05  5.24555e-11
2.55  48.55  2.36667e-11
2.55  49.05  1.03164e-11
2.55  49.55  1.45359e-11
2.55  50.05  1.00221e-11
2.55  50.55  2.58928e-12
2.55  51.05  9.55969e-13
2.55  51.55  6.93682e-13
2.55  52.05  1.76232e-12
5.05  37.55  1.77849e-11
5.05  38.05  6.54893e-12
5.05  38.55  1.31205e-11
5.05  39.05  1.43318e-11
5.05  39.55  9.10888e-12
5.05  40.05  2.45597e-11
5.05  40.55  1.48557e-11
5.05  41.05  4.67762e-12
5.05  41.55  5.72664e-11
5.05  42.05  1.22496e-10
5.05  42.55  1.12884e-10
5.05  43.05  9.23599e-11
5.05  43.55  8.0781e-11
5.05  44.05  1.72198e-10
5.05  44.55  2.13177e-10
5.05  45.05  1.20297e-10
5.05  45.55  2.96147e-10
5.05  46.05  3.35283e-10
5.05  46.55  2.01405e-10
5.05  47.05  8.74e-11
5.05  47.55  1.01178e-10
5.05  48.05  7.33364e-11
5.05  48.55  3.25306e-11
5.05  49.05  1.35051e-11
5.05  49.55  1.56952e-11
5.05  50.05  9.30366e-12
5.05  50.55  2.15413e-12
5.05  51.05  9.00575e-13
5.05  51.55  8.74695e-13
5.05  52.05  2.93038e-12
7.55  37.55  2.27632e-11
7.55  38.05  8.03309e-12
7.55  38.55  1.47517e-11
7.55  39.05  1.71442e-11
7.55  39.55  7.86891e-12
7.55  40.05  4.00491e-11
7.55  40.55  5.7832e-11
7.55  41.05  4.30704e-11
7.55  41.55  7.42428e-11
7.55  42.05  1.90774e-10
7.55  42.55  1.71087e-10
7.55  43.05  1.24332e-10
7.55  43.55  7.14351e-11
7.55  44.05  2.65947e-10
7.55  44.55  3.53635e-10
7.55  45.05  1.436e-10
7.55  45.55  3.74784e-10
7.55  46.05  4.73856e-10
7.55  46.55  2.43479e-10
7.55  47.05  9.1881e-11
7.55  47.55  1.15628e-10
7.55  48.05  1.33605e-10
7.55  48.55  7.77667e-11
7.55  49.05  2.49566e-11
7.55  49.55  2.44493e-11
7.55  50.05  1.10198e-11
7.55  50.55  2.21644e-12
7.55  51.05  1.1898e-12
7.55  51.55  1.0775e-12
7.55  52.05  3.53231e-12
10.05  37.55  1.22857e-11
10.05  38.05  4.60121e-12
10.05  38.55  9.35436e-12
10.05  39.05  1.3332e-11
10.05  39.55  1.14891e-11
10.05  40.05  4.34896e-11
10.05  40.55  1.27477e-10
10.05  41.05  1.18813e-10
10.05  41.55  8.72273e-11
10.05  42.05  2.21274e-10
10.05  42.55  2.09978e-10
10.05  43.05  1.40815e-10
10.05  43.55  8.30283e-11
10.05  44.05  1.74876e-10
10.05  44.55  2.11781e-10
10.05  45.05  1.31763e-10
10.05  45.55  2.96611e-10
10.05  46.05  4.88326e-10
10.05  46.55  2.70693e-10
10.05  47.05  1.11911e-10
10.05  47.55  1.31152e-10
10.05  48.05  1.47678e-10
10.05  48.55  9.47496e-11
10.05  49.05  3.04534e-11
10.05  49.55  3.15067e-11
10.05  50.05  1.27379e-11
10.05  50.55  2.60297e-12
10.05  51.05  1.02632e-12
10.05  51.55  8.83548e-13
10.05  52.05  2.13185e-12
12.55  37.55  6.43777e-12
12.55  38.05  2.58304e-12
12.55  38.55  7.33876e-12
12.55  39.05  1.17496e-11
12.55  39.55  1.51197e-11
12.55  40.05  5.19394e-11
12.55  40.55  1.14481e-10
12.55  41.05  9.12024e-11
12.55  41.55  9.87381e-11
12.55  42.05  3.03563e-10
12.55  42.55  3.21048e-10
12.55  43.05  1.89465e-10
12.55  43.55  1.09363e-10
12.55  44.05  1.64926e-10
12.55  44.55  1.96557e-10
12.55  45.05  1.58744e-10
12.55  45.55  3.18727e-10
12.55  46.05  6.4053e-10
12.55  46.55  4.31721e-10
12.55  47.05  1.60892e-10
12.55  47.55  2.04208e-10
12.55  48.05  2.06184e-10
12.55  48.55  1.15137e-10
12.55  49.05  4.18129e-11
12.55  49.55  4.89554e-11
12.55  50.05  2.25814e-11
12.55  50.55  5.59161e-12
12.55  51.05  1.52936e-12
12.55  51.55  1.24479e-12
12.55  52.05  3.56155e-12
15.05  37.55  6.13898e-12
15.05  38.05  2.96212e-12
15.05  38.55  7.67286e-12
15.05  39.05  9.81145e-12
15.05  39.55  1.22723e-11
15.05  40.05  3.74494e-11
15.05  40.55  6.00877e-11
15.05  41.05  5.52558e-11
15.05  41.55  5.10829e-11
15.05  42.05  2.18169e-10
15.05  42.55  3.15369e-10
15.05  43.05  1.93629e-10
15.05  43.55  9.90464e-11
15.05  44.05  1.55973e-10
15.05  44.55  1.73126e-10
15.05  45.05  1.07123e-10
15.05  45.55  1.74337e-10
15.05  46.05  3.54569e-10
15.05  46.55  3.11195e-10
15.05  47.05  1.2953e-10
15.05  47.55  1.76581e-10
15.05  48.05  2.17188e-10
15.05  48.55  1.27421e-10
15.05  49.05  4.38885e-11
15.05  49.55  4.27061e-11
15.05  50.05  2.0488e-11
15.05  50.55  5.95737e-12
15.05  51.05  1.55499e-12
15.05  51.55  1.23111e-12
15.05  52.05  4.04175e-12
17.55  37.55  2.17181e-11
17.55  38.05  6.62845e-12
17.55  38.55  9.33117e-12
17.55  39.05  1.4227e-11
17.55  39.55  1.25777e-11
17.55  40.05  3.08125e-11
17.55  40.55  4.47168e-11
17.55  41.05  3.97163e-11
17.55  41.55  6.72875e-11
17.55  42.05  2.79791e-10
17.55  42.55  3.52894e-10
17.55  43.05  2.55359e-10
17.55  43.55  1.18322e-10
17.55  44.05  2.14891e-10
17.55  44.55  2.56945e-10
17.55  45.05  9.73395e-11
17.55  45.55  1.20171e-10
17.55  46.05  2.45905e-10
17.55  46.55  2.37347e-10
17.55  47.05  1.175e-10
17.55  47.55  2.07161e-10
17.55  48.05  2.78758e-10
17.55  48.55  1.58863e-10
17.55  49.05  4.94941e-11
17.55  49.55  4.41215e-11
17.55  50.05  2.27116e-11
17.55  50.55  6.71168e-12
17.55  51.05  2.12651e-12
17.55  51.55  1.53392e-12
17.55  52.05  4.24101e-12
20.05  37.55  1.84696e-11
20.05  38.05  4.13937e-12
20.05  38.55  4.77632e-12
20.05  39.05  1.17663e-11
20.05  39.55  9.65643e-12
20.05  40.05  2.43737e-11
20.05  40.55  4.47564e-11
20.05  41.05  3.82824e-11
20.05  41.55  6.09165e-11
20.05  42.05  2.77126e-10
20.05  42.55  3.2688e-10
20.05  43.05  2.47457e-10
20.05  43.55  9.6619e-11
20.05  44.05  1.82101e-10
20.05  44.55  2.4549e-10
20.05  45.05  8.80856e-11
20.05  45.55  1.37891e-10
20.05  46.05  1.85786e-10
20.05  46.55  1.12451e-10
20.05  47.05  6.58053e-11
20.05  47.55  1.51603e-10
20.05  48.05  1.95085e-10
20.05  48.55  9.68102e-11
20.05  49.05  3.05606e-11
20.05  49.55  3.31238e-11
20.05  50.05  1.87451e-11
20.05  50.55  6.55453e-12
20.05  51.05  2.17714e-12
20.05  51.55  1.38848e-12
20.05  52.05  2.92421e-12
22.55  37.55  1.18925e-11
22.55  38.05  3.63665e-12
22.55  38.55  2.99667e-12
22.55  39.05  6.62505e-12
22.55  39.55  1.28159e-11
22.55  40.05  3.39163e-11
22.55  40.55  8.36461e-11
22.55  41.05  9.07409e-11
22.55  41.55  8.10751e-11
22.55  42.05  3.60671e-10
22.55  42.55  4.63612e-10
22.55  43.05  3.27587e-10
22.55  43.55  9.30424e-11
22.55  44.05  1.84889e-10
22.55  44.55  2.52423e-10
22.55  45.05  1.14608e-10
22.55  45.55  1.7659e-10
22.55  46.05  2.07504e-10
22.55  46.55  1.04678e-10
22.55  47.05  6.38131e-11
22.55  47.55  1.11913e-10
22.55  48.05  1.34693e-10
22.55  48.55  6.40376e-11
22.55  49.05  2.36711e-11
22.55  49.55  3.33982e-11
22.55  50.05  1.82522e-11
22.55  50.55  7.79809e-12
22.55  51.05  3.18944e-12
22.55  51.55  2.57906e-12
22.55  52.05  8.35804e-12
25.05  37.55  9.28994e-12
25.05  38.05  4.11928e-12
25.05  38.55  3.75465e-12
25.05  39.05  3.94759e-12
25.05  39.55  1.15219e-11
25.05  40.05  3.10398e-11
25.05  40.55  7.48748e-11
25.05  41.05  7.46145e-11
25.05  41.55  9.14529e-11
25.05  42.05  2.1383e-10
25.05  42.55  2.72551e-10
25.05  43.05  2.72445e-10
25.05  43.55  1.13782e-10
25.05  44.05  1.56727e-10
25.05  44.55  1.76096e-10
25.05  45.05  9.03482e-11
25.05  45.55  8.08749e-11
25.05  46.05  1.10706e-10
25.05  46.55  9.00044e-11
25.05  47.05  5.17707e-11
25.05  47.55  6.72901e-11
25.05  48.05  8.40074e-11
25.05  48.55  4.47026e-11
25.05  49.05  1.78587e-11
25.05  49.55  2.14812e-11
25.05  50.05  1.25647e-11
25.05  50.55  6.1961e-12
25.05  51.05  3.42417e-12
25.05  51.55  3.47146e-12
25.05  52.05  1.36686e-11
27.55  37.55  2.09568e-11
27.55  38.05  8.62833e-12
27.55  38.55  1.38375e-11
27.55  39.05  1.57831e-11
27.55  39.55  1.91645e-11
27.55  40.05  3.55763e-11
27.55  40.55  7.26147e-11
27.55  41.05  9.26985e-11
27.55  41.55  1.03873e-10
27.55  42.05  2.03168e-10
27.55  42.55  3.28655e-10
27.55  43.05  3.11481e-10
27.55  43.55  2.1262e-10
27.55  44.05  2.23289e-10
27.55  44.55  2.33132e-10
27.55  45.05  9.64183e-11
27.55  45.55  7.11488e-11
27.55  46.05  9.8668e-11
27.55  46.55  7.61355e-11
27.55  47.05  5.40197e-11
27.55  47.55  6.47699e-11
27.55  48.05  8.20141e-11
27.55  48.55  4.24987e-11
27.55  49.05  1.43119e-11
27.55  49.55  2.06269e-11
27.55  50.05  1.4012e-11
27.55  50.55  6.99993e-12
27.55  51.05  4.38557e-12
27.55  51.55  3.85226e-12
27.55  52.05  1.38303e-11
30.05  37.55  3.0199e-11
30.05  38.05  1.33002e-11
30.05  38.55  2.60462e-11
30.05  39.05  2.95261e-11
30.05  39.55  1.91564e-11
30.05  40.05  3.00619e-11
30.05  40.55  5.156e-11
30.05  41.05  9.56694e-11
30.05  41.55  1.46906e-10
30.05  42.05  2.34926e-10
30.05  42.55  3.30434e-10
30.05  43.05  2.39983e-10
30.05  43.55  1.45072e-10
30.05  44.05  1.79749e-10
30.05  44.55  2.13419e-10
30.05  45.05  9.0152e-11
30.05  45.55  9.68955e-11
30.05  46.05  8.86808e-11
30.05  46.55  4.77042e-11
30.05  47.05  3.77013e-11
30.05  47.55  5.46383e-11
30.05  48.05  6.2285e-11
30.05  48.55  3.1729e-11
30.05  49.05  1.17547e-11
30.05  49.55  1.46952e-11
30.05  50.05  9.55105e-12
30.05  50.55  4.55002e-12
30.05  51.05  2.93456e-12
30.05  51.55  2.33189e-12
30.05  52.05  6.64383e-12
32.55  37.55  6.65798e-11
32.55  38.05  2.84365e-11
32.55  38.55  6.8999e-11
32.55  39.05  8.43576e-11
32.55  39.55  2.06599e-11
32.55  40.05  7.90782e-11
32.55  40.55  1.77156e-10
32.55  41.05  1.65873e-10
32.55  41.55  2.60687e-10
32.55  42.05  4.0673e-10
32.55  42.55  3.73389e-10
32.55  43.05  3.15188e-10
32.55  43.55  1.52555e-10
32.55  44.05  1.8242e-10
32.55  44.55  1.93117e-10
32.55  45.05  9.33889e-11
32.55  45.55  1.53409e-10
32.55  46.05  1.00942e-10
32.55  46.55  4.60792e-11
32.55  47.05  4.41291e-11
32.55  47.55  7.21153e-11
32.55  48.05  7.48792e-11
32.55  48.55  3.52427e-11
32.55  49.05  1.41347e-11
32.55  49.55  1.5143e-11
32.55  50.05  9.93537e-12
32.55  50.55  4.07868e-12
32.55  51.05  2.74936e-12
32.55  51.55  2.62421e-12
32.55  52.05  9.52794e-12
35.05  37.55  9.75422e-11
35.05  38.05  3.3747e-11
35.05  38.55  8.30827e-11
35.05  39.05  9.6496e-11
35.05  39.55  4.21564e-11
35.05  40.05  1.77227e-10
35.05  40.55  3.4166e-10
35.05  41.05  2.52193e-10
35.05  41.55  2.25854e-10
35.05  42.05  5.62642e-10
35.05  42.55  4.75008e-10
35.05  43.05  3.33424e-10
35.05  43.55  1.27147e-10
35.05  44.05  1.44499e-10
35.05  44.55  1.53371e-10
35.05  45.05  8.28489e-11
35.05  45.55  1.18982e-10
35.05  46.05  9.6416e-11
35.05  46.55  7.0952e-11
35.05  47.05  4.28568e-11
35.05  47.55  6.15586e-11
35.05  48.05  6.63315e-11
35.05  48.55  3.42719e-11
35.05  49.05  1.28627e-11
35.05  49.55  1.39857e-11
35.05  50.05  1.02434e-11
35.05  50.55  3.61126e-12
35.05  51.05  2.64137e-12
35.05  51.55  2.79859e-12
35.05  52.05  1.14991e-11
37.55  37.55  1.13156e-10
37.55  38.05  4.04298e-11
37.55  38.55  1.08565e-10
37.55  39.05  1.44899e-10
37.55  39.55  1.19989e-10
37.55  40.05  3.40838e-10
37.55  40.55  5.38034e-10
37.55  41.05  4.3872e-10
37.55  41.55  2.40787e-10
37.55  42.05  7.62145e-10
37.55  42.55  7.11108e-10
37.55  43.05  3.55194e-10
37.55  43.55  1.66989e-10
37.55  44.05  2.13748e-10
37.55  44.55  1.71642e-10
37.55  45.05  1.17575e-10
37.55  45.55  1.48922e-10
37.55  46.05  2.08224e-10
37.55  46.55  1.45572e-10
37.55  47.05  4.747e-11
37.55  47.55  6.8541e-11
37.55  48.05  6.64958e-11
37.55  48.55  3.89015e-11
37.55  49.05  1.63612e-11
37.55  49.55  1.74218e-11
37.55  50.05  1.19812e-11
37.55  50.55  4.54196e-12
37.55  51.05  3.81029e-12
37.55  51.55  3.90486e-12
37.55  52.05  1.35857e-11
40.05  37.55  1.18349e-10
40.05  38.05  4.06973e-11
40.05  38.55  7.96034e-11
40.05  39.05  1.11226e-10
40.05  39.55  1.25178e-10
40.05  40.05  3.78574e-10
40.05  40.55  4.77868e-10
40.05  41.05  4.71616e-10
40.05  41.55  2.61618e-10
40.05  42.05  3.86373e-10
40.05  42.55  4.52598e-10
40.05  43.05  3.0755e-10
40.05  43.55  1.56647e-10
40.05  44.05  3.00712e-10
40.05  44.55  1.52711e-10
40.05  45.05  9.76119e-11
40.05  45.55  1.59465e-10
40.05  46.05  2.2856e-10
40.05  46.55  1.14415e-10
40.05  47.05  4.55745e-11
40.05  47.55  5.81468e-11
40.05  48.05  5.26582e-11
40.05  48.55  3.28696e-11
40.05  49.05  1.21411e-11
40.05  49.55  1.44551e-11
40.05  50.05  9.65125e-12
40.05  50.55  4.46064e-12
40.05  51.05  4.02856e-12
40.05  51.55  3.88602e-12
40.05  52.05  1.07929e-11
42.55  37.55  1.38505e-10
42.55  38.05  4.88967e-11
42.55  38.55  6.54778e-11
42.55  39.05  7.78997e-11
42.55  39.55  1.36781e-10
42.55  40.05  7.61416e-10
42.55  40.55  9.61134e-10
42.55  41.05  1.07515e-09
42.55  41.55  4.37762e-10
42.55  42.05  4.97167e-10
42.55  42.55  6.88619e-10
42.55  43.05  4.85124e-10
42.55  43.55  1.97447e-10
42.55  44.05  4.62408e-10
42.55  44.55  2.4747e-10
42.55  45.05  1.30329e-10
42.55  45.55  2.24554e-10
42.55  46.05  2.91663e-10
42.55  46.55  1.77399e-10
42.55  47.05  6.05365e-11
42.55  47.55  6.71802e-11
42.55  48.05  6.68434e-11
42.55  48.55  3.92155e-11
42.55  49.05  1.45211e-11
42.55  49.55  1.65248e-11
42.55  50.05  1.14078e-11
42.55  50.55  5.98274e-12
42.55  51.05  5.45607e-12
42.55  51.55  5.31765e-12
42.55  52.05  1.65881e-11
45.05  37.55  8.94011e-11
45.05  38.05  3.44492e-11
45.05  38.55  5.88488e-11
45.05  39.05  8.32242e-11
45.05  39.55  1.31936e-10
45.05  40.05  6.97228e-10
45.05  40.55  1.02837e-09
45.05  41.05  1.27907e-09
45.05  41.55  6.89481e-10
45.05  42.05  1.09758e-09
45.05  42.55  1.10148e-09
45.05  43.05  5.47548e-10
45.05  43.55  2.92456e-10
45.05  44.05  5.15976e-10
45.05  44.55  3.37207e-10
45.05  45.05  1.49492e-10
45.05  45.55  1.50267e-10
45.05  46.05  2.00083e-10
45.05  46.55  1.56433e-10
45.05  47.05  6.16641e-11
45.05  47.55  6.06864e-11
45.05  48.05  6.19244e-11
45.05  48.55  3.46972e-11
45.05  49.05  1.45576e-11
45.05  49.55  1.57042e-11
45.05  50.05  1.1236e-11
45.05  50.55  5.53595e-12
45.05  51.05  4.66219e-12
45.05  51.55  4.667e-12
45.05  52.05  1.5514e-11
47.55  37.55  6.89903e-11
47.55  38.05  3.215e-11
47.55  38.55  1.40684e-10
47.55  39.05  2.78515e-10
47.55  39.55  2.35482e-10
47.55  40.05  1.03446e-09
47.55  40.55  1.9379e-09
47.55  41.05  1.1844e-09
47.55  41.55  1.56039e-09
47.55  42.05  2.47619e-09
47.55  42.55  1.76864e-09
47.55  43.05  9.47591e-10
47.55  43.55  5.51379e-10
47.55  44.05  8.5028e-10
47.55  44.55  5.71214e-10
47.55  45.05  2.0724e-10
47.55  45.55  1.47795e-10
47.55  46.05  2.35156e-10
47.55  46.55  1.62322e-10
47.55  47.05  8.49518e-11
47.55  47.55  7.43027e-11
47.55  48.05  6.36503e-11
47.55  48.55  3.66228e-11
47.55  49.05  1.99502e-11
47.55  49.55  2.42511e-11
47.55  50.05  1.56048e-11
47.55  50.55  6.90046e-12
47.55  51.05  5.39728e-12
47.55  51.55  5.54916e-12
47.55  52.05  2.10244e-11
50.05  37.55  3.47081e-11
50.05  38.05  4.41407e-11
50.05  38.55  2.20499e-10
50.05  39.05  4.21787e-10
50.05  39.55  3.29071e-10
50.05  40.05  6.71927e-10
50.05  40.55  1.70435e-09
50.05  41.05  1.15915e-09
50.05  41.55  1.23984e-09
50.05  42.05  2.67007e-09
50.05  42.55  2.12072e-09
50.05  43.05  1.82828e-09
50.05  43.55  1.01471e-09
50.05  44.05  1.09405e-09
50.05  44.55  7.14126e-10
50.05  45.05  2.65743e-10
50.05  45.55  2.09824e-10
50.05  46.05  3.29578e-10
50.05  46.55  1.56309e-10
50.05  47.05  7.29929e-11
50.05  47.55  7.686e-11
50.05  48.05  5.93733e-11
50.05  48.55  3.70787e-11
50.05  49.05  1.98036e-11
50.05  49.55  2.49232e-11
50.05  50.05  1.3885e-11
50.05  50.55  5.82758e-12
50.05  51.05  4.54853e-12
50.05  51.55  4.91658e-12
50.05  52.05  1.92314e-11
52.55  37.55  9.13706e-11
52.55  38.05  1.25188e-10
52.55  38.55  6.50582e-10
52.55  39.05  9.65026e-10
52.55  39.55  9.0891e-10
52.55  40.05  1.1717e-09
52.55  40.55  1.52756e-09
52.55  41.05  1.5852e-09
52.55  41.55  2.08322e-09
52.55  42.05  3.04362e-09
52.55  42.55  2.53108e-09
52.55  43.05  3.13356e-09
52.55  43.55  2.27711e-09
52.55  44.05  1.6923e-09
52.55  44.55  1.08722e-09
52.55  45.05  4.74329e-10
52.55  45.55  3.80807e-10
52.55  46.05  4.94517e-10
52.55  46.55  2.40988e-10
52.55  47.05  8.5235e-11
52.55  47.55  1.08748e-10
52.55  48.05  1.0463e-10
52.55  48.55  6.77785e-11
52.55  49.05  2.63345e-11
52.55  49.55  3.06196e-11
52.55  50.05  1.77419e-11
52.55  50.55  7.60925e-12
52.55  51.05  5.63961e-12
52.55  51.55  5.06899e-12
52.55  52.05  1.66207e-11
55.05  37.55  2.97437e-10
55.05  38.05  3.26881e-10
55.05  38.55  1.52537e-09
55.05  39.05  1.50806e-09
55.05  39.55  1.00541e-09
55.05  40.05  1.53881e-09
55.05  40.55  1.36128e-09
55.05  41.05  2.32341e-09
55.05  41.55  3.13837e-09
55.05  42.05  4.06489e-09
55.05  42.55  3.66617e-09
55.05  43.05  3.78584e-09
55.05  43.55  2.22689e-09
55.05  44.05  1.85579e-09
55.05  44.55  1.13921e-09
55.05  45.05  6.46692e-10
55.05  45.55  6.12357e-10
55.05  46.05  5.78806e-10
55.05  46.55  3.43741e-10
55.05  47.05  9.66929e-11
55.05  47.55  9.37353e-11
55.05  48.05  9.56943e-11
55.05  48.55  5.28485e-11
55.05  49.05  1.67863e-11
55.05  49.55  2.4203e-11
55.05  50.05  1.62051e-11
55.05  50.55  7.32779e-12
55.05  51.05  5.13767e-12
55.05  51.55  3.81257e-12
55.05  52.05  9.46052e-12
57.55  37.55  7.53668e-10
57.55  38.05  6.66895e-10
57.55  38.55  2.83824e-09
57.55  39.05  2.50359e-09
57.55  39.55  1.12721e-09
57.55  40.05  2.05209e-09
57.55  40.55  3.41798e-09
57.55  41.05  5.76772e-09
57.55  41.55  6.92222e-09
57.55  42.05  1.11614e-08
57.55  42.55  8.81003e-09
57.55  43.05  5.84224e-09
57.55  43.55  3.01005e-09
57.55  44.05  3.18692e-09
57.55  44.55  2.08259e-09
57.55  45.05  9.69121e-10
57.55  45.55  9.81189e-10
57.55  46.05  9.81227e-10
57.55  46.55  4.73412e-10
57.55  47.05  1.40954e-10
57.55  47.55  1.08515e-10
57.55  48.05  1.01651e-10
57.55  48.55  6.15055e-11
57.55  49.05  1.83717e-11
57.55  49.55  2.70221e-11
57.55  50.05  2.14e-11
57.55  50.55  8.87434e-12
57.55  51.05  6.12232e-12
57.55  51.55  5.75272e-12
57.55  52.05  1.90321e-11
60.05  37.55  1.60082e-09
60.05  38.05  1.06529e-09
60.05  38.55  3.80029e-09
60.05  39.05  3.19632e-09
60.05  39.55  1.54455e-09
60.05  40.05  2.41941e-09
60.05  40.55  5.12762e-09
60.05  41.05  5.56924e-09
60.05  41.55  8.49789e-09
60.05  42.05  1.33145e-08
60.05  42.55  1.15856e-08
60.05  43.05  8.01688e-09
60.05  43.55  2.66307e-09
60.05  44.05  2.82065e-09
60.05  44.55  1.9561e-09
60.05  45.05  5.93998e-10
60.05  45.55  7.12243e-10
60.05  46.05  7.72513e-10
60.05  46.55  3.42807e-10
60.05  47.05  1.11312e-10
60.05  47.55  8.6291e-11
60.05  48.05  7.67746e-11
60.05  48.55  5.40863e-11
60.05  49.05  1.8156e-11
60.05  49.55  1.97362e-11
60.05  50.05  1.71853e-11
60.05  50.55  7.1944e-12
60.05  51.05  5.05696e-12
60.05  51.55  5.81944e-12
60.05  52.05  1.95887e-11
62.55  37.55  6.26026e-09
62.55  38.05  3.33697e-09
62.55  38.55  6.33831e-09
62.55  39.05  5.29112e-09
62.55  39.55  2.40059e-09
62.55  40.05  3.62262e-09
62.55  40.55  7.21973e-09
62.55  41.05  7.08173e-09
62.55  41.55  1.13344e-08
62.55  42.05  2.09314e-08
62.55  42.55  1.99056e-08
62.55  43.05  1.1109e-08
62.55  43.55  3.06059e-09
62.55  44.05  3.23345e-09
62.55  44.55  1.67884e-09
62.55  45.05  3.84142e-10
62.55  45.55  8.63665e-10
62.55  46.05  9.07631e-10
62.55  46.55  3.70207e-10
62.55  47.05  1.2169e-10
62.55  47.55  9.18415e-11
62.55  48.05  9.5803e-11
62.55  48.55  6.93523e-11
62.55  49.05  2.16952e-11
62.55  49.55  2.1516e-11
62.55  50.05  1.84028e-11
62.55  50.55  8.44141e-12
62.55  51.05  6.32556e-12
62.55  51.55  6.53331e-12
62.55  52.05  2.28132e-11
65.05  37.55  7.56293e-09
65.05  38.05  2.87105e-09
65.05  38.55  5.82112e-09
65.05  39.05  7.32784e-09
65.05  39.55  2.95519e-09
65.05  40.05  5.22147e-09
65.05  40.55  8.5389e-09
65.05  41.05  8.59111e-09
65.05  41.55  1.06309e-08
65.05  42.05  1.61517e-08
65.05  42.55  1.90743e-08
65.05  43.05  1.21686e-08
65.05  43.55  3.68273e-09
65.05  44.05  4.59622e-09
65.05  44.55  2.68631e-09
65.05  45.05  7.84162e-10
65.05  45.55  8.38784e-10
65.05  46.05  7.671e-10
65.05  46.55  2.98314e-10
65.05  47.05  9.39053e-11
65.05  47.55  7.53915e-11
65.05  48.05  8.19199e-11
65.05  48.55  5.70739e-11
65.05  49.05  1.84712e-11
65.05  49.55  1.70475e-11
65.05  50.05  1.4962e-11
65.05  50.55  7.25619e-12
65.05  51.05  5.19675e-12
65.05  51.55  4.9613e-12
65.05  52.05  1.69864e-11
67.55  37.55  1.37036e-08
67.55  38.05  5.84093e-09
67.55  38.55  1.08972e-08
67.55  39.05  1.29103e-08
67.55  39.55  6.87809e-09
67.55  40.05  1.04306e-08
67.55  40.55  1.73979e-08
67.55  41.05  1.95667e-08
67.55  41.55  1.75252e-08
67.55  42.05  2.31042e-08
67.55  42.55  2.40278e-08
67.55  43.05  1.61911e-08
67.55  43.55  4.85239e-09
67.55  44.05  6.81685e-09
67.55  44.55  6.05494e-09
67.55  45.05  2.55188e-09
67.55  45.55  1.06265e-09
67.55  46.05  8.3711e-10
67.55  46.55  3.6883e-10
67.55  47.05  1.009e-10
67.55  47.55  9.87627e-11
67.55  48.05  1.02104e-10
67.55  48.55  6.44636e-11
67.55  49.05  2.19818e-11
67.55  49.55  2.22329e-11
67.55  50.05  1.75097e-11
67.55  50.55  7.95893e-12
67.55  51.05  5.32897e-12
67.55  51.55  5.43753e-12
67.55  52.05  2.11855e-11
70.05  37.55  1.60019e-08
70.05  38.05  7.1291e-09
70.05  38.55  1.49007e-08
70.05  39.05  1.44873e-08
70.05  39.55  9.67605e-09
70.05  40.05  1.94921e-08
70.05  40.55  2.87889e-08
70.05  41.05  2.70563e-08
70.05  41.55  1.60629e-08
70.05  42.05  2.10257e-08
70.05  42.55  2.05754e-08
70.05  43.05  1.62983e-08
70.05  43.55  4.70054e-09
70.05  44.05  4.74606e-09
70.05  44.55  4.60302e-09
70.05  45.05  2.41346e-09
70.05  45.55  8.49995e-10
70.05  46.05  6.28618e-10
70.05  46.55  3.36715e-10
70.05  47.05  9.52781e-11
70.05  47.55  9.40419e-11
70.05  48.05  9.59466e-11
70.05  48.55  5.89158e-11
70.05  49.05  2.04024e-11
70.05  49.55  2.2942e-11
70.05  50.05  1.55621e-11
70.05  50.55  6.61426e-12
70.05  51.05  4.40124e-12
70.05  51.55  4.64285e-12
70.05  52.05  1.44817e-11
72.55  37.55  1.50897e-08
72.55  38.05  6.95616e-09
72.55  38.55  2.40731e-08
72.55  39.05  2.94283e-08
72.55  39.55  2.53756e-08
72.55  40.05  4.28111e-08
72.55  40.55  5.40226e-08
72.55  41.05  3.98923e-08
72.55  41.55  2.33904e-08
72.55  42.05  3.04055e-08
72.55  42.55  2.72431e-08
72.55  43.05  2.1081e-08
72.55  43.55  5.48496e-09
72.55  44.05  3.62011e-09
72.55  44.55  3.58752e-09
72.55  45.05  2.41143e-09
72.55  45.55  9.6557e-10
72.55  46.05  8.60977e-10
72.55  46.55  4.44118e-10
72.55  47.05  1.22277e-10
72.55  47.55  1.13326e-10
72.55  48.05  1.22941e-10
72.55  48.55  6.4562e-11
72.55  49.05  2.49894e-11
72.55  49.55  2.86709e-11
72.55  50.05  2.27319e-11
72.55  50.55  8.07644e-12
72.55  51.05  4.97306e-12
72.55  51.55  4.58244e-12
72.55  52.05  1.53926e-11
75.05  37.55  7.28455e-09
75.05  38.05  6.3609e-09
75.05  38.55  3.05467e-08
75.05  39.05  3.497e-08
75.05  39.55  2.40982e-08
75.05  40.05  5.43667e-08
75.05  40.55  9.15886e-08
75.05  41.05  6.88102e-08
75.05  41.55  3.34032e-08
75.05  42.05  4.31186e-08
75.05  42.55  2.8108e-08
75.05  43.05  1.70529e-08
75.05  43.55  4.4926e-09
75.05  44.05  3.28785e-09
75.05  44.55  2.79093e-09
75.05  45.05  1.39113e-09
75.05  45.55  8.37174e-10
75.05  46.05  8.87285e-10
75.05  46.55  4.51932e-10
75.05  47.05  1.24674e-10
75.05  47.55  9.86264e-11
75.05  48.05  1.1664e-10
75.05  48.55  5.09915e-11
75.05  49.05  1.96513e-11
75.05  49.55  2.37758e-11
75.05  50.05  2.12981e-11
75.05  50.55  6.27798e-12
75.05  51.05  3.98426e-12
75.05  51.55  3.29209e-12
75.05  52.05  8.39127e-12
77.55  37.55  3.71244e-08
77.55  38.05  2.84202e-08
77.55  38.55  6.04669e-08
77.55  39.05  4.56009e-08
77.55  39.55  2.89469e-08
77.55  40.05  9.86056e-08
77.55  40.55  1.52567e-07
77.55  41.05  1.19899e-07
77.55  41.55  5.32304e-08
77.55  42.05  8.35357e-08
77.55  42.55  4.72284e-08
77.55  43.05  2.09701e-08
77.55  43.55  5.00092e-09
77.55  44.05  4.54056e-09
77.55  44.55  3.06488e-09
77.55  45.05  1.0732e-09
77.55  45.55  7.70751e-10
77.55  46.05  1.0196e-09
77.55  46.55  5.59148e-10
77.55  47.05  1.90066e-10
77.55  47.55  1.27664e-10
77.55  48.05  1.33418e-10
77.55  48.55  6.5122e-11
77.55  49.05  2.30639e-11
77.55  49.55  2.73054e-11
77.55  50.05  2.01811e-11
77.55  50.55  7.29859e-12
77.55  51.05  5.05057e-12
77.55  51.55  4.50047e-12
77.55  52.05  1.2319e-11
80.05  37.55  1.20876e-07
80.05  38.05  5.76189e-08
80.05  38.55  8.56289e-08
80.05  39.05  6.50068e-08
80.05  39.55  3.78698e-08
80.05  40.05  1.14512e-07
80.05  40.55  1.58578e-07
80.05  41.05  1.29107e-07
80.05  41.55  4.86103e-08
80.05  42.05  8.49215e-08
80.05  42.55  5.14793e-08
80.05  43.05  2.12137e-08
80.05  43.55  5.4927e-09
80.05  44.05  5.08448e-09
80.05  44.55  2.63477e-09
80.05  45.05  8.95799e-10
80.05  45.55  6.55939e-10
80.05  46.05  9.7864e-10
80.05  46.55  5.14773e-10
80.05  47.05  1.59557e-10
80.05  47.55  1.06234e-10
80.05  48.05  9.33797e-11
80.05  48.55  5.6555e-11
80.05  49.05  1.99246e-11
80.05  49.55  2.32388e-11
80.05  50.05  1.43283e-11
80.05  50.55  6.48895e-12
80.05  51.05  4.46336e-12
80.05  51.55  3.99442e-12
80.05  52.05  1.25561e-11
82.55  37.55  2.33272e-07
82.55  38.05  9.01904e-08
82.55  38.55  1.23292e-07
82.55  39.05  1.12883e-07
82.55  39.55  8.70443e-08
82.55  40.05  2.04738e-07
82.55  40.55  2.4637e-07
82.55  41.05  1.66739e-07
82.55  41.55  4.45696e-08
82.55  42.05  8.41763e-08
82.55  42.55  6.0504e-08
82.55  43.05  2.30482e-08
82.55  43.55  7.93289e-09
82.55  44.05  6.40789e-09
82.55  44.55  3.17418e-09
82.55  45.05  1.16538e-09
82.55  45.55  8.85705e-10
82.55  46.05  9.78044e-10
82.55  46.55  5.90753e-10
82.55  47.05  1.84727e-10
82.55  47.55  1.24049e-10
82.55  48.05  1.1121e-10
82.55  48.55  6.3495e-11
82.55  49.05  2.23444e-11
82.55  49.55  2.9175e-11
82.55  50.05  1.76515e-11
82.55  50.55  6.55407e-12
82.55  51.05  5.04884e-12
82.55  51.55  5.39818e-12
82.55  52.05  2.10628e-11
85.05  37.55  3.26259e-07
85.05  38.05  1.00823e-07
85.05  38.55  1.18207e-07
85.05  39.05  1.75954e-07
85.05  39.55  1.20335e-07
85.05  40.05  1.80757e-07
85.05  40.55  2.11628e-07
85.05  41.05  1.42223e-07
85.05  41.55  5.20889e-08
85.05  42.05  4.56576e-08
85.05  42.55  3.7127e-08
85.05  43.05  1.75373e-08
85.05  43.55  5.15282e-09
85.05  44.05  4.92382e-09
85.05  44.55  2.76124e-09
85.05  45.05  9.65809e-10
85.05  45.55  8.12342e-10
85.05  46.05  6.67798e-10
85.05  46.55  4.6732e-10
85.05  47.05  1.42836e-10
85.05  47.55  1.1392e-10
85.05  48.05  1.00972e-10
85.05  48.55  5.34441e-11
85.05  49.05  1.96545e-11
85.05  49.55  2.41971e-11
85.05  50.05  1.40189e-11
85.05  50.55  4.70434e-12
85.05  51.05  3.8806e-12
85.05  51.55  4.61266e-12
85.05  52.05  1.84023e-11
87.55  37.55  5.30663e-07
87.55  38.05  1.67187e-07
87.55  38.55  2.27516e-07
87.55  39.05  3.30314e-07
87.55  39.55  1.75386e-07
87.55  40.05  2.08805e-07
87.55  40.55  2.37812e-07
87.55  41.05  1.81632e-07
87.55  41.55  7.62899e-08
87.55  42.05  4.89733e-08
87.55  42.55  3.51427e-08
87.55  43.05  1.89408e-08
87.55  43.55  5.21821e-09
87.55  44.05  4.95751e-09
87.55  44.55  2.77663e-09
87.55  45.05  1.09767e-09
87.55  45.55  9.74979e-10
87.55  46.05  9.10142e-10
87.55  46.55  4.9381e-10
87.55  47.05  1.52965e-10
87.55  47.55  1.54079e-10
87.55  48.05  1.38012e-10
87.55  48.55  6.33993e-11
87.55  49.05  2.28097e-11
87.55  49.55  2.61974e-11
87.55  50.05  1.3805e-11
87.55  50.55  5.39184e-12
87.55  51.05  4.64066e-12
87.55  51.55  5.28758e-12
87.55  52.05  2.05504e-11
90.05  37.55  4.99905e-07
90.05  38.05  1.63389e-07
90.05  38.55  2.19653e-07
90.05  39.05  2.46008e-07
90.05  39.55  1.32895e-07
90.05  40.05  1.88352e-07
90.05  40.55  2.27814e-07
90.05  41.05  1.40974e-07
90.05  41.55  3.83924e-08
90.05  42.05  3.82493e-08
90.05  42.55  2.41082e-08
90.05  43.05  1.34172e-08
90.05  43.55  3.58441e-09
90.05  44.05  3.3696e-09
90.05  44.55  1.9435e-09
90.05  45.05  9.04193e-10
90.05  45.55  7.45147e-10
90.05  46.05  8.78676e-10
90.05  46.55  4.33758e-10
90.05  47.05  1.49255e-10
90.05  47.55  1.39381e-10
90.05  48.05  1.36926e-10
90.05  48.55  5.45058e-11
90.05  49.05  1.87546e-11
90.05  49.55  2.14667e-11
90.05  50.05  1.01653e-11
90.05  50.55  4.74194e-12
90.05  51.05  4.14048e-12
90.05  51.55  4.36009e-12
90.05  52.05  1.48995e-11
92.55  37.55  4.19982e-07
92.55  38.05  1.52409e-07
92.55  38.55  2.56144e-07
92.55  39.05  2.3018e-07
92.55  39.55  1.3999e-07
92.55  40.05  2.28573e-07
92.55  40.55  2.15948e-07
92.55  41.05  1.08732e-07
92.55  41.55  2.75876e-08
92.55  42.05  4.04593e-08
92.55  42.55  3.31235e-08
92.55  43.05  1.78812e-08
92.55  43.55  3.05545e-09
92.55  44.05  3.03666e-09
92.55  44.55  2.05166e-09
92.55  45.05  8.18413e-10
92.55  45.55  8.09178e-10
92.55  46.05  9.9776e-10
92.55  46.55  5.11525e-10
92.55  47.05  1.99126e-10
92.55  47.55  1.81233e-10
92.55  48.05  1.63952e-10
92.55  48.55  7.06206e-11
92.55  49.05  2.19417e-11
92.55  49.55  2.14692e-11
92.55  50.05  1.30446e-11
92.55  50.55  5.60523e-12
92.55  51.05  4.75166e-12
92.55  51.55  5.43077e-12
92.55  52.05  2.1557e-11
95.05  37.55  2.53849e-07
95.05  38.05  1.05775e-07
95.05  38.55  1.93326e-07
95.05  39.05  2.10221e-07
95.05  39.55  1.30573e-07
95.05  40.05  1.40663e-07
95.05  40.55  1.68128e-07
95.05  41.05  1.09623e-07
95.05  41.55  3.60086e-08
95.05  42.05  3.15055e-08
95.05  42.55  2.77741e-08
95.05  43.05  1.5205e-08
95.05  43.55  3.25376e-09
95.05  44.05  2.47049e-09
95.05  44.55  1.70555e-09
95.05  45.05  6.04549e-10
95.05  45.55  6.94065e-10
95.05  46.05  9.01603e-10
95.05  46.55  4.14672e-10
95.05  47.05  1.44909e-10
95.05  47.55  1.57742e-10
95.05  48.05  1.41467e-10
95.05  48.55  7.22527e-11
95.05  49.05  1.75031e-11
95.05  49.55  1.68169e-11
95.05  50.05  1.29149e-11
95.05  50.55  5.16117e-12
95.05  51.05  3.98135e-12
95.05  51.55  4.75356e-12
95.05  52.05  1.91778e-11
97.55  37.55  1.85089e-07
97.55  38.05  7.73145e-08
97.55  38.55  1.7057e-07
97.55  39.05  2.31313e-07
97.55  39.55  1.76428e-07
97.55  40.05  1.08337e-07
97.55  40.55  2.30157e-07
97.55  41.05  1.90423e-07
97.55  41.55  5.453e-08
97.55  42.05  3.78038e-08
97.55  42.55  2.86349e-08
97.55  43.05  1.49648e-08
97.55  43.55  3.72533e-09
97.55  44.05  2.77437e-09
97.55  44.55  1.47504e-09
97.55  45.05  6.31218e-10
97.55  45.55  8.71049e-10
97.55  46.05  9.08947e-10
97.55  46.55  4.57868e-10
97.55  47.05  1.63944e-10
97.55  47.55  2.03232e-10
97.55  48.05  1.79872e-10
97.55  48.55  9.78447e-11
97.55  49.05  1.94899e-11
97.55  49.55  1.73732e-11
97.55  50.05  1.55286e-11
97.55  50.55  7.24548e-12
97.55  51.05  4.89592e-12
97.55  51.55  4.40552e-12
97.55  52.05  1.64509e-11
100.05  37.55  8.41978e-08
100.05  38.05  3.08168e-08
100.05  38.55  7.23471e-08
100.05  39.05  1.05359e-07
100.05  39.55  9.2752e-08
100.05  40.05  1.10129e-07
100.05  40.55  1.8033e-07
100.05  41.05  1.20944e-07
100.05  41.55  4.04774e-08
100.05  42.05  2.36209e-08
100.05  42.55  1.70611e-08
100.05  43.05  9.55484e-09
100.05  43.55  2.55655e-09
100.05  44.05  2.38978e-09
100.05  44.55  1.13012e-09
100.05  45.05  6.29951e-10
100.05  45.55  8.63952e-10
100.05  46.05  7.10309e-10
100.05  46.55  4.243e-10
100.05  47.05  1.65551e-10
100.05  47.55  1.82235e-10
100.05  48.05  1.37575e-10
100.05  48.55  7.98333e-11
100.05  49.05  1.72501e-11
100.05  49.55  1.28089e-11
100.05  50.05  1.2012e-11
100.05  50.55  6.28461e-12
100.05  51.05  4.26149e-12
100.05  51.55  2.94415e-12
100.05  52.05  1.05954e-11
102.55  37.55  5.53471e-08
102.55  38.05  2.19683e-08
102.55  38.55  4.44263e-08
102.55  39.05  6.95528e-08
102.55  39.55  5.94666e-08
102.55  40.05  1.17332e-07
102.55  40.55  1.89841e-07
102.55  41.05  1.30244e-07
102.55  41.55  4.38527e-08
102.55  42.05  2.48467e-08
102.55  42.55  1.2897e-08
102.55  43.05  7.9336e-09
102.55  43.55  1.96112e-09
102.55  44.05  1.82801e-09
102.55  44.55  1.32992e-09
102.55  45.05  8.72059e-10
102.55  45.55  1.12483e-09
102.55  46.05  7.73996e-10
102.55  46.55  4.60945e-10
102.55  47.05  1.90176e-10
102.55  47.55  1.98865e-10
102.55  48.05  1.57361e-10
102.55  48.55  8.49907e-11
102.55  49.05  2.13443e-11
102.55  49.55  1.50638e-11
102.55  50.05  1.30363e-11
102.55  50.55  6.66798e-12
102.55  51.05  4.94013e-12
102.55  51.55  4.21586e-12
102.55  52.05  1.47327e-11
105.05  37.55  3.4438e-08
105.05  38.05  1.67212e-08
105.05  38.55  4.53636e-08
105.05  39.05  6.89848e-08
105.05  39.55  4.1896e-08
105.05  40.05  8.55994e-08
105.05  40.55  1.44032e-07
105.05  41.05  9.33119e-08
105.05  41.55  2.95393e-08
105.05  42.05  1.95105e-08
105.05  42.55  7.51905e-09
105.05  43.05  4.76286e-09
105.05  43.55  1.14363e-09
105.05  44.05  1.17368e-09
105.05  44.55  1.09243e-09
105.05  45.05  6.52834e-10
105.05  45.55  5.05851e-10
105.05  46.05  4.39956e-10
105.05  46.55  3.35833e-10
105.05  47.05  1.39767e-10
105.05  47.55  1.51729e-10
105.05  48.05  1.30215e-10
105.05  48.55  6.19457e-11
105.05  49.05  1.71542e-11
105.05  49.55  1.32118e-11
105.05  50.05  1.05058e-11
105.05  50.55  5.18517e-12
105.05  51.05  3.8257e-12
105.05  51.55  3.86825e-12
105.05  52.05  1.34648e-11
107.55  37.55  1.76396e-08
107.55  38.05  1.50903e-08
107.55  38.55  5.66163e-08
107.55  39.05  7.62153e-08
107.55  39.55  3.62448e-08
107.55  40.05  9.07214e-08
107.55  40.55  1.39851e-07
107.55  41.05  7.83515e-08
107.55  41.55  2.15653e-08
107.55  42.05  1.49475e-08
107.55  42.55  5.63849e-09
107.55  43.05  2.98914e-09
107.55  43.55  9.96391e-10
107.55  44.05  1.36534e-09
107.55  44.55  1.24031e-09
107.55  45.05  6.94339e-10
107.55  45.55  3.7003e-10
107.55  46.05  4.50449e-10
107.55  46.55  3.63378e-10
107.55  47.05  1.43933e-10
107.55  47.55  1.43357e-10
107.55  48.05  1.30705e-10
107.55  48.55  6.91514e-11
107.55  49.05  1.96823e-11
107.55  49.55  1.5094e-11
107.55  50.05  1.29521e-11
107.55  50.55  5.65091e-12
107.55  51.05  4.00859e-12
107.55  51.55  3.98233e-12
107.55  52.05  1.22888e-11
110.05  37.55  1.0962e-08
110.05  38.05  1.08577e-08
110.05  38.55  3.96008e-08
110.05  39.05  5.33722e-08
110.05  39.55  2.72115e-08
110.05  40.05  5.9951e-08
110.05  40.55  7.78126e-08
110.05  41.05  4.05601e-08
110.05  41.55  1.06223e-08
110.05  42.05  7.32292e-09
110.05  42.55  3.66054e-09
110.05  43.05  2.11704e-09
110.05  43.55  7.26298e-10
110.05  44.05  1.08916e-09
110.05  44.55  8.9154e-10
110.05  45.05  4.37103e-10
110.05  45.55  3.39399e-10
110.05  46.05  4.00385e-10
110.05  46.55  2.69349e-10
110.05  47.05  1.02144e-10
110.05  47.55  9.94835e-11
110.05  48.05  1.01461e-10
110.05  48.55  6.08984e-11
110.05  49.05  1.58828e-11
110.05  49.55  1.20872e-11
110.05  50.05  1.08921e-11
110.05  50.55  4.62528e-12
110.05  51.05  3.35041e-12
110.05  51.55  3.12529e-12
110.05  52.05  1.12635e-11
112.55  37.55  1.0997e-08
112.55  38.05  8.93271e-09
112.55  38.55  2.73214e-08
112.55  39.05  3.01528e-08
112.55  39.55  2.21809e-08
112.55  40.05  4.17862e-08
112.55  40.55  4.41725e-08
112.55  41.05  2.1959e-08
112.55  41.55  5.77646e-09
112.55  42.05  4.62967e-09
112.55  42.55  3.50345e-09
112.55  43.05  1.89753e-09
112.55  43.55  7.47823e-10
112.55  44.05  1.23037e-09
112.55  44.55  8.38976e-10
112.55  45.05  3.92991e-10
112.55  45.55  3.97534e-10
112.55  46.05  4.53182e-10
112.55  46.55  2.90664e-10
112.55  47.05  9.76865e-11
112.55  47.55  9.8966e-11
112.55  48.05  1.01283e-10
112.55  48.55  6.54728e-11
112.55  49.05  1.8372e-11
112.55  49.55  1.6346e-11
112.55  50.05  1.26085e-11
112.55  50.55  4.87198e-12
112.55  51.05  3.61286e-12
112.55  51.55  3.77889e-12
112.55  52.05  1.49898e-11
115.05  37.55  5.66543e-09
115.05  38.05  3.82425e-09
115.05  38.55  1.48058e-08
115.05  39.05  1.83403e-08
115.05  39.55  1.28223e-08
115.05  40.05  1.87103e-08
115.05  40.55  1.87458e-08
115.05  41.05  8.19987e-09
115.05  41.55  1.9691e-09
115.05  42.05  2.08504e-09
115.05  42.55  1.85359e-09
115.05  43.05  9.98422e-10
115.05  43.55  6.37705e-10
115.05  44.05  1.06337e-09
115.05  44.55  6.30354e-10
115.05  45.05  3.1105e-10
115.05  45.55  3.50369e-10
115.05  46.05  3.49651e-10
115.05  46.55  2.33271e-10
115.05  47.05  8.46624e-11
115.05  47.55  6.81931e-11
115.05  48.05  6.81765e-11
115.05  48.55  4.9512e-11
115.05  49.05  1.47272e-11
115.05  49.55  1.60636e-11
115.05  50.05  1.08906e-11
115.05  50.55  3.62167e-12
115.05  51.05  2.8122e-12
115.05  51.55  3.22653e-12
115.05  52.05  1.21073e-11
117.55  37.55  3.76042e-09
117.55  38.05  2.03754e-09
117.55  38.55  1.13578e-08
117.55  39.05  1.73861e-08
117.55  39.55  8.31294e-09
117.55  40.05  9.97838e-09
117.55  40.55  1.05042e-08
117.55  41.05  4.67984e-09
117.55  41.55  1.02981e-09
117.55  42.05  1.39737e-09
117.55  42.55  1.5378e-09
117.55  43.05  1.02456e-09
117.55  43.55  8.39389e-10
117.55  44.05  1.28006e-09
117.55  44.55  7.49013e-10
117.55  45.05  3.71883e-10
117.55  45.55  4.40241e-10
117.55  46.05  3.74936e-10
117.55  46.55  2.49945e-10
117.55  47.05  1.1955e-10
117.55  47.55  6.7675e-11
117.55  48.05  7.45727e-11
117.55  48.55  5.83011e-11
117.55  49.05  1.46354e-11
117.55  49.55  1.95565e-11
117.55  50.05  1.38761e-11
117.55  50.55  4.49312e-12
117.55  51.05  3.48107e-12
117.55  51.55  3.94921e-12
117.55  52.05  1.59855e-11
120.05  37.55  2.22384e-09
120.05  38.05  1.26228e-09
120.05  38.55  1.21577e-08
120.05  39.05  1.74793e-08
120.05  39.55  4.0514e-09
120.05  40.05  4.81919e-09
120.05  40.55  6.93154e-09
120.05  41.05  4.74423e-09
120.05  41.55  6.74032e-10
120.05  42.05  1.20315e-09
120.05  42.55  2.10006e-09
120.05  43.05  1.7242e-09
120.05  43.55  1.51031e-09
120.05  44.05  1.89753e-09
120.05  44.55  1.13078e-09
120.05  45.05  6.17609e-10
120.05  45.55  8.18025e-10
120.05  46.05  5.94313e-10
120.05  46.55  3.32918e-10
120.05  47.05  2.22095e-10
120.05  47.55  9.50795e-11
120.05  48.05  1.19644e-10
120.05  48.55  9.77491e-11
120.05  49.05  2.15184e-11
120.05  49.55  3.35234e-11
120.05  50.05  2.36339e-11
120.05  50.55  7.57583e-12
120.05  51.05  6.12419e-12
120.05  51.55  6.76674e-12
120.05  52.05  3.21453e-11
122.55  38.55  9.69622e-09
122.55  39.05  1.28719e-08
122.55  40.05  2.46021e-09
122.55  40.55  2.81253e-09
122.55  41.05  1.31298e-09
122.55  42.05  3.46634e-10
122.55  42.55  3.30914e-09
122.55  43.05  2.82976e-09
122.55  43.55  3.85529e-09
122.55  44.05  2.0336e-09
122.55  44.55  1.57044e-09
122.55  45.05  1.31973e-09
122.55  45.55  1.552e-09
122.55  46.05  1.22764e-09
122.55  46.55  4.94981e-10
122.55  47.05  7.24854e-10
122.55  47.55  1.5435e-10
122.55  48.05  2.88275e-10
122.55  48.55  1.9953e-10
122.55  49.05  3.5107e-11
122.55  49.55  7.82446e-11
122.55  50.05  4.09381e-11
122.55  50.55  1.62746e-11
122.55  51.05  1.35469e-11
122.55  51.55  6.44579e-12
125.05  48.55  2.0312e-08
130.05  51.05  1
142.55  50.55  0
