Residue Name,Residue Number,Binding Free Energy (kcal/mol),VDW Energy (kcal/mol)
PRO   1,1,-0.0457,-0.0008
ILE   2,2,-0.0003,-0.0005
VAL   3,3,-0.0006,-0.0004
GLN   4,4,-0.0005,-0.0003
ASN   5,5,-0.0012,-0.0001
LEU   6,6,-0.0006,0.0000
GLN   7,7,-0.0005,-0.0002
GLY   8,8,-0.0006,-0.0000
GLN   9,9,0.0011,0.0000
MET  10,10,-0.0005,-0.0002
VAL  11,11,-0.0001,-0.0004
HID  12,12,-0.0016,-0.0008
GLN  13,13,-0.0014,-0.0007
ALA  14,14,0.0017,-0.0006
ILE  15,15,-0.0038,-0.0024
SER  16,16,-0.0063,-0.0027
PRO  17,17,-0.0094,-0.0064
ARG  18,18,-0.1081,-0.0244
THR  19,19,-0.0062,-0.0065
LEU  20,20,-0.0097,-0.0100
ASN  21,21,-0.0340,-0.0422
ALA  22,22,-0.0234,-0.0205
TRP  23,23,-0.0218,-0.0242
VAL  24,24,-0.0448,-0.0547
LYS  25,25,-0.7950,-0.3726
VAL  26,26,-0.0547,-0.0550
VAL  27,27,-0.0426,-0.0541
GLU  28,28,2.4030,-0.2896
GLU  29,29,4.1743,-1.6394
LYS  30,30,1.0719,-0.3390
ALA  31,31,-0.1231,-0.1188
PHE  32,32,-0.0339,-0.0428
SER  33,33,-0.0209,-0.0745
PRO  34,34,-0.0817,-0.0492
GLU  35,35,-0.0747,-0.0336
VAL  36,36,-0.0244,-0.0219
ILE  37,37,-0.0053,-0.0067
PRO  38,38,-0.0002,-0.0071
MET  39,39,-0.0208,-0.0273
PHE  40,40,-0.0036,-0.0063
SER  41,41,-0.0001,-0.0024
ALA  42,42,-0.0000,-0.0027
LEU  43,43,-0.0070,-0.0084
SER  44,44,-0.0016,-0.0017
GLU  45,45,0.0440,-0.0014
GLY  46,46,-0.0004,-0.0004
ALA  47,47,-0.0007,-0.0007
THR  48,48,-0.0011,-0.0007
PRO  49,49,-0.0006,-0.0004
GLN  50,50,-0.0009,-0.0007
ASP  51,51,0.0320,-0.0010
LEU  52,52,0.0004,-0.0015
ASN  53,53,-0.0026,-0.0011
THR  54,54,-0.0072,-0.0023
MET  55,55,-0.0062,-0.0045
LEU  56,56,-0.0033,-0.0030
ASN  57,57,-0.0045,-0.0038
THR  58,58,-0.0143,-0.0108
VAL  59,59,-0.0087,-0.0082
ALA  60,60,-0.0014,-0.0042
PRO  61,61,-0.0107,-0.0162
HID  62,62,-0.0492,-0.0378
GLN  63,63,-0.0062,-0.0061
ALA  64,64,-0.0095,-0.0037
ALA  65,65,-0.0053,-0.0042
ALA  66,66,-0.0031,-0.0024
GLN  67,67,-0.0040,-0.0019
MET  68,68,-0.0048,-0.0027
LEU  69,69,-0.0042,-0.0025
LYS  70,70,-0.0292,-0.0014
GLU  71,71,0.0380,-0.0009
THR  72,72,-0.0019,-0.0009
ILE  73,73,-0.0008,-0.0008
ASN  74,74,-0.0020,-0.0005
GLU  75,75,0.0357,-0.0004
GLU  76,76,0.0318,-0.0006
ALA  77,77,0.0003,-0.0002
ALA  78,78,0.0000,-0.0003
GLU  79,79,0.0372,-0.0002
TRP  80,80,-0.0000,-0.0003
ASP  81,81,0.0338,-0.0001
ARG  82,82,-0.0384,-0.0001
LEU  83,83,-0.0000,-0.0002
HID  84,84,0.0001,-0.0001
PRO  85,85,-0.0002,-0.0000
VAL  86,86,-0.0003,-0.0000
HID  87,87,-0.0001,0.0000
ALA  88,88,-0.0001,-0.0001
GLY  89,89,0.0002,0.0000
PRO  90,90,-0.0003,-0.0000
ILE  91,91,-0.0003,0.0000
ALA  92,92,0.0002,0.0000
PRO  93,93,0.0004,0.0000
GLY  94,94,0.0002,0.0000
GLN  95,95,-0.0004,-0.0001
MET  96,96,0.0003,-0.0001
ARG  97,97,-0.0348,-0.0001
GLU  98,98,0.0352,-0.0001
PRO  99,99,-0.0000,-0.0001
ARG 100,100,-0.0337,-0.0000
GLY 101,101,0.0003,-0.0002
SER 102,102,-0.0001,-0.0001
ASP 103,103,0.0331,-0.0001
ILE 104,104,0.0003,-0.0002
ALA 105,105,-0.0011,-0.0002
GLY 106,106,-0.0008,-0.0002
THR 107,107,-0.0001,-0.0004
THR 108,108,-0.0001,-0.0002
SER 109,109,-0.0010,-0.0003
THR 110,110,0.0004,-0.0001
LEU 111,111,0.0003,-0.0003
GLN 112,112,0.0007,-0.0002
GLU 113,113,0.0349,-0.0000
GLN 114,114,0.0008,-0.0003
ILE 115,115,0.0002,-0.0002
GLY 116,116,0.0007,0.0000
TRP 117,117,0.0004,-0.0002
MET 118,118,0.0001,-0.0002
THR 119,119,0.0001,0.0000
HID 120,120,0.0000,-0.0001
ASN 121,121,-0.0005,-0.0001
PRO 122,122,-0.0003,-0.0002
PRO 123,123,-0.0004,0.0000
ILE 124,124,-0.0001,-0.0002
PRO 125,125,-0.0011,-0.0003
VAL 126,126,-0.0009,-0.0005
GLY 127,127,-0.0004,-0.0002
GLU 128,128,0.0377,-0.0005
ILE 129,129,-0.0005,-0.0005
TYR 130,130,0.0006,-0.0010
LYS 131,131,-0.0391,-0.0013
ARG 132,132,-0.0368,-0.0010
TRP 133,133,-0.0002,-0.0011
ILE 134,134,-0.0001,-0.0020
ILE 135,135,-0.0008,-0.0022
LEU 136,136,-0.0010,-0.0015
GLY 137,137,-0.0018,-0.0011
LEU 138,138,-0.0070,-0.0059
ASN 139,139,-0.0012,-0.0035
LYS 140,140,-0.0460,-0.0031
ILE 141,141,-0.0045,-0.0081
VAL 142,142,-0.0072,-0.0128
ARG 143,143,-0.0593,-0.0075
MET 144,144,-0.0013,-0.0096
TYR 145,145,-0.0763,-0.0611
SER 146,146,-0.0657,-0.0709
PRO 147,147,-0.2084,-0.3638
THR 148,148,-0.8693,-1.7776
SER 149,149,-4.2541,-3.3068
ILE 150,150,-12.2736,-9.0449
LEU 151,151,-5.9244,-2.1899
ASP 152,152,-0.1798,-2.1669
ILE 153,153,-2.1082,-2.0861
ARG 154,154,-2.6901,-0.1292
GLN 155,155,-0.2158,-0.0913
GLY 156,156,-0.2056,-0.1186
PRO 157,157,-0.1699,-0.1445
LYS 158,158,-0.1609,-0.1218
GLU 159,159,3.2216,-0.4076
PRO 160,160,0.0857,-0.0551
PHE 161,161,0.0351,-0.0228
ARG 162,162,-0.0140,-0.0402
ASP 163,163,0.1664,-0.1551
TYR 164,164,-0.0311,-0.1550
VAL 165,165,-0.0039,-0.0406
ASP 166,166,-0.1620,-0.0894
ARG 167,167,-2.4929,-1.4495
PHE 168,168,-1.1265,-1.2390
TYR 169,169,-0.0905,-0.1160
LYS 170,170,0.8484,-0.3458
THR 171,171,-1.5017,-1.9503
LEU 172,172,-0.8983,-0.8957
ARG 173,173,-0.0317,-0.1093
ALA 174,174,-0.3365,-0.3062
GLU 175,175,4.7247,-1.1776
GLN 176,176,-0.0759,-0.0778
ALA 177,177,-0.0448,-0.0436
SER 178,178,-0.0088,-0.0096
GLN 179,179,-0.0084,-0.0103
GLU 180,180,0.0115,-0.0064
VAL 181,181,-0.0293,-0.0405
LYS 182,182,-0.0744,-0.0964
ASN 183,183,-0.0060,-0.0142
TRP 184,184,-0.0326,-0.0508
MET 185,185,-0.6391,-0.8277
THR 186,186,-0.0548,-0.0527
GLU 187,187,0.0180,-0.0108
THR 188,188,-0.0229,-0.0217
LEU 189,189,-0.7741,-0.8132
LEU 190,190,-0.0104,-0.0885
VAL 191,191,0.0086,-0.0147
GLN 192,192,-0.1170,-0.0281
ASN 193,193,-1.0197,-0.2226
ALA 194,194,-0.0291,-0.0153
ASN 195,195,-0.0426,-0.0166
PRO 196,196,-0.0118,-0.0081
ASP 197,197,0.0499,-0.0051
CYX 198,198,-0.0150,-0.0053
LYS 199,199,-0.1352,-0.0074
THR 200,200,-0.0048,-0.0020
ILE 201,201,-0.0065,-0.0024
LEU 202,202,-0.0102,-0.0037
LYS 203,203,-0.0453,-0.0016
ALA 204,204,-0.0018,-0.0006
LEU 205,205,-0.0044,-0.0012
GLY 206,206,-0.0006,-0.0007
PRO 207,207,-0.0030,-0.0008
GLY 208,208,-0.0035,-0.0006
ALA 209,209,0.0000,-0.0011
THR 210,210,0.0038,-0.0014
LEU 211,211,0.0005,-0.0067
GLU 212,212,-0.0327,-0.0026
GLU 213,213,-0.0069,-0.0016
MET 214,214,-0.0035,-0.0043
MET 215,215,-0.0129,-0.0076
THR 216,216,-0.0055,-0.0022
ALA 217,217,-0.0070,-0.0017
CYX 218,218,-0.0032,-0.0045
GLN 219,219,-0.0017,-0.0063
GLY 220,220,-0.0056,-0.0057
VAL 221,221,-0.0984,-0.0260
