Residue Name,Residue Number,Binding Free Energy (kcal/mol),VDW Energy (kcal/mol)
PRO   1,1,-0.0829,-0.0004
ILE   2,2,0.0001,-0.0005
VAL   3,3,-0.0001,-0.0001
GLN   4,4,0.0001,-0.0000
ASN   5,5,-0.0011,-0.0001
LEU   6,6,-0.0007,-0.0001
GLN   7,7,-0.0001,-0.0000
GLY   8,8,-0.0001,-0.0001
GLN   9,9,0.0007,-0.0002
MET  10,10,-0.0008,-0.0003
VAL  11,11,-0.0003,-0.0003
HID  12,12,0.0002,-0.0008
GLN  13,13,-0.0007,-0.0004
ALA  14,14,-0.0013,-0.0006
ILE  15,15,-0.0005,-0.0019
SER  16,16,0.0025,-0.0014
PRO  17,17,0.0002,-0.0033
ARG  18,18,-0.1133,-0.0042
THR  19,19,0.0038,-0.0030
LEU  20,20,0.0041,-0.0085
ASN  21,21,0.0025,-0.0165
ALA  22,22,0.0072,-0.0066
TRP  23,23,0.0185,-0.0185
VAL  24,24,-0.0050,-0.0609
LYS  25,25,-0.3814,-0.0883
VAL  26,26,0.0211,-0.0220
VAL  27,27,0.0305,-0.0869
GLU  28,28,3.2018,-1.0619
GLU  29,29,0.7831,-0.2511
LYS  30,30,-0.3230,-0.0450
ALA  31,31,-0.1791,-0.0926
PHE  32,32,-0.0916,-0.0877
SER  33,33,-0.0063,-0.0110
PRO  34,34,-0.0059,-0.0049
GLU  35,35,0.1593,-0.0062
VAL  36,36,-0.0215,-0.0082
ILE  37,37,-0.0002,-0.0030
PRO  38,38,-0.0039,-0.0018
MET  39,39,-0.0109,-0.0052
PHE  40,40,-0.0081,-0.0037
SER  41,41,-0.0039,-0.0009
ALA  42,42,-0.0039,-0.0006
LEU  43,43,-0.0093,-0.0031
SER  44,44,-0.0063,-0.0009
GLU  45,45,0.0716,-0.0008
GLY  46,46,0.0012,-0.0002
ALA  47,47,-0.0026,-0.0003
THR  48,48,0.0007,-0.0005
PRO  49,49,0.0004,-0.0006
GLN  50,50,-0.0015,-0.0008
ASP  51,51,0.0846,-0.0012
LEU  52,52,0.0032,-0.0018
ASN  53,53,-0.0014,-0.0018
THR  54,54,-0.0012,-0.0030
MET  55,55,0.0037,-0.0049
LEU  56,56,0.0027,-0.0070
ASN  57,57,-0.0136,-0.0120
THR  58,58,-0.0094,-0.0241
VAL  59,59,-0.0150,-0.0466
ALA  60,60,-0.0478,-0.0734
PRO  61,61,-0.4000,-0.7857
HID  62,62,-0.4675,-1.0448
GLN  63,63,-0.1470,-0.3445
ALA  64,64,-0.0902,-0.0626
ALA  65,65,-0.0677,-0.0331
ALA  66,66,-0.0203,-0.0171
GLN  67,67,-0.0226,-0.0125
MET  68,68,-0.0203,-0.0097
LEU  69,69,-0.0192,-0.0070
LYS  70,70,-0.0417,-0.0062
GLU  71,71,0.0338,-0.0030
THR  72,72,-0.0069,-0.0017
ILE  73,73,-0.0028,-0.0015
ASN  74,74,0.0019,-0.0010
GLU  75,75,0.0508,-0.0008
GLU  76,76,0.0502,-0.0007
ALA  77,77,-0.0008,-0.0004
ALA  78,78,-0.0000,-0.0002
GLU  79,79,0.0611,-0.0003
TRP  80,80,0.0000,-0.0004
ASP  81,81,0.0538,-0.0002
ARG  82,82,-0.0570,-0.0002
LEU  83,83,-0.0004,-0.0001
HID  84,84,0.0002,-0.0000
PRO  85,85,-0.0001,-0.0001
VAL  86,86,-0.0005,0.0000
HID  87,87,0.0009,0.0000
ALA  88,88,0.0001,0.0000
GLY  89,89,0.0007,0.0000
PRO  90,90,-0.0007,-0.0001
ILE  91,91,-0.0007,0.0000
ALA  92,92,0.0018,-0.0000
PRO  93,93,-0.0002,-0.0001
GLY  94,94,0.0006,0.0000
GLN  95,95,0.0014,-0.0002
MET  96,96,-0.0012,0.0000
ARG  97,97,-0.0628,-0.0002
GLU  98,98,0.0513,-0.0001
PRO  99,99,-0.0010,-0.0001
ARG 100,100,-0.0527,-0.0001
GLY 101,101,0.0004,-0.0001
SER 102,102,0.0002,-0.0003
ASP 103,103,0.0569,-0.0001
ILE 104,104,0.0011,-0.0004
ALA 105,105,-0.0004,-0.0004
GLY 106,106,-0.0003,-0.0002
THR 107,107,-0.0000,-0.0004
THR 108,108,-0.0003,-0.0002
SER 109,109,-0.0006,-0.0003
THR 110,110,-0.0008,-0.0003
LEU 111,111,-0.0002,-0.0003
GLN 112,112,0.0014,-0.0001
GLU 113,113,0.0701,-0.0002
GLN 114,114,0.0002,-0.0003
ILE 115,115,-0.0016,-0.0004
GLY 116,116,-0.0012,-0.0001
TRP 117,117,-0.0001,-0.0002
MET 118,118,-0.0009,-0.0002
THR 119,119,-0.0002,0.0000
HID 120,120,-0.0004,-0.0002
ASN 121,121,-0.0003,0.0000
PRO 122,122,-0.0008,0.0000
PRO 123,123,-0.0018,-0.0002
ILE 124,124,0.0009,-0.0003
PRO 125,125,-0.0006,-0.0002
VAL 126,126,-0.0005,-0.0002
GLY 127,127,0.0009,-0.0001
GLU 128,128,0.0576,-0.0005
ILE 129,129,0.0005,-0.0003
TYR 130,130,0.0008,-0.0013
LYS 131,131,-0.0624,-0.0010
ARG 132,132,-0.0516,-0.0008
TRP 133,133,0.0033,-0.0013
ILE 134,134,0.0054,-0.0024
ILE 135,135,0.0066,-0.0016
LEU 136,136,0.0024,-0.0013
GLY 137,137,0.0041,-0.0017
LEU 138,138,0.0074,-0.0061
ASN 139,139,0.0058,-0.0024
LYS 140,140,-0.0796,-0.0043
ILE 141,141,0.0024,-0.0169
VAL 142,142,0.0081,-0.0078
ARG 143,143,-0.1176,-0.0059
MET 144,144,-0.0537,-0.0246
TYR 145,145,-0.0891,-0.0840
SER 146,146,-0.0244,-0.0894
PRO 147,147,-0.1802,-0.1843
THR 148,148,-0.8107,-0.8280
SER 149,149,-2.6715,-3.2407
ILE 150,150,-10.9715,-8.6531
LEU 151,151,-6.2157,-2.1983
ASP 152,152,1.4093,-1.7408
ILE 153,153,-2.1832,-1.6112
ARG 154,154,-0.1931,-0.1142
GLN 155,155,0.0026,-0.0133
GLY 156,156,0.0039,-0.0033
PRO 157,157,-0.0027,-0.0026
LYS 158,158,-0.0082,-0.0016
GLU 159,159,0.0440,-0.0069
PRO 160,160,0.0049,-0.0026
PHE 161,161,0.0054,-0.0069
ARG 162,162,0.0112,-0.0042
ASP 163,163,-0.0328,-0.0058
TYR 164,164,0.0160,-0.0623
VAL 165,165,-0.0071,-0.0212
ASP 166,166,-0.0403,-0.0192
ARG 167,167,-0.3029,-0.1232
PHE 168,168,-0.8881,-1.0010
TYR 169,169,-0.1087,-0.1144
LYS 170,170,-0.0617,-0.0939
THR 171,171,-1.0841,-1.5164
LEU 172,172,-0.9297,-1.0105
ARG 173,173,-0.2397,-0.2847
ALA 174,174,-0.2100,-0.5356
GLU 175,175,6.2438,-2.1760
GLN 176,176,-1.1478,-2.2506
ALA 177,177,-0.2274,-0.2160
SER 178,178,-0.1093,-0.1283
GLN 179,179,-0.0298,-0.0325
GLU 180,180,-0.0208,-0.0313
VAL 181,181,-0.1782,-0.1508
LYS 182,182,-0.1215,-0.0700
ASN 183,183,-0.0171,-0.0167
TRP 184,184,-0.1020,-0.1132
MET 185,185,-0.5467,-0.7329
THR 186,186,-0.0196,-0.0285
GLU 187,187,0.0020,-0.0110
THR 188,188,-0.0323,-0.0276
LEU 189,189,-0.8607,-0.8151
LEU 190,190,-0.0102,-0.0633
VAL 191,191,0.0020,-0.0101
GLN 192,192,-0.0496,-0.0192
ASN 193,193,-0.8671,-0.1577
ALA 194,194,-0.0095,-0.0074
ASN 195,195,0.0047,-0.0033
PRO 196,196,0.0006,-0.0018
ASP 197,197,0.0254,-0.0006
CYX 198,198,-0.0037,-0.0017
LYS 199,199,-0.0446,-0.0041
THR 200,200,-0.0024,-0.0009
ILE 201,201,-0.0026,-0.0007
LEU 202,202,-0.0049,-0.0021
LYS 203,203,-0.0236,-0.0016
ALA 204,204,-0.0029,-0.0006
LEU 205,205,-0.0050,-0.0009
GLY 206,206,0.0003,-0.0003
PRO 207,207,-0.0025,-0.0009
GLY 208,208,-0.0021,-0.0005
ALA 209,209,-0.0011,-0.0010
THR 210,210,0.0026,-0.0013
LEU 211,211,0.0017,-0.0049
GLU 212,212,-0.0202,-0.0013
GLU 213,213,-0.0073,-0.0009
MET 214,214,-0.0005,-0.0030
MET 215,215,0.0004,-0.0024
THR 216,216,0.0024,-0.0006
ALA 217,217,0.0023,-0.0005
CYX 218,218,-0.0016,-0.0010
GLN 219,219,0.0015,-0.0007
GLY 220,220,0.0008,-0.0003
VAL 221,221,0.0175,-0.0006
