Residue Name,Residue Number,Binding Free Energy (kcal/mol),VDW Energy (kcal/mol)
PRO   1,1,-0.0287,-0.0006
ILE   2,2,-0.0017,-0.0005
VAL   3,3,0.0006,-0.0003
GLN   4,4,-0.0011,-0.0006
ASN   5,5,0.0011,-0.0003
LEU   6,6,0.0003,-0.0003
GLN   7,7,-0.0005,-0.0001
GLY   8,8,0.0002,-0.0000
GLN   9,9,-0.0007,-0.0003
MET  10,10,-0.0003,-0.0001
VAL  11,11,-0.0000,-0.0001
HID  12,12,0.0001,-0.0004
GLN  13,13,-0.0004,-0.0003
ALA  14,14,-0.0006,-0.0005
ILE  15,15,-0.0002,-0.0008
SER  16,16,-0.0025,-0.0006
PRO  17,17,-0.0029,-0.0005
ARG  18,18,-0.0128,-0.0011
THR  19,19,-0.0020,-0.0013
LEU  20,20,-0.0005,-0.0011
ASN  21,21,-0.0021,-0.0011
ALA  22,22,-0.0048,-0.0019
TRP  23,23,-0.0087,-0.0070
VAL  24,24,-0.0010,-0.0023
LYS  25,25,0.0161,-0.0051
VAL  26,26,-0.0144,-0.0120
VAL  27,27,-0.0095,-0.0070
GLU  28,28,-0.0168,-0.0069
GLU  29,29,-0.1010,-0.0203
LYS  30,30,0.4331,-0.1670
ALA  31,31,-0.0241,-0.0206
PHE  32,32,0.0015,-0.0444
SER  33,33,-0.0978,-0.2742
PRO  34,34,-1.3985,-1.4171
GLU  35,35,4.5606,-1.0004
VAL  36,36,-0.0955,-0.0676
ILE  37,37,-0.1807,-0.1600
PRO  38,38,-0.3081,-0.3162
MET  39,39,-0.0469,-0.0453
PHE  40,40,-0.0180,-0.0144
SER  41,41,-0.0058,-0.0130
ALA  42,42,-0.0019,-0.0063
LEU  43,43,-0.0060,-0.0052
SER  44,44,-0.0012,-0.0024
GLU  45,45,0.0127,-0.0030
GLY  46,46,0.0001,-0.0005
ALA  47,47,0.0007,-0.0008
THR  48,48,-0.0015,-0.0005
PRO  49,49,-0.0021,-0.0005
GLN  50,50,-0.0018,-0.0004
ASP  51,51,0.0292,-0.0004
LEU  52,52,0.0012,-0.0015
ASN  53,53,-0.0021,-0.0005
THR  54,54,-0.0049,-0.0005
MET  55,55,-0.0034,-0.0018
LEU  56,56,-0.0018,-0.0014
ASN  57,57,-0.0020,-0.0005
THR  58,58,-0.0081,-0.0008
VAL  59,59,0.0033,-0.0017
ALA  60,60,0.0026,-0.0004
PRO  61,61,-0.0004,-0.0007
HID  62,62,-0.0011,-0.0026
GLN  63,63,0.0014,-0.0010
ALA  64,64,-0.0000,-0.0011
ALA  65,65,-0.0031,-0.0021
ALA  66,66,-0.0000,-0.0010
GLN  67,67,-0.0025,-0.0011
MET  68,68,-0.0038,-0.0035
LEU  69,69,-0.0049,-0.0033
LYS  70,70,-0.0337,-0.0011
GLU  71,71,0.0480,-0.0010
THR  72,72,-0.0013,-0.0022
ILE  73,73,0.0003,-0.0016
ASN  74,74,-0.0006,-0.0005
GLU  75,75,0.0685,-0.0012
GLU  76,76,0.0837,-0.0019
ALA  77,77,0.0008,-0.0003
ALA  78,78,-0.0003,-0.0003
GLU  79,79,0.0825,-0.0010
TRP  80,80,-0.0000,-0.0009
ASP  81,81,0.0587,-0.0003
ARG  82,82,-0.0730,-0.0007
LEU  83,83,-0.0012,-0.0005
HID  84,84,0.0000,-0.0004
PRO  85,85,-0.0000,-0.0001
VAL  86,86,0.0004,-0.0001
HID  87,87,0.0007,-0.0001
ALA  88,88,0.0002,-0.0000
GLY  89,89,0.0006,0.0000
PRO  90,90,0.0000,-0.0001
ILE  91,91,-0.0011,0.0000
ALA  92,92,0.0004,0.0000
PRO  93,93,0.0007,-0.0000
GLY  94,94,0.0006,0.0000
GLN  95,95,0.0002,-0.0000
MET  96,96,-0.0007,-0.0002
ARG  97,97,-0.0626,-0.0000
GLU  98,98,0.0675,-0.0002
PRO  99,99,0.0006,-0.0002
ARG 100,100,-0.0608,-0.0003
GLY 101,101,-0.0002,-0.0002
SER 102,102,-0.0016,-0.0002
ASP 103,103,0.0569,-0.0002
ILE 104,104,-0.0018,-0.0005
ALA 105,105,-0.0027,-0.0002
GLY 106,106,-0.0007,-0.0001
THR 107,107,-0.0012,-0.0002
THR 108,108,-0.0000,-0.0002
SER 109,109,-0.0015,-0.0001
THR 110,110,0.0002,-0.0002
LEU 111,111,0.0010,-0.0002
GLN 112,112,0.0006,-0.0002
GLU 113,113,0.0617,-0.0002
GLN 114,114,-0.0008,-0.0004
ILE 115,115,0.0005,-0.0003
GLY 116,116,0.0001,0.0000
TRP 117,117,0.0000,-0.0002
MET 118,118,-0.0002,-0.0006
THR 119,119,-0.0007,0.0000
HID 120,120,-0.0007,-0.0002
ASN 121,121,0.0001,-0.0001
PRO 122,122,-0.0002,-0.0002
PRO 123,123,0.0016,-0.0005
ILE 124,124,-0.0016,-0.0006
PRO 125,125,-0.0009,-0.0009
VAL 126,126,-0.0003,-0.0006
GLY 127,127,0.0005,-0.0005
GLU 128,128,0.0315,-0.0024
ILE 129,129,-0.0007,-0.0017
TYR 130,130,0.0027,-0.0021
LYS 131,131,-0.0219,-0.0053
ARG 132,132,-0.0870,-0.0103
TRP 133,133,-0.0001,-0.0038
ILE 134,134,0.0043,-0.0051
ILE 135,135,-0.0067,-0.0251
LEU 136,136,-0.0010,-0.0134
GLY 137,137,0.0045,-0.0043
LEU 138,138,-0.0011,-0.0221
ASN 139,139,0.0417,-0.0899
LYS 140,140,-0.1211,-0.0154
ILE 141,141,-0.0202,-0.0152
VAL 142,142,-0.1546,-0.1237
ARG 143,143,-10.1249,0.4325
MET 144,144,-0.0262,-0.0140
TYR 145,145,-0.0546,-0.0354
SER 146,146,-0.1400,-0.0676
PRO 147,147,-0.5328,-0.4783
THR 148,148,-0.6446,-1.9079
SER 149,149,-2.1289,-2.8218
ILE 150,150,-10.6139,-9.1882
LEU 151,151,-6.1553,-2.2490
ASP 152,152,-0.4608,-1.8811
ILE 153,153,-2.1105,-2.4490
ARG 154,154,-0.2928,-0.1444
GLN 155,155,0.0079,-0.0184
GLY 156,156,0.0006,-0.0047
PRO 157,157,-0.0049,-0.0037
LYS 158,158,-0.0398,-0.0027
GLU 159,159,0.0950,-0.0112
PRO 160,160,0.0139,-0.0037
PHE 161,161,0.0186,-0.0093
ARG 162,162,0.0102,-0.0061
ASP 163,163,-0.0200,-0.0106
TYR 164,164,0.0440,-0.0879
VAL 165,165,-0.0074,-0.0310
ASP 166,166,-0.0225,-0.0342
ARG 167,167,-0.4482,-0.2113
PHE 168,168,-1.2452,-1.4486
TYR 169,169,-0.1517,-0.1633
LYS 170,170,-0.7084,-0.2864
THR 171,171,-1.3321,-1.9030
LEU 172,172,-1.1409,-1.1412
ARG 173,173,-4.2349,-0.3647
ALA 174,174,-0.2891,-1.5975
GLU 175,175,8.6096,-0.7585
GLN 176,176,-0.5674,-1.0625
ALA 177,177,-0.0632,-0.0810
SER 178,178,-0.0342,-0.0236
GLN 179,179,-0.0177,-0.0153
GLU 180,180,0.0420,-0.0101
VAL 181,181,-0.0654,-0.0636
LYS 182,182,-0.1088,-0.0689
ASN 183,183,-0.0124,-0.0127
TRP 184,184,-0.0397,-0.0508
MET 185,185,-0.5252,-0.7111
THR 186,186,-0.0139,-0.0343
GLU 187,187,0.0074,-0.0092
THR 188,188,-0.0296,-0.0212
LEU 189,189,-0.7468,-0.7817
LEU 190,190,-0.0166,-0.0809
VAL 191,191,0.0058,-0.0119
GLN 192,192,-0.1203,-0.0237
ASN 193,193,-0.7447,-0.1638
ALA 194,194,-0.0096,-0.0090
ASN 195,195,0.0016,-0.0039
PRO 196,196,-0.0021,-0.0020
ASP 197,197,0.0154,-0.0012
CYX 198,198,-0.0055,-0.0019
LYS 199,199,-0.0611,-0.0042
THR 200,200,-0.0012,-0.0008
ILE 201,201,-0.0036,-0.0008
LEU 202,202,-0.0064,-0.0023
LYS 203,203,-0.0168,-0.0011
ALA 204,204,-0.0007,-0.0005
LEU 205,205,-0.0032,-0.0009
GLY 206,206,-0.0010,-0.0004
PRO 207,207,-0.0040,-0.0008
GLY 208,208,-0.0028,-0.0007
ALA 209,209,-0.0002,-0.0009
THR 210,210,0.0012,-0.0016
LEU 211,211,-0.0030,-0.0069
GLU 212,212,-0.0358,-0.0018
GLU 213,213,-0.0275,-0.0013
MET 214,214,-0.0044,-0.0041
MET 215,215,-0.0020,-0.0037
THR 216,216,-0.0017,-0.0008
ALA 217,217,-0.0034,-0.0007
CYX 218,218,-0.0012,-0.0015
GLN 219,219,0.0026,-0.0012
GLY 220,220,-0.0011,-0.0005
VAL 221,221,0.0016,-0.0009
