Residue Name,Residue Number,Binding Free Energy (kcal/mol),VDW Energy (kcal/mol)
PRO   1,1,-0.0345,-0.0002
ILE   2,2,-0.0009,-0.0006
VAL   3,3,0.0000,-0.0001
GLN   4,4,-0.0005,-0.0003
ASN   5,5,-0.0001,-0.0002
LEU   6,6,0.0006,-0.0000
GLN   7,7,-0.0001,-0.0001
GLY   8,8,-0.0005,-0.0001
GLN   9,9,-0.0006,-0.0001
MET  10,10,0.0002,-0.0002
VAL  11,11,-0.0004,-0.0002
HID  12,12,0.0003,-0.0002
GLN  13,13,-0.0009,-0.0003
ALA  14,14,0.0003,-0.0000
ILE  15,15,-0.0004,-0.0007
SER  16,16,-0.0025,-0.0004
PRO  17,17,-0.0019,-0.0005
ARG  18,18,-0.0352,-0.0008
THR  19,19,-0.0035,-0.0010
LEU  20,20,-0.0041,-0.0010
ASN  21,21,-0.0032,-0.0012
ALA  22,22,-0.0062,-0.0016
TRP  23,23,-0.0198,-0.0077
VAL  24,24,-0.0072,-0.0025
LYS  25,25,-0.0237,-0.0047
VAL  26,26,-0.0316,-0.0121
VAL  27,27,-0.0235,-0.0118
GLU  28,28,-0.0430,-0.0109
GLU  29,29,-0.0417,-0.0196
LYS  30,30,0.0377,-0.1089
ALA  31,31,0.0918,-0.0771
PHE  32,32,-0.0832,-0.1052
SER  33,33,0.1067,-0.6459
PRO  34,34,-1.3533,-2.2029
GLU  35,35,-0.0144,-0.3096
VAL  36,36,0.0190,-0.0640
ILE  37,37,-0.2085,-0.2517
PRO  38,38,-0.0484,-0.0686
MET  39,39,-0.0043,-0.0204
PHE  40,40,0.0024,-0.0117
SER  41,41,0.0014,-0.0075
ALA  42,42,0.0023,-0.0031
LEU  43,43,0.0026,-0.0033
SER  44,44,0.0016,-0.0018
GLU  45,45,0.0247,-0.0017
GLY  46,46,0.0006,-0.0003
ALA  47,47,-0.0004,-0.0007
THR  48,48,-0.0018,-0.0004
PRO  49,49,-0.0019,-0.0004
GLN  50,50,-0.0017,-0.0006
ASP  51,51,0.0296,-0.0007
LEU  52,52,-0.0003,-0.0016
ASN  53,53,-0.0039,-0.0007
THR  54,54,-0.0020,-0.0006
MET  55,55,-0.0041,-0.0022
LEU  56,56,-0.0035,-0.0023
ASN  57,57,-0.0019,-0.0008
THR  58,58,-0.0021,-0.0010
VAL  59,59,-0.0039,-0.0027
ALA  60,60,-0.0009,-0.0010
PRO  61,61,-0.0018,-0.0016
HID  62,62,0.0002,-0.0054
GLN  63,63,-0.0003,-0.0025
ALA  64,64,0.0024,-0.0039
ALA  65,65,0.0006,-0.0054
ALA  66,66,-0.0010,-0.0021
GLN  67,67,-0.0015,-0.0029
MET  68,68,-0.0093,-0.0124
LEU  69,69,-0.0005,-0.0066
LYS  70,70,-0.0224,-0.0020
GLU  71,71,0.0498,-0.0025
THR  72,72,0.0033,-0.0050
ILE  73,73,-0.0004,-0.0026
ASN  74,74,-0.0041,-0.0013
GLU  75,75,0.0803,-0.0023
GLU  76,76,0.0860,-0.0031
ALA  77,77,-0.0002,-0.0004
ALA  78,78,-0.0020,-0.0006
GLU  79,79,0.0793,-0.0017
TRP  80,80,0.0014,-0.0014
ASP  81,81,0.0380,-0.0004
ARG  82,82,-0.0655,-0.0010
LEU  83,83,-0.0006,-0.0009
HID  84,84,-0.0006,-0.0007
PRO  85,85,-0.0006,-0.0004
VAL  86,86,0.0002,-0.0001
HID  87,87,0.0010,-0.0001
ALA  88,88,0.0002,-0.0001
GLY  89,89,0.0009,0.0000
PRO  90,90,0.0001,-0.0001
ILE  91,91,-0.0010,-0.0000
ALA  92,92,0.0011,0.0000
PRO  93,93,0.0006,-0.0000
GLY  94,94,0.0003,0.0000
GLN  95,95,0.0000,-0.0000
MET  96,96,-0.0000,0.0000
ARG  97,97,-0.0541,-0.0002
GLU  98,98,0.0543,-0.0002
PRO  99,99,-0.0007,-0.0003
ARG 100,100,-0.0385,-0.0003
GLY 101,101,-0.0001,-0.0003
SER 102,102,-0.0001,-0.0003
ASP 103,103,0.0425,-0.0002
ILE 104,104,-0.0013,-0.0008
ALA 105,105,-0.0017,-0.0003
GLY 106,106,-0.0009,-0.0002
THR 107,107,-0.0001,-0.0004
THR 108,108,-0.0000,-0.0002
SER 109,109,-0.0025,-0.0001
THR 110,110,0.0012,-0.0001
LEU 111,111,0.0010,-0.0003
GLN 112,112,0.0009,-0.0002
GLU 113,113,0.0536,-0.0002
GLN 114,114,-0.0003,-0.0004
ILE 115,115,-0.0003,-0.0002
GLY 116,116,-0.0006,0.0000
TRP 117,117,-0.0011,-0.0002
MET 118,118,-0.0005,-0.0003
THR 119,119,0.0000,-0.0002
HID 120,120,-0.0003,-0.0002
ASN 121,121,0.0005,-0.0001
PRO 122,122,-0.0004,-0.0002
PRO 123,123,-0.0003,-0.0004
ILE 124,124,-0.0009,-0.0003
PRO 125,125,-0.0012,-0.0007
VAL 126,126,-0.0009,-0.0003
GLY 127,127,-0.0003,-0.0005
GLU 128,128,0.0229,-0.0021
ILE 129,129,-0.0012,-0.0018
TYR 130,130,-0.0020,-0.0023
LYS 131,131,-0.0249,-0.0045
ARG 132,132,-0.1055,-0.0165
TRP 133,133,-0.0046,-0.0057
ILE 134,134,-0.0120,-0.0078
ILE 135,135,-0.0514,-0.0418
LEU 136,136,-0.0214,-0.0314
GLY 137,137,-0.0066,-0.0116
LEU 138,138,-0.0790,-0.0594
ASN 139,139,0.3393,-0.3740
LYS 140,140,-0.1538,-0.0583
ILE 141,141,-0.0844,-0.0688
VAL 142,142,-1.0765,-1.2171
ARG 143,143,-10.2175,-1.0335
MET 144,144,-0.0489,-0.0876
TYR 145,145,-0.2912,-0.4629
SER 146,146,0.1650,-1.4261
PRO 147,147,-1.9635,-2.3580
THR 148,148,-0.9706,-2.5840
SER 149,149,-3.0041,-2.9970
ILE 150,150,-10.6618,-8.6663
LEU 151,151,-5.5056,-2.2515
ASP 152,152,-0.5436,-1.8674
ILE 153,153,-2.5158,-2.4129
ARG 154,154,-0.2252,-0.1504
GLN 155,155,-0.0067,-0.0248
GLY 156,156,-0.0037,-0.0081
PRO 157,157,-0.0061,-0.0055
LYS 158,158,-0.0508,-0.0040
GLU 159,159,-0.1108,-0.0262
PRO 160,160,-0.0096,-0.0064
PHE 161,161,-0.0125,-0.0107
ARG 162,162,-0.0176,-0.0107
ASP 163,163,-0.0216,-0.0229
TYR 164,164,-0.0660,-0.0889
VAL 165,165,-0.0504,-0.0350
ASP 166,166,-0.1227,-0.0900
ARG 167,167,0.2395,-1.0504
PHE 168,168,-0.8554,-1.0274
TYR 169,169,-0.3118,-0.2670
LYS 170,170,-0.1567,-1.7012
THR 171,171,-2.1593,-3.5383
LEU 172,172,-0.9328,-1.0705
ARG 173,173,-2.4791,-2.4061
ALA 174,174,-1.1696,-2.6035
GLU 175,175,7.0104,-1.0582
GLN 176,176,-0.6490,-1.5608
ALA 177,177,-0.0856,-0.0847
SER 178,178,-0.0239,-0.0239
GLN 179,179,-0.0263,-0.0226
GLU 180,180,0.0168,-0.0103
VAL 181,181,-0.0441,-0.0478
LYS 182,182,-0.0316,-0.0799
ASN 183,183,-0.0137,-0.0152
TRP 184,184,-0.0563,-0.0805
MET 185,185,-0.4483,-0.7292
THR 186,186,-0.0231,-0.0470
GLU 187,187,0.0208,-0.0118
THR 188,188,-0.0386,-0.0284
LEU 189,189,-0.8357,-0.8204
LEU 190,190,-0.0212,-0.0828
VAL 191,191,-0.0062,-0.0129
GLN 192,192,-0.0644,-0.0183
ASN 193,193,-0.3144,-0.0750
ALA 194,194,-0.0070,-0.0081
ASN 195,195,0.0009,-0.0039
PRO 196,196,-0.0003,-0.0021
ASP 197,197,0.0450,-0.0010
CYX 198,198,-0.0044,-0.0021
LYS 199,199,-0.0761,-0.0042
THR 200,200,-0.0006,-0.0009
ILE 201,201,-0.0021,-0.0012
LEU 202,202,-0.0080,-0.0036
LYS 203,203,-0.0509,-0.0021
ALA 204,204,-0.0022,-0.0005
LEU 205,205,0.0011,-0.0018
GLY 206,206,0.0001,-0.0008
PRO 207,207,-0.0039,-0.0014
GLY 208,208,-0.0047,-0.0013
ALA 209,209,-0.0025,-0.0022
THR 210,210,0.0018,-0.0042
LEU 211,211,-0.0118,-0.0181
GLU 212,212,-0.0245,-0.0043
GLU 213,213,-0.0164,-0.0024
MET 214,214,-0.0016,-0.0061
MET 215,215,-0.0061,-0.0059
THR 216,216,-0.0008,-0.0013
ALA 217,217,0.0002,-0.0008
CYX 218,218,-0.0056,-0.0014
GLN 219,219,-0.0019,-0.0010
GLY 220,220,0.0008,-0.0005
VAL 221,221,-0.0000,-0.0025
