Residue Name,Residue Number,Binding Free Energy (kcal/mol),VDW Energy (kcal/mol)
PRO   1,1,-0.0493,-0.0004
ILE   2,2,-0.0001,-0.0003
VAL   3,3,-0.0006,-0.0003
GLN   4,4,-0.0000,-0.0003
ASN   5,5,0.0009,-0.0001
LEU   6,6,0.0003,0.0000
GLN   7,7,0.0001,-0.0001
GLY   8,8,-0.0000,-0.0001
GLN   9,9,-0.0001,-0.0003
MET  10,10,0.0002,-0.0001
VAL  11,11,0.0001,0.0000
HID  12,12,-0.0014,-0.0003
GLN  13,13,-0.0001,-0.0001
ALA  14,14,0.0005,-0.0003
ILE  15,15,-0.0010,-0.0006
SER  16,16,-0.0022,-0.0004
PRO  17,17,-0.0025,-0.0005
ARG  18,18,-0.0435,-0.0010
THR  19,19,-0.0029,-0.0011
LEU  20,20,-0.0036,-0.0012
ASN  21,21,-0.0054,-0.0014
ALA  22,22,-0.0060,-0.0022
TRP  23,23,-0.0155,-0.0085
VAL  24,24,-0.0097,-0.0035
LYS  25,25,-0.0299,-0.0072
VAL  26,26,-0.0383,-0.0179
VAL  27,27,-0.0340,-0.0163
GLU  28,28,-0.0709,-0.0269
GLU  29,29,-0.0712,-0.0606
LYS  30,30,0.2392,-0.1964
ALA  31,31,-0.2286,-0.1733
PHE  32,32,0.0831,-0.9997
SER  33,33,0.0200,-1.0923
PRO  34,34,-1.9011,-2.0783
GLU  35,35,1.4302,-0.8212
VAL  36,36,-0.0591,-0.0654
ILE  37,37,-0.1610,-0.1471
PRO  38,38,-0.1343,-0.1328
MET  39,39,-0.0232,-0.0231
PHE  40,40,-0.0118,-0.0109
SER  41,41,-0.0072,-0.0074
ALA  42,42,-0.0026,-0.0036
LEU  43,43,-0.0025,-0.0042
SER  44,44,-0.0001,-0.0017
GLU  45,45,0.0551,-0.0017
GLY  46,46,0.0002,-0.0004
ALA  47,47,0.0004,-0.0003
THR  48,48,-0.0020,-0.0006
PRO  49,49,-0.0014,-0.0004
GLN  50,50,-0.0017,-0.0003
ASP  51,51,0.0426,-0.0006
LEU  52,52,-0.0033,-0.0014
ASN  53,53,-0.0022,-0.0006
THR  54,54,-0.0020,-0.0007
MET  55,55,-0.0048,-0.0022
LEU  56,56,-0.0037,-0.0020
ASN  57,57,-0.0015,-0.0008
THR  58,58,-0.0016,-0.0013
VAL  59,59,-0.0059,-0.0033
ALA  60,60,-0.0026,-0.0013
PRO  61,61,-0.0024,-0.0022
HID  62,62,0.0078,-0.0070
GLN  63,63,-0.0323,-0.0216
ALA  64,64,-0.0082,-0.0147
ALA  65,65,0.0001,-0.0046
ALA  66,66,-0.0006,-0.0045
GLN  67,67,-0.0022,-0.0037
MET  68,68,-0.0036,-0.0102
LEU  69,69,-0.0021,-0.0061
LYS  70,70,-0.0311,-0.0020
GLU  71,71,0.0375,-0.0024
THR  72,72,0.0009,-0.0035
ILE  73,73,-0.0004,-0.0021
ASN  74,74,-0.0012,-0.0010
GLU  75,75,0.0523,-0.0018
GLU  76,76,0.0646,-0.0021
ALA  77,77,-0.0006,-0.0006
ALA  78,78,-0.0013,-0.0004
GLU  79,79,0.0601,-0.0008
TRP  80,80,0.0001,-0.0007
ASP  81,81,0.0329,-0.0003
ARG  82,82,-0.0568,-0.0009
LEU  83,83,-0.0004,-0.0004
HID  84,84,-0.0003,-0.0002
PRO  85,85,-0.0014,-0.0002
VAL  86,86,0.0007,-0.0000
HID  87,87,-0.0000,-0.0001
ALA  88,88,-0.0002,-0.0001
GLY  89,89,0.0002,-0.0001
PRO  90,90,0.0004,-0.0000
ILE  91,91,-0.0011,-0.0001
ALA  92,92,0.0008,0.0000
PRO  93,93,0.0005,-0.0000
GLY  94,94,0.0008,-0.0001
GLN  95,95,-0.0012,-0.0001
MET  96,96,0.0001,-0.0000
ARG  97,97,-0.0432,-0.0001
GLU  98,98,0.0431,-0.0002
PRO  99,99,-0.0006,-0.0003
ARG 100,100,-0.0342,-0.0005
GLY 101,101,0.0007,-0.0001
SER 102,102,0.0001,-0.0002
ASP 103,103,0.0378,-0.0002
ILE 104,104,0.0001,-0.0005
ALA 105,105,-0.0007,-0.0004
GLY 106,106,-0.0006,-0.0003
THR 107,107,0.0003,-0.0002
THR 108,108,-0.0006,-0.0001
SER 109,109,-0.0010,-0.0001
THR 110,110,0.0006,-0.0002
LEU 111,111,0.0007,-0.0001
GLN 112,112,0.0018,-0.0001
GLU 113,113,0.0483,-0.0003
GLN 114,114,0.0005,-0.0002
ILE 115,115,-0.0004,-0.0002
GLY 116,116,0.0004,-0.0000
TRP 117,117,-0.0001,-0.0003
MET 118,118,-0.0007,-0.0002
THR 119,119,-0.0000,-0.0004
HID 120,120,-0.0006,-0.0002
ASN 121,121,-0.0001,0.0000
PRO 122,122,0.0000,-0.0002
PRO 123,123,-0.0001,-0.0002
ILE 124,124,-0.0005,-0.0002
PRO 125,125,-0.0000,-0.0004
VAL 126,126,-0.0006,-0.0003
GLY 127,127,-0.0003,-0.0003
GLU 128,128,0.0514,-0.0015
ILE 129,129,-0.0001,-0.0012
TYR 130,130,-0.0020,-0.0020
LYS 131,131,-0.0535,-0.0035
ARG 132,132,-0.0966,-0.0104
TRP 133,133,-0.0016,-0.0034
ILE 134,134,-0.0047,-0.0051
ILE 135,135,-0.0194,-0.0210
LEU 136,136,-0.0069,-0.0127
GLY 137,137,-0.0033,-0.0063
LEU 138,138,-0.0224,-0.0309
ASN 139,139,0.0508,-0.1233
LYS 140,140,-0.0972,-0.0293
ILE 141,141,-0.0848,-0.0494
VAL 142,142,-0.5097,-0.5806
ARG 143,143,-0.4359,-0.2105
MET 144,144,-0.0531,-0.1090
TYR 145,145,-1.1982,-2.2315
SER 146,146,0.3355,-1.7079
PRO 147,147,-0.3905,-0.5041
THR 148,148,0.2910,-2.9668
SER 149,149,-2.7376,-2.9678
ILE 150,150,-10.9882,-9.1470
LEU 151,151,-4.9608,-1.9457
ASP 152,152,-0.5188,-2.0940
ILE 153,153,-2.7787,-2.5917
ARG 154,154,-0.7444,-0.2686
GLN 155,155,-0.0164,-0.0311
GLY 156,156,-0.0034,-0.0092
PRO 157,157,-0.0044,-0.0058
LYS 158,158,-0.0591,-0.0043
GLU 159,159,-0.0440,-0.0252
PRO 160,160,-0.0113,-0.0073
PHE 161,161,-0.0150,-0.0120
ARG 162,162,-0.0413,-0.0102
ASP 163,163,0.0020,-0.0218
TYR 164,164,-0.0601,-0.1069
VAL 165,165,-0.0361,-0.0372
ASP 166,166,-0.0346,-0.0790
ARG 167,167,0.4413,-0.6465
PHE 168,168,-1.1829,-1.2281
TYR 169,169,-0.2130,-0.2341
LYS 170,170,-0.5198,-2.4151
THR 171,171,-2.0283,-3.1450
LEU 172,172,-1.0579,-1.1403
ARG 173,173,-0.9651,-2.4579
ALA 174,174,-1.6429,-2.3117
GLU 175,175,1.0432,-1.5672
GLN 176,176,-0.3939,-1.5286
ALA 177,177,-0.0741,-0.1303
SER 178,178,-0.0668,-0.0437
GLN 179,179,-0.0561,-0.0497
GLU 180,180,0.0547,-0.0138
VAL 181,181,-0.0760,-0.0496
LYS 182,182,-0.2445,-0.2635
ASN 183,183,-0.0313,-0.0212
TRP 184,184,-0.0524,-0.0620
MET 185,185,-0.7119,-0.8619
THR 186,186,-0.0545,-0.0621
GLU 187,187,0.0398,-0.0137
THR 188,188,-0.0051,-0.0261
LEU 189,189,-0.6914,-0.7606
LEU 190,190,-0.0229,-0.0851
VAL 191,191,-0.0047,-0.0141
GLN 192,192,-0.0880,-0.0267
ASN 193,193,-1.1377,-0.2833
ALA 194,194,-0.0101,-0.0116
ASN 195,195,0.0014,-0.0053
PRO 196,196,-0.0010,-0.0027
ASP 197,197,0.0518,-0.0016
CYX 198,198,-0.0042,-0.0024
LYS 199,199,-0.0689,-0.0047
THR 200,200,-0.0016,-0.0009
ILE 201,201,-0.0039,-0.0010
LEU 202,202,-0.0043,-0.0018
LYS 203,203,-0.0534,-0.0008
ALA 204,204,-0.0022,-0.0004
LEU 205,205,-0.0035,-0.0007
GLY 206,206,0.0022,-0.0004
PRO 207,207,-0.0007,-0.0004
GLY 208,208,-0.0012,-0.0003
ALA 209,209,-0.0011,-0.0009
THR 210,210,0.0005,-0.0016
LEU 211,211,-0.0031,-0.0064
GLU 212,212,0.0267,-0.0024
GLU 213,213,0.0461,-0.0013
MET 214,214,-0.0007,-0.0033
MET 215,215,-0.0046,-0.0050
THR 216,216,-0.0031,-0.0010
ALA 217,217,-0.0035,-0.0008
CYX 218,218,-0.0042,-0.0016
GLN 219,219,-0.0034,-0.0015
GLY 220,220,-0.0015,-0.0006
VAL 221,221,0.0512,-0.0010
