Residue Name,Residue Number,Binding Free Energy (kcal/mol),VDW Energy (kcal/mol)
PRO   1,1,0.0105,-0.0005
ILE   2,2,0.0000,-0.0004
VAL   3,3,-0.0009,-0.0000
GLN   4,4,-0.0015,-0.0000
ASN   5,5,0.0011,0.0000
LEU   6,6,0.0004,-0.0000
GLN   7,7,0.0008,-0.0001
GLY   8,8,-0.0001,0.0000
GLN   9,9,-0.0002,-0.0001
MET  10,10,0.0008,-0.0000
VAL  11,11,-0.0008,-0.0002
HID  12,12,0.0003,-0.0005
GLN  13,13,-0.0000,-0.0002
ALA  14,14,0.0001,-0.0004
ILE  15,15,-0.0015,-0.0011
SER  16,16,-0.0033,-0.0009
PRO  17,17,-0.0060,-0.0015
ARG  18,18,0.0162,-0.0030
THR  19,19,-0.0014,-0.0021
LEU  20,20,-0.0033,-0.0043
ASN  21,21,-0.0060,-0.0074
ALA  22,22,-0.0010,-0.0060
TRP  23,23,0.0092,-0.0180
VAL  24,24,0.0120,-0.0371
LYS  25,25,0.1361,-0.1187
VAL  26,26,0.0386,-0.0504
VAL  27,27,-0.0956,-0.1219
GLU  28,28,3.6599,-1.4014
GLU  29,29,4.9669,-0.1995
LYS  30,30,-0.3874,-0.3626
ALA  31,31,-1.0225,-1.1013
PHE  32,32,-0.1236,-0.1877
SER  33,33,-0.1210,-0.0832
PRO  34,34,-0.0315,-0.0206
GLU  35,35,0.0302,-0.0218
VAL  36,36,-0.0418,-0.0228
ILE  37,37,-0.0113,-0.0065
PRO  38,38,-0.0078,-0.0036
MET  39,39,-0.0132,-0.0073
PHE  40,40,-0.0096,-0.0047
SER  41,41,-0.0046,-0.0014
ALA  42,42,-0.0026,-0.0010
LEU  43,43,-0.0055,-0.0034
SER  44,44,-0.0037,-0.0010
GLU  45,45,-0.0116,-0.0006
GLY  46,46,0.0016,-0.0003
ALA  47,47,-0.0027,-0.0005
THR  48,48,-0.0009,-0.0004
PRO  49,49,-0.0020,-0.0006
GLN  50,50,-0.0027,-0.0007
ASP  51,51,-0.0135,-0.0010
LEU  52,52,-0.0017,-0.0014
ASN  53,53,-0.0080,-0.0012
THR  54,54,-0.0065,-0.0016
MET  55,55,-0.0080,-0.0035
LEU  56,56,-0.0081,-0.0045
ASN  57,57,-0.0118,-0.0044
THR  58,58,-0.0217,-0.0087
VAL  59,59,-0.0258,-0.0187
ALA  60,60,-0.0119,-0.0129
PRO  61,61,-0.0209,-0.0654
HID  62,62,-0.0620,-0.1984
GLN  63,63,-0.0649,-0.0958
ALA  64,64,-0.0436,-0.0621
ALA  65,65,-0.0192,-0.0334
ALA  66,66,-0.0079,-0.0117
GLN  67,67,-0.0127,-0.0154
MET  68,68,-0.0165,-0.0162
LEU  69,69,-0.0050,-0.0080
LYS  70,70,0.0161,-0.0043
GLU  71,71,0.0344,-0.0041
THR  72,72,-0.0031,-0.0023
ILE  73,73,-0.0016,-0.0019
ASN  74,74,-0.0044,-0.0011
GLU  75,75,0.0032,-0.0010
GLU  76,76,-0.0131,-0.0008
ALA  77,77,-0.0000,-0.0005
ALA  78,78,0.0002,-0.0002
GLU  79,79,0.0048,-0.0004
TRP  80,80,0.0021,-0.0004
ASP  81,81,-0.0096,-0.0003
ARG  82,82,-0.0026,-0.0002
LEU  83,83,0.0016,-0.0002
HID  84,84,0.0011,-0.0002
PRO  85,85,-0.0002,-0.0000
VAL  86,86,0.0002,0.0000
HID  87,87,0.0001,-0.0000
ALA  88,88,-0.0001,-0.0000
GLY  89,89,0.0004,0.0000
PRO  90,90,-0.0001,0.0000
ILE  91,91,-0.0010,-0.0001
ALA  92,92,0.0006,-0.0000
PRO  93,93,-0.0004,-0.0000
GLY  94,94,-0.0000,0.0000
GLN  95,95,0.0005,-0.0001
MET  96,96,0.0004,-0.0000
ARG  97,97,-0.0126,-0.0001
GLU  98,98,0.0158,-0.0001
PRO  99,99,-0.0005,-0.0002
ARG 100,100,0.0001,-0.0004
GLY 101,101,-0.0000,-0.0001
SER 102,102,-0.0005,-0.0004
ASP 103,103,-0.0020,-0.0003
ILE 104,104,-0.0003,-0.0004
ALA 105,105,-0.0011,-0.0003
GLY 106,106,0.0002,-0.0001
THR 107,107,0.0011,-0.0007
THR 108,108,-0.0002,-0.0004
SER 109,109,-0.0019,-0.0003
THR 110,110,0.0001,-0.0004
LEU 111,111,0.0000,-0.0004
GLN 112,112,0.0001,-0.0000
GLU 113,113,0.0097,-0.0001
GLN 114,114,-0.0009,-0.0002
ILE 115,115,-0.0008,0.0000
GLY 116,116,-0.0003,-0.0001
TRP 117,117,-0.0011,-0.0002
MET 118,118,-0.0005,-0.0002
THR 119,119,0.0006,0.0000
HID 120,120,-0.0002,0.0000
ASN 121,121,-0.0007,-0.0001
PRO 122,122,0.0002,-0.0000
PRO 123,123,0.0012,-0.0001
ILE 124,124,0.0006,-0.0001
PRO 125,125,-0.0009,-0.0000
VAL 126,126,-0.0013,-0.0003
GLY 127,127,0.0008,-0.0004
GLU 128,128,-0.0291,-0.0006
ILE 129,129,-0.0008,-0.0005
TYR 130,130,-0.0006,-0.0013
LYS 131,131,0.0268,-0.0011
ARG 132,132,0.0016,-0.0011
TRP 133,133,0.0032,-0.0014
ILE 134,134,0.0034,-0.0027
ILE 135,135,0.0058,-0.0025
LEU 136,136,0.0052,-0.0021
GLY 137,137,0.0078,-0.0026
LEU 138,138,0.0082,-0.0103
ASN 139,139,0.0101,-0.0052
LYS 140,140,-0.0579,-0.0085
ILE 141,141,0.0010,-0.0349
VAL 142,142,0.0101,-0.0219
ARG 143,143,-0.0891,-0.0124
MET 144,144,-0.0216,-0.0431
TYR 145,145,-0.0307,-0.1534
SER 146,146,0.5731,-0.3389
PRO 147,147,-0.0988,-0.2050
THR 148,148,-0.9026,-1.6812
SER 149,149,-2.7571,-3.2243
ILE 150,150,-12.1726,-9.3055
LEU 151,151,-6.0968,-2.3172
ASP 152,152,0.4777,-1.8354
ILE 153,153,-2.2706,-2.0418
ARG 154,154,-0.2508,-0.1015
GLN 155,155,-0.0056,-0.0179
GLY 156,156,0.0034,-0.0062
PRO 157,157,-0.0061,-0.0055
LYS 158,158,-0.0625,-0.0040
GLU 159,159,0.1179,-0.0155
PRO 160,160,0.0099,-0.0052
PHE 161,161,0.0161,-0.0093
ARG 162,162,-0.0459,-0.0090
ASP 163,163,0.0300,-0.0137
TYR 164,164,0.0386,-0.0727
VAL 165,165,0.0001,-0.0295
ASP 166,166,0.0716,-0.0372
ARG 167,167,-0.4621,-0.2009
PHE 168,168,-1.2440,-1.3902
TYR 169,169,-0.1534,-0.1631
LYS 170,170,-0.2802,-0.3210
THR 171,171,-1.2735,-1.8785
LEU 172,172,-1.0663,-1.1391
ARG 173,173,-11.2665,-0.8711
ALA 174,174,-0.0113,-1.2216
GLU 175,175,3.2256,-1.8633
GLN 176,176,-2.1401,-1.6497
ALA 177,177,-0.0651,-0.1177
SER 178,178,-0.0358,-0.0333
GLN 179,179,-0.0228,-0.0240
GLU 180,180,0.1091,-0.0117
VAL 181,181,-0.0809,-0.0677
LYS 182,182,-0.3550,-0.0845
ASN 183,183,-0.0134,-0.0131
TRP 184,184,-0.0379,-0.0476
MET 185,185,-0.4960,-0.7095
THR 186,186,-0.0029,-0.0306
GLU 187,187,0.0727,-0.0089
THR 188,188,-0.0245,-0.0200
LEU 189,189,-0.8027,-0.7683
LEU 190,190,-0.0354,-0.0770
VAL 191,191,0.0037,-0.0111
GLN 192,192,-0.0797,-0.0195
ASN 193,193,-0.7485,-0.1335
ALA 194,194,-0.0036,-0.0075
ASN 195,195,0.0098,-0.0046
PRO 196,196,-0.0001,-0.0019
ASP 197,197,0.0656,-0.0010
CYX 198,198,-0.0038,-0.0021
LYS 199,199,-0.1233,-0.0040
THR 200,200,-0.0014,-0.0009
ILE 201,201,-0.0029,-0.0010
LEU 202,202,-0.0092,-0.0026
LYS 203,203,-0.0755,-0.0014
ALA 204,204,-0.0015,-0.0002
LEU 205,205,-0.0023,-0.0009
GLY 206,206,-0.0002,-0.0003
PRO 207,207,-0.0035,-0.0010
GLY 208,208,-0.0032,-0.0006
ALA 209,209,0.0016,-0.0012
THR 210,210,0.0003,-0.0019
LEU 211,211,-0.0049,-0.0070
GLU 212,212,0.0298,-0.0018
GLU 213,213,0.0357,-0.0013
MET 214,214,-0.0072,-0.0039
MET 215,215,-0.0054,-0.0037
THR 216,216,-0.0034,-0.0007
ALA 217,217,-0.0047,-0.0008
CYX 218,218,-0.0042,-0.0015
GLN 219,219,0.0003,-0.0013
GLY 220,220,0.0043,-0.0008
VAL 221,221,0.0466,-0.0022
