Residue Name,Residue Number,Binding Free Energy (kcal/mol),VDW Energy (kcal/mol)
PRO   1,1,-0.0601,-0.0003
ILE   2,2,-0.0009,-0.0002
VAL   3,3,0.0001,-0.0002
GLN   4,4,-0.0003,-0.0001
ASN   5,5,-0.0002,-0.0001
LEU   6,6,-0.0002,-0.0001
GLN   7,7,-0.0003,-0.0001
GLY   8,8,0.0003,0.0000
GLN   9,9,0.0001,-0.0000
MET  10,10,0.0001,0.0000
VAL  11,11,-0.0001,0.0000
HID  12,12,-0.0007,-0.0003
GLN  13,13,0.0012,-0.0004
ALA  14,14,0.0007,-0.0006
ILE  15,15,-0.0026,-0.0016
SER  16,16,-0.0068,-0.0013
PRO  17,17,-0.0097,-0.0031
ARG  18,18,-0.0502,-0.0045
THR  19,19,-0.0035,-0.0037
LEU  20,20,-0.0084,-0.0081
ASN  21,21,-0.0388,-0.0208
ALA  22,22,0.0001,-0.0122
TRP  23,23,0.0085,-0.0238
VAL  24,24,0.0440,-0.1027
LYS  25,25,-0.2439,-0.3997
VAL  26,26,0.0137,-0.0569
VAL  27,27,-0.1016,-0.0948
GLU  28,28,10.2346,-1.2815
GLU  29,29,3.7844,-1.1882
LYS  30,30,-0.3821,-0.1814
ALA  31,31,-0.2043,-0.2480
PHE  32,32,-0.1198,-0.1914
SER  33,33,-0.0655,-0.0250
PRO  34,34,-0.0197,-0.0085
GLU  35,35,0.1747,-0.0150
VAL  36,36,-0.0175,-0.0123
ILE  37,37,-0.0088,-0.0040
PRO  38,38,-0.0088,-0.0030
MET  39,39,-0.0155,-0.0121
PHE  40,40,-0.0074,-0.0045
SER  41,41,-0.0043,-0.0010
ALA  42,42,-0.0032,-0.0012
LEU  43,43,-0.0062,-0.0046
SER  44,44,-0.0017,-0.0010
GLU  45,45,0.0597,-0.0009
GLY  46,46,0.0006,-0.0002
ALA  47,47,0.0007,-0.0004
THR  48,48,-0.0035,-0.0004
PRO  49,49,-0.0034,-0.0007
GLN  50,50,-0.0040,-0.0008
ASP  51,51,0.0525,-0.0010
LEU  52,52,-0.0044,-0.0014
ASN  53,53,-0.0052,-0.0015
THR  54,54,-0.0080,-0.0023
MET  55,55,-0.0094,-0.0040
LEU  56,56,-0.0076,-0.0041
ASN  57,57,-0.0111,-0.0054
THR  58,58,-0.0367,-0.0154
VAL  59,59,-0.0267,-0.0176
ALA  60,60,-0.0056,-0.0118
PRO  61,61,-0.0181,-0.0735
HID  62,62,0.0054,-0.1612
GLN  63,63,-0.0328,-0.0386
ALA  64,64,0.0013,-0.0130
ALA  65,65,-0.0003,-0.0105
ALA  66,66,-0.0023,-0.0058
GLN  67,67,-0.0027,-0.0052
MET  68,68,-0.0031,-0.0050
LEU  69,69,-0.0018,-0.0044
LYS  70,70,-0.0492,-0.0025
GLU  71,71,0.0517,-0.0016
THR  72,72,-0.0003,-0.0012
ILE  73,73,-0.0007,-0.0013
ASN  74,74,-0.0008,-0.0006
GLU  75,75,0.0562,-0.0005
GLU  76,76,0.0514,-0.0004
ALA  77,77,-0.0004,-0.0002
ALA  78,78,-0.0003,-0.0002
GLU  79,79,0.0543,-0.0002
TRP  80,80,0.0006,-0.0004
ASP  81,81,0.0395,-0.0001
ARG  82,82,-0.0546,-0.0002
LEU  83,83,-0.0002,-0.0001
HID  84,84,-0.0001,-0.0002
PRO  85,85,-0.0008,0.0000
VAL  86,86,0.0003,-0.0000
HID  87,87,0.0026,-0.0001
ALA  88,88,-0.0007,-0.0000
GLY  89,89,-0.0017,-0.0001
PRO  90,90,-0.0017,-0.0001
ILE  91,91,-0.0004,-0.0000
ALA  92,92,0.0004,0.0000
PRO  93,93,-0.0003,0.0000
GLY  94,94,-0.0006,0.0000
GLN  95,95,-0.0006,0.0000
MET  96,96,-0.0015,0.0000
ARG  97,97,-0.0586,-0.0001
GLU  98,98,0.0504,-0.0001
PRO  99,99,-0.0025,-0.0002
ARG 100,100,-0.0391,-0.0002
GLY 101,101,0.0012,-0.0003
SER 102,102,0.0005,-0.0002
ASP 103,103,0.0522,-0.0002
ILE 104,104,0.0015,-0.0001
ALA 105,105,-0.0005,-0.0003
GLY 106,106,0.0005,-0.0003
THR 107,107,0.0009,-0.0004
THR 108,108,-0.0008,-0.0002
SER 109,109,-0.0009,-0.0001
THR 110,110,-0.0001,-0.0001
LEU 111,111,0.0006,-0.0002
GLN 112,112,0.0014,0.0000
GLU 113,113,0.0718,-0.0001
GLN 114,114,0.0010,-0.0003
ILE 115,115,-0.0015,-0.0001
GLY 116,116,-0.0015,0.0000
TRP 117,117,-0.0003,-0.0001
MET 118,118,0.0004,-0.0001
THR 119,119,-0.0007,0.0000
HID 120,120,0.0005,-0.0000
ASN 121,121,-0.0001,-0.0001
PRO 122,122,-0.0002,-0.0002
PRO 123,123,-0.0010,0.0000
ILE 124,124,0.0017,-0.0001
PRO 125,125,-0.0011,-0.0002
VAL 126,126,-0.0026,-0.0002
GLY 127,127,-0.0019,-0.0003
GLU 128,128,0.0559,-0.0005
ILE 129,129,-0.0009,-0.0005
TYR 130,130,-0.0025,-0.0011
LYS 131,131,-0.0543,-0.0010
ARG 132,132,-0.0523,-0.0007
TRP 133,133,0.0010,-0.0009
ILE 134,134,-0.0011,-0.0019
ILE 135,135,0.0009,-0.0016
LEU 136,136,0.0023,-0.0012
GLY 137,137,0.0018,-0.0012
LEU 138,138,-0.0024,-0.0056
ASN 139,139,0.0092,-0.0026
LYS 140,140,-0.0674,-0.0032
ILE 141,141,-0.0062,-0.0111
VAL 142,142,0.0049,-0.0098
ARG 143,143,-0.1101,-0.0056
MET 144,144,-0.0020,-0.0083
TYR 145,145,-0.0226,-0.0341
SER 146,146,-0.0947,-0.0637
PRO 147,147,-0.3219,-0.3363
THR 148,148,-0.9183,-1.9933
SER 149,149,-2.9909,-3.1480
ILE 150,150,-11.0818,-9.2194
LEU 151,151,-6.1841,-2.3241
ASP 152,152,0.3702,-2.2283
ILE 153,153,-2.4664,-2.4927
ARG 154,154,-0.1831,-0.1309
GLN 155,155,-0.0076,-0.0195
GLY 156,156,0.0055,-0.0057
PRO 157,157,-0.0032,-0.0046
LYS 158,158,-0.0428,-0.0039
GLU 159,159,0.0721,-0.0149
PRO 160,160,0.0052,-0.0058
PHE 161,161,0.0086,-0.0100
ARG 162,162,-0.0149,-0.0085
ASP 163,163,-0.0128,-0.0183
TYR 164,164,0.0295,-0.0755
VAL 165,165,-0.0035,-0.0299
ASP 166,166,0.0261,-0.0470
ARG 167,167,-0.4072,-0.2190
PHE 168,168,-0.9858,-1.1829
TYR 169,169,-0.1040,-0.1721
LYS 170,170,0.1085,-0.5017
THR 171,171,-1.4306,-2.1376
LEU 172,172,-1.0852,-1.0681
ARG 173,173,-10.2188,-0.7613
ALA 174,174,-0.8847,-1.4777
GLU 175,175,2.4231,-0.9161
GLN 176,176,-2.4485,-1.1983
ALA 177,177,-0.0893,-0.0841
SER 178,178,-0.0171,-0.0222
GLN 179,179,-0.0086,-0.0144
GLU 180,180,0.0692,-0.0093
VAL 181,181,-0.0467,-0.0518
LYS 182,182,-0.1585,-0.0627
ASN 183,183,-0.0075,-0.0113
TRP 184,184,-0.0407,-0.0442
MET 185,185,-0.5081,-0.6914
THR 186,186,-0.0211,-0.0306
GLU 187,187,0.0175,-0.0091
THR 188,188,-0.0393,-0.0220
LEU 189,189,-0.8123,-0.7840
LEU 190,190,-0.0293,-0.0668
VAL 191,191,-0.0061,-0.0099
GLN 192,192,-0.0494,-0.0173
ASN 193,193,-0.4999,-0.1303
ALA 194,194,-0.0101,-0.0080
ASN 195,195,-0.0031,-0.0044
PRO 196,196,-0.0030,-0.0022
ASP 197,197,0.0153,-0.0012
CYX 198,198,-0.0062,-0.0020
LYS 199,199,-0.0402,-0.0036
THR 200,200,-0.0015,-0.0007
ILE 201,201,-0.0022,-0.0010
LEU 202,202,-0.0006,-0.0018
LYS 203,203,-0.0181,-0.0006
ALA 204,204,-0.0008,-0.0004
LEU 205,205,-0.0017,-0.0006
GLY 206,206,0.0008,-0.0003
PRO 207,207,-0.0020,-0.0006
GLY 208,208,-0.0005,-0.0003
ALA 209,209,-0.0011,-0.0005
THR 210,210,0.0004,-0.0012
LEU 211,211,-0.0017,-0.0054
GLU 212,212,0.0154,-0.0022
GLU 213,213,0.0257,-0.0012
MET 214,214,-0.0021,-0.0026
MET 215,215,-0.0083,-0.0045
THR 216,216,-0.0026,-0.0011
ALA 217,217,-0.0019,-0.0009
CYX 218,218,-0.0040,-0.0018
GLN 219,219,-0.0064,-0.0019
GLY 220,220,-0.0022,-0.0011
VAL 221,221,0.0192,-0.0017
