Residue Name,Residue Number,Binding Free Energy (kcal/mol),VDW Energy (kcal/mol)
PRO   1,1,-0.0260,-0.0004
ILE   2,2,-0.0001,-0.0002
VAL   3,3,-0.0002,-0.0003
GLN   4,4,-0.0001,-0.0002
ASN   5,5,0.0006,-0.0001
LEU   6,6,0.0001,0.0000
GLN   7,7,-0.0002,-0.0001
GLY   8,8,-0.0001,-0.0000
GLN   9,9,-0.0003,-0.0001
MET  10,10,-0.0011,-0.0002
VAL  11,11,0.0003,-0.0001
HID  12,12,-0.0010,-0.0002
GLN  13,13,0.0001,-0.0004
ALA  14,14,0.0003,-0.0003
ILE  15,15,-0.0028,-0.0015
SER  16,16,-0.0025,-0.0012
PRO  17,17,-0.0042,-0.0027
ARG  18,18,-0.0219,-0.0047
THR  19,19,-0.0026,-0.0026
LEU  20,20,-0.0041,-0.0052
ASN  21,21,-0.0129,-0.0121
ALA  22,22,-0.0087,-0.0062
TRP  23,23,-0.0074,-0.0148
VAL  24,24,-0.0212,-0.0320
LYS  25,25,-0.0348,-0.0877
VAL  26,26,-0.0095,-0.0302
VAL  27,27,-0.0177,-0.0520
GLU  28,28,2.1214,-0.3605
GLU  29,29,4.7844,-0.1647
LYS  30,30,-0.0407,-0.1365
ALA  31,31,-0.1313,-0.1868
PHE  32,32,-0.0718,-0.1180
SER  33,33,-0.0691,-0.0545
PRO  34,34,-0.0272,-0.0208
GLU  35,35,0.0175,-0.0275
VAL  36,36,-0.0277,-0.0147
ILE  37,37,-0.0063,-0.0051
PRO  38,38,-0.0050,-0.0036
MET  39,39,-0.0111,-0.0087
PHE  40,40,-0.0074,-0.0039
SER  41,41,-0.0018,-0.0011
ALA  42,42,-0.0015,-0.0011
LEU  43,43,-0.0056,-0.0036
SER  44,44,-0.0023,-0.0010
GLU  45,45,0.0216,-0.0008
GLY  46,46,0.0001,-0.0002
ALA  47,47,-0.0003,-0.0004
THR  48,48,0.0001,-0.0003
PRO  49,49,-0.0006,-0.0005
GLN  50,50,-0.0023,-0.0008
ASP  51,51,0.0217,-0.0009
LEU  52,52,0.0024,-0.0014
ASN  53,53,-0.0027,-0.0013
THR  54,54,-0.0058,-0.0019
MET  55,55,-0.0025,-0.0035
LEU  56,56,-0.0011,-0.0039
ASN  57,57,-0.0065,-0.0047
THR  58,58,-0.0172,-0.0099
VAL  59,59,-0.0080,-0.0144
ALA  60,60,-0.0048,-0.0107
PRO  61,61,-0.0211,-0.0708
HID  62,62,-0.0590,-0.1857
GLN  63,63,-0.0575,-0.0673
ALA  64,64,-0.0589,-0.0297
ALA  65,65,-0.0359,-0.0160
ALA  66,66,-0.0106,-0.0071
GLN  67,67,-0.0142,-0.0070
MET  68,68,-0.0192,-0.0059
LEU  69,69,-0.0097,-0.0048
LYS  70,70,-0.0325,-0.0027
GLU  71,71,0.0503,-0.0019
THR  72,72,-0.0046,-0.0014
ILE  73,73,-0.0021,-0.0012
ASN  74,74,-0.0033,-0.0008
GLU  75,75,0.0448,-0.0007
GLU  76,76,0.0367,-0.0007
ALA  77,77,-0.0004,-0.0002
ALA  78,78,-0.0002,-0.0002
GLU  79,79,0.0417,-0.0004
TRP  80,80,0.0005,-0.0001
ASP  81,81,0.0300,-0.0002
ARG  82,82,-0.0409,-0.0003
LEU  83,83,0.0000,-0.0002
HID  84,84,0.0001,-0.0000
PRO  85,85,-0.0001,0.0000
VAL  86,86,-0.0002,-0.0001
HID  87,87,0.0005,-0.0000
ALA  88,88,0.0003,-0.0001
GLY  89,89,0.0001,-0.0001
PRO  90,90,0.0001,0.0000
ILE  91,91,-0.0009,0.0000
ALA  92,92,0.0003,0.0000
PRO  93,93,0.0002,-0.0001
GLY  94,94,-0.0001,-0.0000
GLN  95,95,0.0003,0.0000
MET  96,96,-0.0003,-0.0002
ARG  97,97,-0.0355,-0.0000
GLU  98,98,0.0364,0.0000
PRO  99,99,-0.0003,0.0000
ARG 100,100,-0.0316,-0.0002
GLY 101,101,0.0004,-0.0001
SER 102,102,-0.0006,-0.0002
ASP 103,103,0.0317,-0.0002
ILE 104,104,-0.0004,-0.0004
ALA 105,105,-0.0010,-0.0002
GLY 106,106,-0.0006,-0.0001
THR 107,107,-0.0001,-0.0005
THR 108,108,-0.0003,-0.0003
SER 109,109,-0.0007,-0.0002
THR 110,110,0.0008,-0.0000
LEU 111,111,0.0002,-0.0005
GLN 112,112,0.0003,-0.0001
GLU 113,113,0.0330,-0.0002
GLN 114,114,-0.0004,-0.0003
ILE 115,115,0.0000,-0.0001
GLY 116,116,-0.0006,-0.0001
TRP 117,117,-0.0006,-0.0003
MET 118,118,-0.0004,-0.0001
THR 119,119,-0.0006,0.0000
HID 120,120,-0.0009,-0.0001
ASN 121,121,-0.0002,-0.0001
PRO 122,122,-0.0002,0.0000
PRO 123,123,0.0003,-0.0001
ILE 124,124,-0.0008,-0.0001
PRO 125,125,-0.0003,-0.0002
VAL 126,126,-0.0000,-0.0003
GLY 127,127,0.0008,-0.0003
GLU 128,128,0.0248,-0.0006
ILE 129,129,0.0001,-0.0005
TYR 130,130,0.0026,-0.0010
LYS 131,131,-0.0227,-0.0011
ARG 132,132,-0.0353,-0.0010
TRP 133,133,0.0019,-0.0010
ILE 134,134,0.0034,-0.0021
ILE 135,135,0.0050,-0.0019
LEU 136,136,0.0029,-0.0016
GLY 137,137,0.0037,-0.0015
LEU 138,138,0.0050,-0.0067
ASN 139,139,0.0092,-0.0037
LYS 140,140,-0.0711,-0.0045
ILE 141,141,0.0054,-0.0163
VAL 142,142,0.0090,-0.0165
ARG 143,143,-0.1134,-0.0102
MET 144,144,0.0070,-0.0237
TYR 145,145,-0.0951,-0.0704
SER 146,146,-0.2247,-0.1437
PRO 147,147,-0.0934,-0.2219
THR 148,148,-0.5657,-1.3766
SER 149,149,-2.4296,-2.8209
ILE 150,150,-10.8546,-8.9600
LEU 151,151,-6.2144,-2.2465
ASP 152,152,2.0610,-2.3594
ILE 153,153,-2.3453,-2.0718
ARG 154,154,-0.3205,-0.1659
GLN 155,155,-0.0161,-0.0261
GLY 156,156,-0.0127,-0.0115
PRO 157,157,-0.0176,-0.0121
LYS 158,158,-0.0307,-0.0096
GLU 159,159,0.1815,-0.0299
PRO 160,160,0.0203,-0.0091
PHE 161,161,0.0226,-0.0116
ARG 162,162,0.0201,-0.0136
ASP 163,163,0.0161,-0.0278
TYR 164,164,0.0547,-0.0814
VAL 165,165,0.0113,-0.0324
ASP 166,166,0.1745,-0.0921
ARG 167,167,-0.7275,-0.3655
PHE 168,168,-1.3016,-1.3765
TYR 169,169,-0.1724,-0.1434
LYS 170,170,-6.6702,-0.0723
THR 171,171,-0.8311,-1.3294
LEU 172,172,-1.0232,-1.0147
ARG 173,173,-0.8328,-0.2686
ALA 174,174,-0.3226,-0.3773
GLU 175,175,4.1641,-1.1870
GLN 176,176,-0.1029,-0.1058
ALA 177,177,-0.0364,-0.0544
SER 178,178,-0.0317,-0.0136
GLN 179,179,-0.0116,-0.0096
GLU 180,180,0.0388,-0.0076
VAL 181,181,-0.0701,-0.0682
LYS 182,182,-0.0821,-0.0471
ASN 183,183,-0.0065,-0.0103
TRP 184,184,-0.0339,-0.0512
MET 185,185,-0.4114,-0.6570
THR 186,186,0.0088,-0.0266
GLU 187,187,0.0144,-0.0079
THR 188,188,-0.0220,-0.0209
LEU 189,189,-0.7421,-0.7229
LEU 190,190,-0.0194,-0.0670
VAL 191,191,0.0041,-0.0110
GLN 192,192,-0.0952,-0.0236
ASN 193,193,-1.0792,-0.2139
ALA 194,194,-0.0086,-0.0093
ASN 195,195,0.0082,-0.0066
PRO 196,196,-0.0023,-0.0038
ASP 197,197,0.0232,-0.0018
CYX 198,198,-0.0006,-0.0024
LYS 199,199,-0.0609,-0.0052
THR 200,200,-0.0014,-0.0010
ILE 201,201,-0.0028,-0.0011
LEU 202,202,-0.0075,-0.0031
LYS 203,203,-0.0259,-0.0018
ALA 204,204,-0.0021,-0.0005
LEU 205,205,-0.0052,-0.0011
GLY 206,206,0.0002,-0.0006
PRO 207,207,-0.0032,-0.0008
GLY 208,208,-0.0031,-0.0003
ALA 209,209,-0.0017,-0.0008
THR 210,210,0.0039,-0.0014
LEU 211,211,0.0010,-0.0056
GLU 212,212,-0.0363,-0.0017
GLU 213,213,-0.0135,-0.0011
MET 214,214,-0.0077,-0.0037
MET 215,215,-0.0014,-0.0038
THR 216,216,0.0005,-0.0011
ALA 217,217,-0.0035,-0.0008
CYX 218,218,-0.0051,-0.0021
GLN 219,219,0.0016,-0.0024
GLY 220,220,-0.0020,-0.0006
VAL 221,221,-0.0224,-0.0007
