Residue Name,Residue Number,Binding Free Energy (kcal/mol),VDW Energy (kcal/mol)
PRO   1,1,-0.0390,-0.0004
ILE   2,2,-0.0002,-0.0002
VAL   3,3,-0.0003,-0.0002
GLN   4,4,0.0003,-0.0001
ASN   5,5,-0.0003,-0.0002
LEU   6,6,-0.0003,-0.0001
GLN   7,7,0.0000,-0.0001
GLY   8,8,0.0000,0.0000
GLN   9,9,0.0001,-0.0001
MET  10,10,-0.0001,-0.0002
VAL  11,11,-0.0002,-0.0001
HID  12,12,-0.0009,-0.0005
GLN  13,13,0.0002,-0.0003
ALA  14,14,0.0003,-0.0004
ILE  15,15,-0.0019,-0.0011
SER  16,16,0.0005,-0.0009
PRO  17,17,-0.0008,-0.0014
ARG  18,18,-0.0693,-0.0025
THR  19,19,0.0007,-0.0023
LEU  20,20,-0.0021,-0.0034
ASN  21,21,-0.0086,-0.0060
ALA  22,22,-0.0090,-0.0063
TRP  23,23,-0.0212,-0.0197
VAL  24,24,-0.0450,-0.0206
LYS  25,25,-0.2091,-0.0757
VAL  26,26,-0.0883,-0.0657
VAL  27,27,-0.1313,-0.1110
GLU  28,28,-1.6756,-0.1896
GLU  29,29,1.9107,-1.1440
LYS  30,30,0.6774,-1.2118
ALA  31,31,0.3740,-1.4661
PHE  32,32,0.5177,-0.9966
SER  33,33,-0.9955,-2.3726
PRO  34,34,-1.5580,-1.9944
GLU  35,35,4.6565,0.3881
VAL  36,36,-0.1608,-0.1006
ILE  37,37,-0.0377,-0.0486
PRO  38,38,-0.0119,-0.0253
MET  39,39,-0.0288,-0.0226
PHE  40,40,-0.0186,-0.0103
SER  41,41,-0.0049,-0.0037
ALA  42,42,-0.0037,-0.0024
LEU  43,43,-0.0112,-0.0052
SER  44,44,-0.0080,-0.0015
GLU  45,45,0.0262,-0.0013
GLY  46,46,0.0010,-0.0004
ALA  47,47,-0.0035,-0.0006
THR  48,48,0.0029,-0.0006
PRO  49,49,0.0025,-0.0004
GLN  50,50,0.0006,-0.0006
ASP  51,51,0.0458,-0.0009
LEU  52,52,0.0125,-0.0014
ASN  53,53,0.0017,-0.0011
THR  54,54,-0.0065,-0.0012
MET  55,55,-0.0092,-0.0035
LEU  56,56,-0.0030,-0.0035
ASN  57,57,-0.0046,-0.0023
THR  58,58,-0.0150,-0.0046
VAL  59,59,-0.0143,-0.0110
ALA  60,60,-0.0010,-0.0044
PRO  61,61,-0.0149,-0.0135
HID  62,62,-0.0398,-0.0563
GLN  63,63,-0.0041,-0.0126
ALA  64,64,-0.0125,-0.0182
ALA  65,65,-0.0166,-0.0179
ALA  66,66,-0.0002,-0.0058
GLN  67,67,-0.0101,-0.0066
MET  68,68,-0.0430,-0.0124
LEU  69,69,-0.0209,-0.0086
LYS  70,70,-0.0656,-0.0030
GLU  71,71,0.0857,-0.0027
THR  72,72,-0.0149,-0.0033
ILE  73,73,-0.0059,-0.0018
ASN  74,74,-0.0066,-0.0009
GLU  75,75,0.0781,-0.0014
GLU  76,76,0.0571,-0.0012
ALA  77,77,-0.0011,-0.0002
ALA  78,78,-0.0010,-0.0002
GLU  79,79,0.0651,-0.0004
TRP  80,80,-0.0001,-0.0004
ASP  81,81,0.0492,-0.0000
ARG  82,82,-0.0664,-0.0002
LEU  83,83,-0.0003,-0.0001
HID  84,84,0.0005,-0.0002
PRO  85,85,-0.0005,0.0000
VAL  86,86,-0.0005,-0.0002
HID  87,87,0.0008,-0.0001
ALA  88,88,-0.0000,-0.0001
GLY  89,89,0.0004,-0.0001
PRO  90,90,0.0002,-0.0000
ILE  91,91,-0.0008,-0.0001
ALA  92,92,0.0010,-0.0000
PRO  93,93,0.0002,-0.0000
GLY  94,94,-0.0002,0.0000
GLN  95,95,0.0003,0.0000
MET  96,96,-0.0007,0.0000
ARG  97,97,-0.0484,-0.0001
GLU  98,98,0.0456,-0.0001
PRO  99,99,-0.0004,-0.0002
ARG 100,100,-0.0512,-0.0005
GLY 101,101,0.0001,-0.0002
SER 102,102,0.0002,-0.0001
ASP 103,103,0.0445,-0.0003
ILE 104,104,0.0002,-0.0005
ALA 105,105,-0.0017,-0.0003
GLY 106,106,-0.0010,-0.0001
THR 107,107,-0.0009,-0.0004
THR 108,108,0.0001,-0.0001
SER 109,109,-0.0010,-0.0001
THR 110,110,0.0001,-0.0002
LEU 111,111,-0.0003,-0.0005
GLN 112,112,-0.0001,-0.0001
GLU 113,113,0.0445,-0.0002
GLN 114,114,0.0000,-0.0002
ILE 115,115,-0.0000,-0.0001
GLY 116,116,-0.0007,0.0000
TRP 117,117,-0.0009,-0.0002
MET 118,118,0.0002,-0.0003
THR 119,119,0.0001,-0.0001
HID 120,120,-0.0002,-0.0001
ASN 121,121,-0.0007,-0.0001
PRO 122,122,0.0004,-0.0001
PRO 123,123,-0.0003,-0.0002
ILE 124,124,-0.0002,-0.0002
PRO 125,125,0.0003,-0.0003
VAL 126,126,0.0012,-0.0004
GLY 127,127,0.0045,-0.0003
GLU 128,128,0.0263,-0.0008
ILE 129,129,0.0011,-0.0008
TYR 130,130,0.0094,-0.0017
LYS 131,131,-0.0284,-0.0024
ARG 132,132,-0.0357,-0.0025
TRP 133,133,0.0114,-0.0025
ILE 134,134,0.0223,-0.0047
ILE 135,135,0.0276,-0.0090
LEU 136,136,0.0239,-0.0077
GLY 137,137,0.0475,-0.0071
LEU 138,138,0.1270,-0.0384
ASN 139,139,0.0331,-0.0522
LYS 140,140,-0.1525,-0.0355
ILE 141,141,0.0792,-0.1578
VAL 142,142,-0.2432,-1.1400
ARG 143,143,-0.3513,-0.3441
MET 144,144,-0.1543,-0.1339
TYR 145,145,-0.1261,-0.1035
SER 146,146,-0.4508,-0.3416
PRO 147,147,-0.3223,-0.3036
THR 148,148,-0.5188,-1.9442
SER 149,149,-2.8162,-3.4092
ILE 150,150,-11.3203,-9.1259
LEU 151,151,-6.3190,-2.3237
ASP 152,152,1.3648,-2.2148
ILE 153,153,-2.4197,-2.0853
ARG 154,154,-0.1788,-0.1182
GLN 155,155,-0.0230,-0.0197
GLY 156,156,-0.0076,-0.0067
PRO 157,157,-0.0098,-0.0057
LYS 158,158,-0.0568,-0.0058
GLU 159,159,0.1398,-0.0222
PRO 160,160,0.0068,-0.0101
PHE 161,161,0.0046,-0.0129
ARG 162,162,-0.0244,-0.0188
ASP 163,163,0.0872,-0.0418
TYR 164,164,-0.0203,-0.0838
VAL 165,165,-0.0368,-0.0450
ASP 166,166,0.4858,-0.2825
ARG 167,167,-0.6191,-0.3509
PHE 168,168,-0.9829,-1.1109
TYR 169,169,-0.2226,-0.2283
LYS 170,170,-5.3136,-2.5861
THR 171,171,-1.2821,-2.3260
LEU 172,172,-1.0804,-1.1904
ARG 173,173,-9.4034,-2.1993
ALA 174,174,-1.6157,-3.0107
GLU 175,175,5.2031,-2.2167
GLN 176,176,-0.8917,-2.0652
ALA 177,177,-0.1540,-0.1365
SER 178,178,-0.0530,-0.0334
GLN 179,179,-0.0235,-0.0206
GLU 180,180,0.0258,-0.0126
VAL 181,181,-0.1098,-0.0908
LYS 182,182,-0.0798,-0.0837
ASN 183,183,-0.0120,-0.0135
TRP 184,184,-0.0307,-0.0466
MET 185,185,-0.5893,-0.7964
THR 186,186,-0.0225,-0.0294
GLU 187,187,0.0188,-0.0092
THR 188,188,-0.0220,-0.0220
LEU 189,189,-0.7897,-0.7732
LEU 190,190,-0.0227,-0.0683
VAL 191,191,-0.0057,-0.0110
GLN 192,192,-0.0606,-0.0182
ASN 193,193,-0.4876,-0.1002
ALA 194,194,-0.0113,-0.0075
ASN 195,195,-0.0070,-0.0049
PRO 196,196,-0.0019,-0.0021
ASP 197,197,0.0201,-0.0015
CYX 198,198,-0.0041,-0.0024
LYS 199,199,-0.0177,-0.0041
THR 200,200,-0.0008,-0.0009
ILE 201,201,0.0003,-0.0012
LEU 202,202,0.0019,-0.0020
LYS 203,203,-0.0220,-0.0009
ALA 204,204,-0.0011,-0.0005
LEU 205,205,-0.0018,-0.0009
GLY 206,206,0.0013,-0.0003
PRO 207,207,-0.0017,-0.0008
GLY 208,208,0.0007,-0.0006
ALA 209,209,-0.0016,-0.0010
THR 210,210,0.0009,-0.0016
LEU 211,211,-0.0036,-0.0060
GLU 212,212,-0.0108,-0.0032
GLU 213,213,0.0134,-0.0012
MET 214,214,-0.0059,-0.0031
MET 215,215,-0.0087,-0.0062
THR 216,216,-0.0032,-0.0015
ALA 217,217,-0.0039,-0.0010
CYX 218,218,0.0000,-0.0022
GLN 219,219,0.0001,-0.0030
GLY 220,220,-0.0058,-0.0017
VAL 221,221,0.0372,-0.0029
