Residue Name,Residue Number,Binding Free Energy (kcal/mol),VDW Energy (kcal/mol)
PRO   1,1,-0.0695,-0.0004
ILE   2,2,0.0003,-0.0004
VAL   3,3,-0.0002,-0.0002
GLN   4,4,-0.0009,-0.0003
ASN   5,5,0.0003,-0.0000
LEU   6,6,-0.0002,-0.0001
GLN   7,7,-0.0005,-0.0001
GLY   8,8,0.0003,-0.0001
GLN   9,9,0.0004,-0.0001
MET  10,10,-0.0002,-0.0001
VAL  11,11,0.0003,-0.0001
HID  12,12,-0.0004,-0.0002
GLN  13,13,-0.0012,-0.0005
ALA  14,14,-0.0001,-0.0004
ILE  15,15,-0.0009,-0.0011
SER  16,16,-0.0021,-0.0008
PRO  17,17,-0.0038,-0.0016
ARG  18,18,-0.0657,-0.0030
THR  19,19,-0.0019,-0.0022
LEU  20,20,-0.0025,-0.0036
ASN  21,21,-0.0141,-0.0082
ALA  22,22,0.0026,-0.0072
TRP  23,23,0.0072,-0.0175
VAL  24,24,0.0190,-0.0293
LYS  25,25,0.2551,-0.1024
VAL  26,26,0.0548,-0.0718
VAL  27,27,-0.0637,-0.1039
GLU  28,28,6.3242,-0.5444
GLU  29,29,2.2499,-0.6380
LYS  30,30,-1.5400,-1.0886
ALA  31,31,0.0258,-2.0748
PHE  32,32,-0.9683,-1.2992
SER  33,33,-0.2885,-0.6182
PRO  34,34,-0.0735,-0.0651
GLU  35,35,0.0983,-0.1308
VAL  36,36,-0.0620,-0.0441
ILE  37,37,-0.0166,-0.0113
PRO  38,38,-0.0129,-0.0074
MET  39,39,-0.0263,-0.0253
PHE  40,40,-0.0126,-0.0064
SER  41,41,-0.0053,-0.0019
ALA  42,42,-0.0025,-0.0016
LEU  43,43,-0.0062,-0.0042
SER  44,44,-0.0025,-0.0010
GLU  45,45,0.0637,-0.0009
GLY  46,46,-0.0000,-0.0003
ALA  47,47,-0.0001,-0.0004
THR  48,48,-0.0010,-0.0002
PRO  49,49,-0.0009,-0.0002
GLN  50,50,-0.0029,-0.0006
ASP  51,51,0.0668,-0.0007
LEU  52,52,0.0016,-0.0013
ASN  53,53,-0.0031,-0.0008
THR  54,54,-0.0025,-0.0013
MET  55,55,-0.0059,-0.0031
LEU  56,56,-0.0036,-0.0030
ASN  57,57,-0.0035,-0.0022
THR  58,58,-0.0095,-0.0047
VAL  59,59,-0.0157,-0.0105
ALA  60,60,-0.0106,-0.0051
PRO  61,61,-0.0206,-0.0108
HID  62,62,0.0020,-0.0282
GLN  63,63,0.0934,-0.1977
ALA  64,64,-0.0281,-0.0209
ALA  65,65,-0.0094,-0.0116
ALA  66,66,-0.0013,-0.0037
GLN  67,67,-0.0045,-0.0052
MET  68,68,-0.0041,-0.0098
LEU  69,69,-0.0039,-0.0055
LYS  70,70,-0.0446,-0.0023
GLU  71,71,0.0507,-0.0020
THR  72,72,-0.0008,-0.0017
ILE  73,73,-0.0005,-0.0013
ASN  74,74,-0.0008,-0.0007
GLU  75,75,0.0605,-0.0008
GLU  76,76,0.0560,-0.0006
ALA  77,77,0.0006,-0.0003
ALA  78,78,0.0001,-0.0001
GLU  79,79,0.0614,-0.0003
TRP  80,80,-0.0005,-0.0003
ASP  81,81,0.0586,-0.0000
ARG  82,82,-0.0613,-0.0002
LEU  83,83,0.0000,-0.0001
HID  84,84,0.0008,-0.0001
PRO  85,85,0.0009,-0.0001
VAL  86,86,-0.0010,-0.0001
HID  87,87,0.0018,-0.0000
ALA  88,88,0.0009,0.0000
GLY  89,89,0.0011,-0.0000
PRO  90,90,0.0003,0.0000
ILE  91,91,-0.0016,-0.0001
ALA  92,92,0.0014,0.0000
PRO  93,93,0.0004,0.0000
GLY  94,94,0.0001,-0.0001
GLN  95,95,0.0005,-0.0000
MET  96,96,-0.0009,-0.0001
ARG  97,97,-0.0710,-0.0001
GLU  98,98,0.0678,-0.0001
PRO  99,99,-0.0002,-0.0002
ARG 100,100,-0.0622,-0.0003
GLY 101,101,0.0000,-0.0001
SER 102,102,-0.0004,-0.0002
ASP 103,103,0.0630,-0.0002
ILE 104,104,-0.0000,-0.0003
ALA 105,105,-0.0021,-0.0002
GLY 106,106,-0.0010,-0.0001
THR 107,107,-0.0001,-0.0004
THR 108,108,-0.0001,-0.0001
SER 109,109,-0.0015,-0.0000
THR 110,110,0.0011,-0.0001
LEU 111,111,0.0004,-0.0001
GLN 112,112,0.0002,-0.0001
GLU 113,113,0.0712,-0.0001
GLN 114,114,0.0010,-0.0001
ILE 115,115,-0.0004,-0.0001
GLY 116,116,-0.0010,-0.0001
TRP 117,117,-0.0010,-0.0002
MET 118,118,-0.0009,-0.0002
THR 119,119,-0.0010,-0.0001
HID 120,120,-0.0000,0.0000
ASN 121,121,0.0002,-0.0001
PRO 122,122,-0.0001,-0.0001
PRO 123,123,-0.0001,-0.0001
ILE 124,124,-0.0000,-0.0002
PRO 125,125,-0.0004,-0.0002
VAL 126,126,-0.0008,-0.0002
GLY 127,127,-0.0009,-0.0004
GLU 128,128,0.0626,-0.0005
ILE 129,129,-0.0008,-0.0004
TYR 130,130,0.0003,-0.0012
LYS 131,131,-0.0614,-0.0013
ARG 132,132,-0.0706,-0.0011
TRP 133,133,-0.0005,-0.0016
ILE 134,134,-0.0016,-0.0029
ILE 135,135,0.0018,-0.0034
LEU 136,136,0.0020,-0.0027
GLY 137,137,-0.0000,-0.0027
LEU 138,138,-0.0050,-0.0139
ASN 139,139,0.0104,-0.0085
LYS 140,140,-0.0689,-0.0081
ILE 141,141,-0.0119,-0.0374
VAL 142,142,-0.0373,-0.0589
ARG 143,143,-0.1304,-0.0159
MET 144,144,-0.0420,-0.0236
TYR 145,145,-2.9678,-0.6020
SER 146,146,0.0923,-0.1637
PRO 147,147,-1.9164,-0.6983
THR 148,148,-3.0227,-1.5616
SER 149,149,-1.1704,-2.6069
ILE 150,150,-10.7935,-8.6541
LEU 151,151,-5.6023,-1.9998
ASP 152,152,0.2726,-1.4658
ILE 153,153,-2.3695,-2.1982
ARG 154,154,-0.3057,-0.1344
GLN 155,155,-0.0084,-0.0156
GLY 156,156,0.0074,-0.0038
PRO 157,157,-0.0037,-0.0028
LYS 158,158,-0.0324,-0.0023
GLU 159,159,0.0809,-0.0095
PRO 160,160,0.0130,-0.0044
PHE 161,161,0.0269,-0.0095
ARG 162,162,-0.0105,-0.0094
ASP 163,163,-0.0022,-0.0130
TYR 164,164,0.0772,-0.0782
VAL 165,165,0.0287,-0.0324
ASP 166,166,0.0881,-0.0495
ARG 167,167,-0.3786,-0.1649
PHE 168,168,-1.0663,-1.3562
TYR 169,169,-0.1126,-0.1894
LYS 170,170,-0.2125,-0.4320
THR 171,171,-1.0684,-1.8401
LEU 172,172,-0.8986,-1.0459
ARG 173,173,-17.7562,-1.7938
ALA 174,174,-0.9292,-2.3504
GLU 175,175,8.4839,-1.2918
GLN 176,176,-3.3803,-2.9689
ALA 177,177,-0.0913,-0.1357
SER 178,178,-0.0375,-0.0491
GLN 179,179,-0.0197,-0.0470
GLU 180,180,0.1248,-0.0168
VAL 181,181,-0.0816,-0.0725
LYS 182,182,-0.5400,-0.0954
ASN 183,183,-0.0114,-0.0153
TRP 184,184,-0.0468,-0.0473
MET 185,185,-0.4898,-0.6660
THR 186,186,-0.0242,-0.0258
GLU 187,187,0.0080,-0.0085
THR 188,188,-0.0475,-0.0194
LEU 189,189,-0.7295,-0.6827
LEU 190,190,-0.0049,-0.0612
VAL 191,191,0.0151,-0.0097
GLN 192,192,-0.1075,-0.0198
ASN 193,193,-1.3370,-0.2414
ALA 194,194,-0.0089,-0.0083
ASN 195,195,0.0026,-0.0038
PRO 196,196,-0.0036,-0.0019
ASP 197,197,-0.0000,-0.0011
CYX 198,198,-0.0066,-0.0018
LYS 199,199,-0.0325,-0.0037
THR 200,200,-0.0027,-0.0008
ILE 201,201,-0.0043,-0.0009
LEU 202,202,-0.0048,-0.0020
LYS 203,203,0.0087,-0.0008
ALA 204,204,0.0002,-0.0003
LEU 205,205,0.0008,-0.0007
GLY 206,206,-0.0021,-0.0004
PRO 207,207,-0.0004,-0.0009
GLY 208,208,0.0017,-0.0005
ALA 209,209,-0.0010,-0.0010
THR 210,210,-0.0003,-0.0017
LEU 211,211,-0.0032,-0.0069
GLU 212,212,0.0137,-0.0034
GLU 213,213,0.0063,-0.0015
MET 214,214,-0.0070,-0.0033
MET 215,215,-0.0108,-0.0054
THR 216,216,-0.0023,-0.0014
ALA 217,217,-0.0025,-0.0008
CYX 218,218,-0.0041,-0.0016
GLN 219,219,-0.0006,-0.0015
GLY 220,220,-0.0006,-0.0008
VAL 221,221,0.0068,-0.0014
