Residue Name,Residue Number,Binding Free Energy (kcal/mol),VDW Energy (kcal/mol)
PRO   1,1,-0.0272,-0.0004
ILE   2,2,0.0000,-0.0000
VAL   3,3,-0.0005,-0.0001
GLN   4,4,0.0001,-0.0002
ASN   5,5,-0.0007,-0.0001
LEU   6,6,-0.0002,-0.0000
GLN   7,7,0.0001,0.0000
GLY   8,8,-0.0003,-0.0000
GLN   9,9,0.0006,0.0000
MET  10,10,0.0002,-0.0001
VAL  11,11,-0.0004,-0.0001
HID  12,12,0.0003,-0.0001
GLN  13,13,-0.0006,-0.0003
ALA  14,14,0.0004,-0.0004
ILE  15,15,-0.0006,-0.0009
SER  16,16,-0.0047,-0.0007
PRO  17,17,-0.0051,-0.0011
ARG  18,18,-0.0218,-0.0024
THR  19,19,-0.0039,-0.0016
LEU  20,20,-0.0072,-0.0028
ASN  21,21,-0.0203,-0.0058
ALA  22,22,-0.0145,-0.0057
TRP  23,23,-0.0199,-0.0126
VAL  24,24,-0.0284,-0.0196
LYS  25,25,0.0487,-0.0826
VAL  26,26,-0.0399,-0.0418
VAL  27,27,-0.0518,-0.0483
GLU  28,28,1.3598,-0.5003
GLU  29,29,5.0376,0.5768
LYS  30,30,0.2836,-0.3973
ALA  31,31,-0.0456,-0.2313
PHE  32,32,-0.1114,-0.1455
SER  33,33,-0.0233,-0.1073
PRO  34,34,-0.0423,-0.0301
GLU  35,35,0.2990,-0.0625
VAL  36,36,-0.0278,-0.0202
ILE  37,37,-0.0115,-0.0065
PRO  38,38,-0.0096,-0.0055
MET  39,39,-0.0211,-0.0171
PHE  40,40,-0.0065,-0.0042
SER  41,41,-0.0033,-0.0014
ALA  42,42,-0.0017,-0.0015
LEU  43,43,-0.0041,-0.0035
SER  44,44,-0.0026,-0.0008
GLU  45,45,0.0122,-0.0009
GLY  46,46,0.0023,-0.0002
ALA  47,47,-0.0018,-0.0004
THR  48,48,-0.0007,-0.0003
PRO  49,49,-0.0011,-0.0005
GLN  50,50,-0.0022,-0.0002
ASP  51,51,0.0220,-0.0004
LEU  52,52,0.0016,-0.0009
ASN  53,53,-0.0040,-0.0007
THR  54,54,-0.0039,-0.0007
MET  55,55,-0.0063,-0.0021
LEU  56,56,-0.0058,-0.0021
ASN  57,57,-0.0053,-0.0014
THR  58,58,-0.0103,-0.0028
VAL  59,59,-0.0125,-0.0068
ALA  60,60,-0.0045,-0.0030
PRO  61,61,-0.0162,-0.0100
HID  62,62,0.0044,-0.0358
GLN  63,63,0.0271,-0.0999
ALA  64,64,0.0028,-0.0205
ALA  65,65,-0.0073,-0.0060
ALA  66,66,0.0004,-0.0045
GLN  67,67,-0.0026,-0.0028
MET  68,68,-0.0006,-0.0035
LEU  69,69,-0.0028,-0.0028
LYS  70,70,0.0035,-0.0015
GLU  71,71,0.0116,-0.0011
THR  72,72,-0.0010,-0.0009
ILE  73,73,-0.0006,-0.0009
ASN  74,74,-0.0001,-0.0006
GLU  75,75,0.0202,-0.0004
GLU  76,76,0.0171,-0.0004
ALA  77,77,-0.0002,-0.0003
ALA  78,78,-0.0000,-0.0002
GLU  79,79,0.0238,-0.0002
TRP  80,80,0.0003,-0.0002
ASP  81,81,0.0181,-0.0001
ARG  82,82,-0.0218,-0.0001
LEU  83,83,0.0002,-0.0001
HID  84,84,0.0005,-0.0001
PRO  85,85,-0.0002,-0.0001
VAL  86,86,-0.0000,-0.0002
HID  87,87,-0.0004,0.0000
ALA  88,88,0.0002,-0.0000
GLY  89,89,0.0004,0.0000
PRO  90,90,-0.0000,0.0000
ILE  91,91,-0.0004,0.0000
ALA  92,92,0.0007,0.0000
PRO  93,93,0.0002,0.0000
GLY  94,94,-0.0002,0.0000
GLN  95,95,-0.0001,-0.0001
MET  96,96,-0.0005,-0.0001
ARG  97,97,-0.0301,0.0000
GLU  98,98,0.0283,-0.0001
PRO  99,99,-0.0008,-0.0002
ARG 100,100,-0.0206,-0.0002
GLY 101,101,-0.0005,-0.0002
SER 102,102,-0.0000,-0.0001
ASP 103,103,0.0242,-0.0002
ILE 104,104,0.0001,-0.0003
ALA 105,105,-0.0010,-0.0002
GLY 106,106,0.0006,-0.0000
THR 107,107,0.0000,-0.0001
THR 108,108,-0.0004,-0.0002
SER 109,109,-0.0003,-0.0001
THR 110,110,0.0001,-0.0000
LEU 111,111,-0.0002,-0.0001
GLN 112,112,0.0003,0.0000
GLU 113,113,0.0319,-0.0001
GLN 114,114,-0.0016,-0.0001
ILE 115,115,-0.0010,-0.0000
GLY 116,116,-0.0010,-0.0000
TRP 117,117,-0.0007,0.0000
MET 118,118,-0.0017,-0.0001
THR 119,119,0.0001,-0.0001
HID 120,120,0.0001,0.0000
ASN 121,121,0.0001,0.0000
PRO 122,122,-0.0006,0.0000
PRO 123,123,-0.0003,-0.0001
ILE 124,124,-0.0009,-0.0002
PRO 125,125,-0.0000,-0.0002
VAL 126,126,-0.0006,-0.0002
GLY 127,127,-0.0000,-0.0002
GLU 128,128,0.0028,-0.0006
ILE 129,129,-0.0005,-0.0002
TYR 130,130,0.0008,-0.0007
LYS 131,131,-0.0011,-0.0009
ARG 132,132,-0.0179,-0.0007
TRP 133,133,0.0007,-0.0010
ILE 134,134,0.0012,-0.0016
ILE 135,135,0.0031,-0.0020
LEU 136,136,0.0019,-0.0012
GLY 137,137,0.0004,-0.0013
LEU 138,138,0.0002,-0.0060
ASN 139,139,0.0072,-0.0036
LYS 140,140,-0.0306,-0.0035
ILE 141,141,-0.0149,-0.0108
VAL 142,142,-0.0052,-0.0161
ARG 143,143,-0.0846,-0.0082
MET 144,144,-0.0119,-0.0120
TYR 145,145,-0.0326,-0.3414
SER 146,146,-0.0814,-0.0586
PRO 147,147,-0.3548,-0.3618
THR 148,148,-0.7917,-1.9266
SER 149,149,-1.9463,-3.0374
ILE 150,150,-10.1124,-8.8676
LEU 151,151,-6.2080,-2.3302
ASP 152,152,0.0571,-2.1021
ILE 153,153,-2.2999,-2.4676
ARG 154,154,-0.1748,-0.1214
GLN 155,155,0.0132,-0.0170
GLY 156,156,0.0054,-0.0046
PRO 157,157,-0.0044,-0.0035
LYS 158,158,-0.0105,-0.0030
GLU 159,159,0.0770,-0.0118
PRO 160,160,0.0187,-0.0046
PHE 161,161,0.0241,-0.0094
ARG 162,162,0.0259,-0.0103
ASP 163,163,-0.0165,-0.0135
TYR 164,164,0.0809,-0.0835
VAL 165,165,-0.0018,-0.0302
ASP 166,166,0.0119,-0.0432
ARG 167,167,-0.4740,-0.1954
PHE 168,168,-1.2177,-1.3407
TYR 169,169,-0.1713,-0.1531
LYS 170,170,-1.4576,-0.3634
THR 171,171,-1.1582,-1.7994
LEU 172,172,-1.0325,-1.0437
ARG 173,173,-8.5815,0.1288
ALA 174,174,-0.4466,-0.6575
GLU 175,175,0.4723,-0.6677
GLN 176,176,-0.6881,-0.6640
ALA 177,177,-0.0369,-0.0670
SER 178,178,-0.0370,-0.0199
GLN 179,179,-0.0242,-0.0187
GLU 180,180,-0.0018,-0.0092
VAL 181,181,-0.0674,-0.0633
LYS 182,182,-0.1233,-0.0733
ASN 183,183,-0.0069,-0.0119
TRP 184,184,-0.0335,-0.0457
MET 185,185,-0.4998,-0.7157
THR 186,186,-0.0058,-0.0303
GLU 187,187,-0.0145,-0.0083
THR 188,188,-0.0422,-0.0197
LEU 189,189,-0.6813,-0.7239
LEU 190,190,0.0099,-0.0751
VAL 191,191,0.0109,-0.0108
GLN 192,192,-0.1206,-0.0182
ASN 193,193,-0.5424,-0.0926
ALA 194,194,-0.0165,-0.0072
ASN 195,195,0.0112,-0.0039
PRO 196,196,-0.0013,-0.0017
ASP 197,197,-0.0079,-0.0011
CYX 198,198,-0.0037,-0.0019
LYS 199,199,-0.0126,-0.0038
THR 200,200,-0.0025,-0.0007
ILE 201,201,-0.0037,-0.0010
LEU 202,202,-0.0068,-0.0023
LYS 203,203,0.0188,-0.0013
ALA 204,204,-0.0006,-0.0003
LEU 205,205,-0.0019,-0.0008
GLY 206,206,0.0005,-0.0002
PRO 207,207,-0.0026,-0.0009
GLY 208,208,-0.0028,-0.0006
ALA 209,209,0.0009,-0.0010
THR 210,210,0.0019,-0.0016
LEU 211,211,-0.0033,-0.0075
GLU 212,212,-0.0403,-0.0029
GLU 213,213,-0.0427,-0.0011
MET 214,214,-0.0090,-0.0035
MET 215,215,-0.0035,-0.0045
THR 216,216,-0.0022,-0.0011
ALA 217,217,-0.0035,-0.0007
CYX 218,218,-0.0013,-0.0015
GLN 219,219,0.0000,-0.0015
GLY 220,220,-0.0011,-0.0005
VAL 221,221,-0.0071,-0.0005
