Residue Name,Residue Number,Binding Free Energy (kcal/mol),VDW Energy (kcal/mol)
PRO   1,1,-0.0872,-0.0004
ILE   2,2,-0.0001,-0.0001
VAL   3,3,0.0000,-0.0002
GLN   4,4,-0.0005,-0.0002
ASN   5,5,-0.0007,-0.0001
LEU   6,6,-0.0003,-0.0000
GLN   7,7,0.0002,0.0000
GLY   8,8,0.0002,0.0000
GLN   9,9,0.0003,-0.0001
MET  10,10,-0.0001,-0.0002
VAL  11,11,-0.0000,-0.0001
HID  12,12,-0.0011,-0.0003
GLN  13,13,0.0001,-0.0005
ALA  14,14,0.0004,-0.0004
ILE  15,15,-0.0037,-0.0019
SER  16,16,-0.0034,-0.0011
PRO  17,17,-0.0068,-0.0025
ARG  18,18,-0.0784,-0.0040
THR  19,19,-0.0005,-0.0030
LEU  20,20,-0.0037,-0.0076
ASN  21,21,-0.0181,-0.0133
ALA  22,22,0.0010,-0.0086
TRP  23,23,0.0124,-0.0255
VAL  24,24,0.0208,-0.0675
LYS  25,25,-0.2449,-0.1561
VAL  26,26,-0.0060,-0.0707
VAL  27,27,0.0769,-0.1924
GLU  28,28,8.9754,-0.8557
GLU  29,29,2.1662,-1.6428
LYS  30,30,-0.4126,-0.4623
ALA  31,31,-0.2989,-0.5655
PHE  32,32,-0.3267,-0.3982
SER  33,33,-0.0828,-0.0706
PRO  34,34,-0.0220,-0.0150
GLU  35,35,0.1692,-0.0232
VAL  36,36,-0.0304,-0.0223
ILE  37,37,-0.0060,-0.0055
PRO  38,38,-0.0074,-0.0035
MET  39,39,-0.0190,-0.0132
PHE  40,40,-0.0085,-0.0052
SER  41,41,-0.0045,-0.0015
ALA  42,42,-0.0042,-0.0013
LEU  43,43,-0.0088,-0.0046
SER  44,44,-0.0037,-0.0011
GLU  45,45,0.0853,-0.0006
GLY  46,46,-0.0000,-0.0002
ALA  47,47,-0.0012,-0.0007
THR  48,48,-0.0009,-0.0004
PRO  49,49,-0.0010,-0.0007
GLN  50,50,-0.0024,-0.0010
ASP  51,51,0.0845,-0.0013
LEU  52,52,0.0003,-0.0018
ASN  53,53,-0.0027,-0.0018
THR  54,54,-0.0105,-0.0031
MET  55,55,-0.0091,-0.0057
LEU  56,56,-0.0102,-0.0065
ASN  57,57,-0.0218,-0.0104
THR  58,58,-0.0425,-0.0279
VAL  59,59,-0.0715,-0.0325
ALA  60,60,-0.0249,-0.0261
PRO  61,61,-0.5169,-0.1729
HID  62,62,0.1168,-0.5792
GLN  63,63,0.0367,-0.0875
ALA  64,64,-0.0134,-0.0234
ALA  65,65,-0.0056,-0.0188
ALA  66,66,0.0014,-0.0101
GLN  67,67,-0.0050,-0.0084
MET  68,68,-0.0053,-0.0074
LEU  69,69,-0.0071,-0.0060
LYS  70,70,-0.0738,-0.0042
GLU  71,71,0.0754,-0.0023
THR  72,72,-0.0027,-0.0016
ILE  73,73,-0.0013,-0.0014
ASN  74,74,-0.0005,-0.0009
GLU  75,75,0.0765,-0.0009
GLU  76,76,0.0812,-0.0004
ALA  77,77,-0.0008,-0.0003
ALA  78,78,-0.0007,-0.0002
GLU  79,79,0.0749,-0.0004
TRP  80,80,-0.0015,-0.0005
ASP  81,81,0.0775,-0.0003
ARG  82,82,-0.0741,-0.0001
LEU  83,83,-0.0009,-0.0001
HID  84,84,-0.0003,-0.0003
PRO  85,85,0.0004,-0.0003
VAL  86,86,-0.0010,-0.0003
HID  87,87,0.0003,0.0000
ALA  88,88,-0.0006,-0.0000
GLY  89,89,0.0006,-0.0001
PRO  90,90,-0.0000,0.0000
ILE  91,91,-0.0011,-0.0001
ALA  92,92,0.0012,0.0000
PRO  93,93,0.0003,-0.0001
GLY  94,94,0.0002,0.0000
GLN  95,95,0.0002,0.0000
MET  96,96,-0.0010,-0.0000
ARG  97,97,-0.0818,-0.0000
GLU  98,98,0.0757,-0.0000
PRO  99,99,-0.0008,-0.0002
ARG 100,100,-0.0758,-0.0003
GLY 101,101,0.0002,-0.0001
SER 102,102,-0.0001,-0.0003
ASP 103,103,0.0837,-0.0002
ILE 104,104,0.0006,-0.0002
ALA 105,105,-0.0011,-0.0003
GLY 106,106,-0.0003,-0.0001
THR 107,107,-0.0006,-0.0004
THR 108,108,-0.0003,-0.0003
SER 109,109,-0.0004,-0.0002
THR 110,110,0.0003,-0.0002
LEU 111,111,-0.0001,-0.0003
GLN 112,112,0.0004,-0.0001
GLU 113,113,0.0886,-0.0003
GLN 114,114,0.0010,-0.0003
ILE 115,115,-0.0007,-0.0003
GLY 116,116,-0.0014,0.0000
TRP 117,117,-0.0009,-0.0001
MET 118,118,-0.0019,-0.0001
THR 119,119,-0.0009,-0.0001
HID 120,120,0.0002,-0.0002
ASN 121,121,0.0011,0.0000
PRO 122,122,0.0002,-0.0001
PRO 123,123,-0.0007,-0.0001
ILE 124,124,0.0009,-0.0001
PRO 125,125,-0.0006,-0.0002
VAL 126,126,-0.0013,-0.0004
GLY 127,127,0.0005,-0.0002
GLU 128,128,0.0851,-0.0005
ILE 129,129,-0.0001,-0.0005
TYR 130,130,0.0007,-0.0013
LYS 131,131,-0.0883,-0.0010
ARG 132,132,-0.0850,-0.0009
TRP 133,133,0.0003,-0.0013
ILE 134,134,-0.0005,-0.0025
ILE 135,135,0.0031,-0.0020
LEU 136,136,0.0013,-0.0019
GLY 137,137,-0.0004,-0.0019
LEU 138,138,-0.0031,-0.0080
ASN 139,139,0.0038,-0.0034
LYS 140,140,-0.0950,-0.0046
ILE 141,141,-0.0119,-0.0197
VAL 142,142,-0.0041,-0.0143
ARG 143,143,-0.1224,-0.0069
MET 144,144,-0.0288,-0.0226
TYR 145,145,-1.1558,-0.3697
SER 146,146,-0.0988,-0.1153
PRO 147,147,-1.3765,-0.6537
THR 148,148,-1.9828,-1.6960
SER 149,149,-1.3215,-2.6071
ILE 150,150,-10.1314,-8.0690
LEU 151,151,-5.8949,-2.1470
ASP 152,152,-0.2570,-1.5740
ILE 153,153,-2.2454,-2.0780
ARG 154,154,-0.1397,-0.1120
GLN 155,155,-0.0061,-0.0170
GLY 156,156,0.0042,-0.0047
PRO 157,157,-0.0043,-0.0037
LYS 158,158,-0.0055,-0.0034
GLU 159,159,0.0332,-0.0140
PRO 160,160,0.0087,-0.0064
PHE 161,161,0.0203,-0.0096
ARG 162,162,0.0142,-0.0113
ASP 163,163,-0.0566,-0.0218
TYR 164,164,0.0628,-0.0740
VAL 165,165,0.0244,-0.0293
ASP 166,166,0.0039,-0.0656
ARG 167,167,-0.3490,-0.1779
PHE 168,168,-0.8145,-1.1274
TYR 169,169,-0.0784,-0.1641
LYS 170,170,-0.1412,-0.6749
THR 171,171,-1.1319,-1.6119
LEU 172,172,-0.9655,-1.0086
ARG 173,173,-8.2960,-0.6504
ALA 174,174,-0.5152,-1.4910
GLU 175,175,6.3841,-1.6887
GLN 176,176,-2.1412,-2.3200
ALA 177,177,0.0604,-0.1481
SER 178,178,-0.0162,-0.0707
GLN 179,179,0.0160,-0.0635
GLU 180,180,0.0332,-0.0150
VAL 181,181,-0.0745,-0.0665
LYS 182,182,-0.2372,-0.1066
ASN 183,183,-0.0108,-0.0124
TRP 184,184,-0.0443,-0.0505
MET 185,185,-0.5162,-0.7045
THR 186,186,-0.0098,-0.0240
GLU 187,187,-0.0242,-0.0080
THR 188,188,-0.0393,-0.0201
LEU 189,189,-0.5953,-0.5976
LEU 190,190,-0.0167,-0.0620
VAL 191,191,0.0137,-0.0100
GLN 192,192,-0.0965,-0.0207
ASN 193,193,-0.8975,-0.1777
ALA 194,194,-0.0078,-0.0076
ASN 195,195,0.0088,-0.0045
PRO 196,196,-0.0017,-0.0018
ASP 197,197,-0.0118,-0.0013
CYX 198,198,-0.0040,-0.0020
LYS 199,199,-0.0086,-0.0038
THR 200,200,-0.0021,-0.0010
ILE 201,201,-0.0021,-0.0011
LEU 202,202,-0.0030,-0.0022
LYS 203,203,0.0142,-0.0011
ALA 204,204,-0.0004,-0.0002
LEU 205,205,-0.0012,-0.0008
GLY 206,206,0.0004,-0.0004
PRO 207,207,-0.0012,-0.0005
GLY 208,208,-0.0013,-0.0004
ALA 209,209,-0.0017,-0.0011
THR 210,210,-0.0010,-0.0021
LEU 211,211,-0.0051,-0.0081
GLU 212,212,-0.0242,-0.0031
GLU 213,213,-0.0182,-0.0016
MET 214,214,-0.0062,-0.0039
MET 215,215,-0.0059,-0.0057
THR 216,216,-0.0015,-0.0014
ALA 217,217,-0.0020,-0.0007
CYX 218,218,-0.0035,-0.0017
GLN 219,219,-0.0011,-0.0018
GLY 220,220,-0.0002,-0.0007
VAL 221,221,-0.0031,-0.0012
