Residue Name,Residue Number,Binding Free Energy (kcal/mol),VDW Energy (kcal/mol)
PRO   1,1,-0.0214,-0.0005
ILE   2,2,-0.0002,-0.0002
VAL   3,3,-0.0007,-0.0002
GLN   4,4,0.0003,-0.0001
ASN   5,5,0.0002,-0.0001
LEU   6,6,-0.0001,-0.0002
GLN   7,7,-0.0001,-0.0000
GLY   8,8,0.0000,0.0000
GLN   9,9,-0.0001,-0.0001
MET  10,10,-0.0004,-0.0002
VAL  11,11,-0.0002,-0.0000
HID  12,12,0.0001,-0.0003
GLN  13,13,-0.0011,-0.0004
ALA  14,14,-0.0001,-0.0002
ILE  15,15,0.0007,-0.0010
SER  16,16,-0.0027,-0.0006
PRO  17,17,-0.0026,-0.0010
ARG  18,18,-0.0212,-0.0034
THR  19,19,-0.0055,-0.0023
LEU  20,20,-0.0057,-0.0023
ASN  21,21,-0.0072,-0.0039
ALA  22,22,-0.0109,-0.0058
TRP  23,23,-0.0251,-0.0124
VAL  24,24,-0.0102,-0.0078
LYS  25,25,-0.0446,-0.0362
VAL  26,26,-0.0667,-0.0427
VAL  27,27,-0.0311,-0.0264
GLU  28,28,0.0864,-0.1169
GLU  29,29,4.2439,-0.3912
LYS  30,30,2.0953,-0.8871
ALA  31,31,-0.1593,-0.1982
PHE  32,32,-0.0825,-0.1750
SER  33,33,0.4127,-1.2315
PRO  34,34,-1.2564,-1.2923
GLU  35,35,4.2499,-0.6139
VAL  36,36,-0.0638,-0.0776
ILE  37,37,-0.0517,-0.0453
PRO  38,38,-0.0768,-0.0838
MET  39,39,-0.0995,-0.1075
PHE  40,40,-0.0080,-0.0109
SER  41,41,0.0020,-0.0058
ALA  42,42,0.0031,-0.0049
LEU  43,43,-0.0023,-0.0072
SER  44,44,0.0022,-0.0018
GLU  45,45,0.0090,-0.0020
GLY  46,46,-0.0001,-0.0006
ALA  47,47,0.0000,-0.0005
THR  48,48,-0.0013,-0.0003
PRO  49,49,-0.0010,-0.0005
GLN  50,50,0.0007,-0.0003
ASP  51,51,0.0204,-0.0007
LEU  52,52,0.0015,-0.0011
ASN  53,53,-0.0005,-0.0006
THR  54,54,-0.0009,-0.0008
MET  55,55,-0.0037,-0.0026
LEU  56,56,-0.0019,-0.0017
ASN  57,57,-0.0002,-0.0009
THR  58,58,-0.0021,-0.0018
VAL  59,59,-0.0041,-0.0033
ALA  60,60,-0.0003,-0.0011
PRO  61,61,-0.0005,-0.0017
HID  62,62,-0.0009,-0.0063
GLN  63,63,-0.0075,-0.0042
ALA  64,64,-0.0018,-0.0026
ALA  65,65,-0.0012,-0.0037
ALA  66,66,-0.0016,-0.0016
GLN  67,67,-0.0036,-0.0019
MET  68,68,-0.0018,-0.0039
LEU  69,69,-0.0010,-0.0033
LYS  70,70,-0.0328,-0.0011
GLU  71,71,0.0502,-0.0009
THR  72,72,0.0005,-0.0013
ILE  73,73,0.0003,-0.0010
ASN  74,74,-0.0015,-0.0003
GLU  75,75,0.0530,-0.0007
GLU  76,76,0.0603,-0.0008
ALA  77,77,0.0006,-0.0001
ALA  78,78,0.0001,-0.0002
GLU  79,79,0.0596,-0.0003
TRP  80,80,0.0003,-0.0005
ASP  81,81,0.0486,-0.0000
ARG  82,82,-0.0538,-0.0001
LEU  83,83,-0.0000,-0.0002
HID  84,84,0.0003,-0.0002
PRO  85,85,0.0001,0.0000
VAL  86,86,-0.0000,-0.0002
HID  87,87,0.0009,-0.0000
ALA  88,88,-0.0004,-0.0000
GLY  89,89,0.0008,-0.0000
PRO  90,90,-0.0004,0.0000
ILE  91,91,-0.0010,-0.0001
ALA  92,92,0.0006,0.0000
PRO  93,93,0.0002,0.0000
GLY  94,94,0.0005,0.0000
GLN  95,95,-0.0007,0.0000
MET  96,96,0.0001,-0.0001
ARG  97,97,-0.0452,0.0000
GLU  98,98,0.0491,-0.0001
PRO  99,99,0.0007,-0.0001
ARG 100,100,-0.0488,-0.0001
GLY 101,101,-0.0008,-0.0002
SER 102,102,-0.0006,-0.0001
ASP 103,103,0.0438,-0.0002
ILE 104,104,-0.0015,-0.0003
ALA 105,105,-0.0015,-0.0002
GLY 106,106,-0.0010,-0.0002
THR 107,107,0.0005,-0.0002
THR 108,108,0.0008,-0.0000
SER 109,109,-0.0024,-0.0000
THR 110,110,0.0009,-0.0002
LEU 111,111,0.0006,-0.0001
GLN 112,112,-0.0006,-0.0001
GLU 113,113,0.0427,-0.0001
GLN 114,114,-0.0009,-0.0002
ILE 115,115,0.0003,-0.0003
GLY 116,116,-0.0001,0.0000
TRP 117,117,-0.0005,-0.0002
MET 118,118,-0.0003,-0.0002
THR 119,119,0.0001,-0.0001
HID 120,120,-0.0011,-0.0002
ASN 121,121,-0.0001,-0.0000
PRO 122,122,-0.0001,-0.0001
PRO 123,123,0.0015,-0.0001
ILE 124,124,-0.0010,-0.0002
PRO 125,125,0.0004,-0.0001
VAL 126,126,0.0000,-0.0003
GLY 127,127,0.0009,-0.0002
GLU 128,128,0.0256,-0.0010
ILE 129,129,-0.0001,-0.0006
TYR 130,130,0.0006,-0.0011
LYS 131,131,-0.0183,-0.0024
ARG 132,132,-0.0630,-0.0034
TRP 133,133,-0.0014,-0.0017
ILE 134,134,-0.0017,-0.0030
ILE 135,135,-0.0025,-0.0067
LEU 136,136,0.0003,-0.0038
GLY 137,137,0.0026,-0.0025
LEU 138,138,-0.0072,-0.0148
ASN 139,139,0.0193,-0.0167
LYS 140,140,-0.0749,-0.0074
ILE 141,141,-0.0015,-0.0168
VAL 142,142,-0.0542,-0.0843
ARG 143,143,-0.1690,-0.0250
MET 144,144,0.0015,-0.0123
TYR 145,145,-0.0186,-0.0321
SER 146,146,-0.1517,-0.1009
PRO 147,147,-1.1209,-1.1870
THR 148,148,0.5935,-1.7867
SER 149,149,-2.0737,-3.2695
ILE 150,150,-10.3871,-8.9285
LEU 151,151,-5.9624,-2.2517
ASP 152,152,0.0396,-2.0994
ILE 153,153,-2.1611,-2.0922
ARG 154,154,-0.1753,-0.1051
GLN 155,155,-0.0171,-0.0178
GLY 156,156,0.0014,-0.0046
PRO 157,157,-0.0048,-0.0035
LYS 158,158,-0.0461,-0.0030
GLU 159,159,0.1370,-0.0136
PRO 160,160,0.0112,-0.0059
PHE 161,161,0.0094,-0.0102
ARG 162,162,0.0083,-0.0111
ASP 163,163,0.0388,-0.0199
TYR 164,164,0.0377,-0.0760
VAL 165,165,-0.0097,-0.0323
ASP 166,166,-0.0152,-0.0741
ARG 167,167,-0.5204,-0.2295
PHE 168,168,-1.2302,-1.3138
TYR 169,169,-0.1806,-0.1765
LYS 170,170,-5.4399,-0.8553
THR 171,171,-1.2784,-2.2001
LEU 172,172,-1.1130,-1.1609
ARG 173,173,-7.9423,-0.9476
ALA 174,174,-0.8792,-2.3744
GLU 175,175,0.7839,-1.1867
GLN 176,176,-0.8028,-1.5932
ALA 177,177,-0.0607,-0.0824
SER 178,178,-0.0346,-0.0211
GLN 179,179,-0.0159,-0.0170
GLU 180,180,0.0649,-0.0106
VAL 181,181,-0.0543,-0.0554
LYS 182,182,-0.1490,-0.0849
ASN 183,183,-0.0178,-0.0136
TRP 184,184,-0.0380,-0.0484
MET 185,185,-0.4428,-0.6260
THR 186,186,-0.0266,-0.0416
GLU 187,187,-0.0018,-0.0104
THR 188,188,-0.0436,-0.0268
LEU 189,189,-0.7890,-0.7561
LEU 190,190,-0.0063,-0.0728
VAL 191,191,0.0078,-0.0106
GLN 192,192,-0.0459,-0.0197
ASN 193,193,-0.7351,-0.1619
ALA 194,194,-0.0124,-0.0082
ASN 195,195,-0.0032,-0.0040
PRO 196,196,-0.0027,-0.0020
ASP 197,197,0.0119,-0.0010
CYX 198,198,-0.0085,-0.0020
LYS 199,199,-0.0252,-0.0033
THR 200,200,-0.0019,-0.0006
ILE 201,201,-0.0023,-0.0010
LEU 202,202,-0.0019,-0.0016
LYS 203,203,0.0032,-0.0007
ALA 204,204,-0.0008,-0.0001
LEU 205,205,-0.0013,-0.0008
GLY 206,206,-0.0010,-0.0002
PRO 207,207,-0.0009,-0.0004
GLY 208,208,-0.0004,-0.0003
ALA 209,209,-0.0005,-0.0005
THR 210,210,-0.0001,-0.0011
LEU 211,211,-0.0008,-0.0044
GLU 212,212,-0.0430,-0.0022
GLU 213,213,-0.0192,-0.0010
MET 214,214,-0.0039,-0.0026
MET 215,215,-0.0054,-0.0043
THR 216,216,-0.0033,-0.0012
ALA 217,217,-0.0031,-0.0005
CYX 218,218,0.0036,-0.0020
GLN 219,219,0.0017,-0.0022
GLY 220,220,-0.0006,-0.0008
VAL 221,221,0.0193,-0.0013
