Residue Name,Residue Number,Binding Free Energy (kcal/mol),VDW Energy (kcal/mol)
PRO   1,1,-0.0323,-0.0002
ILE   2,2,-0.0001,-0.0003
VAL   3,3,0.0002,-0.0001
GLN   4,4,-0.0001,-0.0001
ASN   5,5,0.0002,-0.0001
LEU   6,6,-0.0001,-0.0001
GLN   7,7,0.0005,0.0000
GLY   8,8,-0.0001,-0.0000
GLN   9,9,-0.0001,-0.0002
MET  10,10,-0.0001,-0.0001
VAL  11,11,0.0000,-0.0000
HID  12,12,-0.0004,-0.0003
GLN  13,13,-0.0003,-0.0004
ALA  14,14,0.0012,-0.0002
ILE  15,15,-0.0006,-0.0009
SER  16,16,-0.0044,-0.0006
PRO  17,17,-0.0043,-0.0007
ARG  18,18,-0.0249,-0.0014
THR  19,19,-0.0050,-0.0015
LEU  20,20,-0.0081,-0.0019
ASN  21,21,-0.0101,-0.0027
ALA  22,22,-0.0155,-0.0035
TRP  23,23,-0.0393,-0.0141
VAL  24,24,-0.0231,-0.0076
LYS  25,25,-0.0296,-0.0224
VAL  26,26,-0.1878,-0.0523
VAL  27,27,-0.0782,-0.0564
GLU  28,28,-0.3123,-0.2279
GLU  29,29,-1.8713,-0.1931
LYS  30,30,0.1624,-1.3552
ALA  31,31,0.1797,-1.4242
PHE  32,32,-0.1645,-1.8754
SER  33,33,-1.7545,-1.8597
PRO  34,34,-1.1215,-1.0212
GLU  35,35,-0.4081,-0.8170
VAL  36,36,-0.1547,-0.1099
ILE  37,37,-0.0714,-0.0421
PRO  38,38,-0.0351,-0.0278
MET  39,39,-0.0205,-0.0268
PHE  40,40,-0.0099,-0.0101
SER  41,41,-0.0076,-0.0037
ALA  42,42,-0.0019,-0.0025
LEU  43,43,-0.0021,-0.0045
SER  44,44,0.0014,-0.0015
GLU  45,45,0.0388,-0.0012
GLY  46,46,0.0006,-0.0003
ALA  47,47,0.0008,-0.0006
THR  48,48,-0.0036,-0.0003
PRO  49,49,-0.0039,-0.0006
GLN  50,50,-0.0039,-0.0003
ASP  51,51,0.0208,-0.0005
LEU  52,52,-0.0052,-0.0013
ASN  53,53,-0.0068,-0.0007
THR  54,54,-0.0036,-0.0009
MET  55,55,-0.0064,-0.0027
LEU  56,56,-0.0060,-0.0026
ASN  57,57,-0.0036,-0.0012
THR  58,58,-0.0029,-0.0019
VAL  59,59,-0.0100,-0.0055
ALA  60,60,-0.0031,-0.0019
PRO  61,61,-0.0052,-0.0038
HID  62,62,-0.0069,-0.0182
GLN  63,63,-0.0117,-0.0091
ALA  64,64,-0.0021,-0.0137
ALA  65,65,-0.0014,-0.0123
ALA  66,66,0.0000,-0.0039
GLN  67,67,-0.0048,-0.0050
MET  68,68,-0.0028,-0.0155
LEU  69,69,-0.0024,-0.0074
LYS  70,70,0.0144,-0.0022
GLU  71,71,-0.0128,-0.0030
THR  72,72,0.0001,-0.0035
ILE  73,73,0.0007,-0.0020
ASN  74,74,0.0012,-0.0011
GLU  75,75,0.0101,-0.0020
GLU  76,76,0.0317,-0.0017
ALA  77,77,0.0006,-0.0007
ALA  78,78,0.0004,-0.0004
GLU  79,79,0.0283,-0.0011
TRP  80,80,0.0013,-0.0006
ASP  81,81,0.0100,-0.0003
ARG  82,82,-0.0315,-0.0006
LEU  83,83,0.0001,-0.0005
HID  84,84,0.0000,-0.0005
PRO  85,85,0.0010,-0.0001
VAL  86,86,0.0002,-0.0001
HID  87,87,0.0002,-0.0001
ALA  88,88,0.0005,-0.0000
GLY  89,89,0.0002,0.0000
PRO  90,90,-0.0001,0.0000
ILE  91,91,-0.0008,-0.0001
ALA  92,92,0.0004,0.0000
PRO  93,93,0.0007,0.0000
GLY  94,94,-0.0009,0.0000
GLN  95,95,-0.0005,-0.0001
MET  96,96,-0.0001,-0.0001
ARG  97,97,-0.0301,-0.0001
GLU  98,98,0.0277,-0.0002
PRO  99,99,-0.0007,-0.0002
ARG 100,100,-0.0146,-0.0003
GLY 101,101,0.0006,-0.0002
SER 102,102,0.0002,-0.0002
ASP 103,103,0.0171,-0.0002
ILE 104,104,-0.0000,-0.0003
ALA 105,105,-0.0020,-0.0004
GLY 106,106,-0.0004,-0.0001
THR 107,107,0.0018,-0.0002
THR 108,108,-0.0005,-0.0001
SER 109,109,-0.0018,-0.0001
THR 110,110,0.0010,-0.0000
LEU 111,111,0.0005,-0.0003
GLN 112,112,0.0011,-0.0002
GLU 113,113,0.0396,-0.0001
GLN 114,114,0.0022,-0.0003
ILE 115,115,-0.0005,-0.0002
GLY 116,116,0.0005,-0.0001
TRP 117,117,-0.0003,-0.0002
MET 118,118,-0.0008,-0.0003
THR 119,119,0.0003,-0.0000
HID 120,120,0.0007,-0.0001
ASN 121,121,-0.0004,0.0000
PRO 122,122,-0.0003,-0.0001
PRO 123,123,-0.0003,-0.0002
ILE 124,124,0.0001,-0.0002
PRO 125,125,-0.0012,-0.0003
VAL 126,126,-0.0011,-0.0002
GLY 127,127,-0.0018,-0.0005
GLU 128,128,0.0313,-0.0009
ILE 129,129,-0.0003,-0.0009
TYR 130,130,-0.0012,-0.0015
LYS 131,131,-0.0273,-0.0023
ARG 132,132,-0.0627,-0.0033
TRP 133,133,-0.0004,-0.0027
ILE 134,134,-0.0016,-0.0047
ILE 135,135,0.0017,-0.0089
LEU 136,136,0.0029,-0.0076
GLY 137,137,0.0062,-0.0063
LEU 138,138,0.0054,-0.0323
ASN 139,139,0.0475,-0.0434
LYS 140,140,-0.0498,-0.0276
ILE 141,141,-0.0442,-0.0911
VAL 142,142,-0.3599,-0.6562
ARG 143,143,-0.5022,-0.2005
MET 144,144,-0.2442,-0.1934
TYR 145,145,-2.7338,-4.3338
SER 146,146,-0.4947,-1.8939
PRO 147,147,-0.4236,-0.5279
THR 148,148,-0.0146,-2.6251
SER 149,149,-3.3406,-3.2860
ILE 150,150,-10.6634,-8.7676
LEU 151,151,-5.9699,-2.3199
ASP 152,152,0.1489,-2.5532
ILE 153,153,-2.6237,-2.5627
ARG 154,154,-0.2672,-0.1986
GLN 155,155,-0.0105,-0.0282
GLY 156,156,-0.0016,-0.0086
PRO 157,157,-0.0057,-0.0058
LYS 158,158,-0.0741,-0.0042
GLU 159,159,0.0065,-0.0249
PRO 160,160,-0.0035,-0.0076
PHE 161,161,-0.0017,-0.0128
ARG 162,162,-0.0749,-0.0140
ASP 163,163,0.0310,-0.0269
TYR 164,164,-0.0505,-0.0946
VAL 165,165,-0.0358,-0.0457
ASP 166,166,-0.0586,-0.1441
ARG 167,167,0.3210,-0.6912
PHE 168,168,-1.1620,-1.2361
TYR 169,169,-0.3227,-0.3299
LYS 170,170,-2.4287,-3.1879
THR 171,171,-2.8762,-3.0025
LEU 172,172,-1.0789,-1.1342
ARG 173,173,-6.6638,-4.6433
ALA 174,174,-3.1819,-2.7667
GLU 175,175,0.9409,-1.7089
GLN 176,176,-2.0592,-2.9442
ALA 177,177,-0.1057,-0.1571
SER 178,178,-0.0743,-0.0470
GLN 179,179,-0.0408,-0.0415
GLU 180,180,0.0656,-0.0148
VAL 181,181,-0.0616,-0.0705
LYS 182,182,-0.2432,-0.1151
ASN 183,183,-0.0093,-0.0156
TRP 184,184,-0.0367,-0.0557
MET 185,185,-0.4906,-0.7524
THR 186,186,-0.0363,-0.0431
GLU 187,187,0.0429,-0.0101
THR 188,188,-0.0315,-0.0204
LEU 189,189,-0.7207,-0.7066
LEU 190,190,-0.0267,-0.0713
VAL 191,191,-0.0051,-0.0120
GLN 192,192,-0.1023,-0.0282
ASN 193,193,-0.5319,-0.0951
ALA 194,194,-0.0133,-0.0084
ASN 195,195,0.0031,-0.0053
PRO 196,196,-0.0011,-0.0021
ASP 197,197,0.0619,-0.0012
CYX 198,198,-0.0028,-0.0024
LYS 199,199,-0.0867,-0.0045
THR 200,200,-0.0042,-0.0011
ILE 201,201,-0.0044,-0.0013
LEU 202,202,-0.0092,-0.0037
LYS 203,203,-0.0525,-0.0019
ALA 204,204,-0.0017,-0.0004
LEU 205,205,-0.0037,-0.0012
GLY 206,206,0.0014,-0.0006
PRO 207,207,-0.0001,-0.0015
GLY 208,208,-0.0009,-0.0007
ALA 209,209,0.0003,-0.0011
THR 210,210,-0.0018,-0.0021
LEU 211,211,-0.0092,-0.0089
GLU 212,212,0.0529,-0.0028
GLU 213,213,0.0478,-0.0015
MET 214,214,-0.0062,-0.0042
MET 215,215,-0.0029,-0.0058
THR 216,216,-0.0034,-0.0014
ALA 217,217,-0.0038,-0.0009
CYX 218,218,-0.0019,-0.0020
GLN 219,219,-0.0012,-0.0018
GLY 220,220,-0.0030,-0.0017
VAL 221,221,0.0443,-0.0024
