Residue Name,Residue Number,Binding Free Energy (kcal/mol),VDW Energy (kcal/mol)
PRO   1,1,-0.0594,-0.0008
ILE   2,2,-0.0002,-0.0004
VAL   3,3,0.0002,-0.0002
GLN   4,4,0.0001,-0.0001
ASN   5,5,0.0001,-0.0002
LEU   6,6,-0.0001,0.0000
GLN   7,7,-0.0001,0.0000
GLY   8,8,0.0002,-0.0001
GLN   9,9,-0.0001,-0.0001
MET  10,10,-0.0002,-0.0001
VAL  11,11,-0.0005,-0.0002
HID  12,12,-0.0005,-0.0003
GLN  13,13,-0.0012,-0.0004
ALA  14,14,0.0002,-0.0004
ILE  15,15,-0.0004,-0.0014
SER  16,16,-0.0037,-0.0010
PRO  17,17,-0.0041,-0.0016
ARG  18,18,-0.0592,-0.0034
THR  19,19,-0.0065,-0.0030
LEU  20,20,-0.0102,-0.0043
ASN  21,21,-0.0186,-0.0089
ALA  22,22,-0.0191,-0.0094
TRP  23,23,-0.0411,-0.0228
VAL  24,24,-0.0410,-0.0292
LYS  25,25,0.3365,-0.1857
VAL  26,26,-0.1062,-0.0940
VAL  27,27,-0.1558,-0.1267
GLU  28,28,4.8745,-1.3957
GLU  29,29,2.5892,-1.4707
LYS  30,30,-2.4305,-1.6465
ALA  31,31,-1.7316,-2.1221
PHE  32,32,-0.3071,-0.3157
SER  33,33,-0.7874,-1.1748
PRO  34,34,-0.2254,-0.1986
GLU  35,35,-0.4194,-0.8563
VAL  36,36,-0.0828,-0.0897
ILE  37,37,-0.0337,-0.0228
PRO  38,38,-0.0295,-0.0210
MET  39,39,-0.0551,-0.0539
PHE  40,40,-0.0107,-0.0100
SER  41,41,-0.0055,-0.0034
ALA  42,42,-0.0029,-0.0028
LEU  43,43,-0.0054,-0.0068
SER  44,44,-0.0015,-0.0015
GLU  45,45,0.0541,-0.0014
GLY  46,46,0.0008,-0.0005
ALA  47,47,-0.0015,-0.0006
THR  48,48,-0.0011,-0.0003
PRO  49,49,-0.0009,-0.0004
GLN  50,50,-0.0015,-0.0005
ASP  51,51,0.0554,-0.0010
LEU  52,52,0.0011,-0.0013
ASN  53,53,-0.0032,-0.0010
THR  54,54,-0.0032,-0.0013
MET  55,55,-0.0078,-0.0036
LEU  56,56,-0.0062,-0.0032
ASN  57,57,-0.0037,-0.0021
THR  58,58,-0.0072,-0.0049
VAL  59,59,-0.0255,-0.0115
ALA  60,60,-0.0105,-0.0048
PRO  61,61,-0.0208,-0.0142
HID  62,62,0.0690,-0.0777
GLN  63,63,-0.0118,-0.0148
ALA  64,64,0.0197,-0.0177
ALA  65,65,0.0151,-0.0169
ALA  66,66,0.0025,-0.0053
GLN  67,67,-0.0003,-0.0057
MET  68,68,0.0149,-0.0072
LEU  69,69,-0.0005,-0.0060
LYS  70,70,-0.0234,-0.0023
GLU  71,71,0.0221,-0.0017
THR  72,72,0.0014,-0.0017
ILE  73,73,-0.0003,-0.0014
ASN  74,74,-0.0005,-0.0006
GLU  75,75,0.0315,-0.0009
GLU  76,76,0.0387,-0.0008
ALA  77,77,-0.0001,-0.0004
ALA  78,78,0.0003,-0.0001
GLU  79,79,0.0418,-0.0005
TRP  80,80,0.0004,-0.0004
ASP  81,81,0.0329,-0.0001
ARG  82,82,-0.0362,-0.0004
LEU  83,83,0.0002,-0.0001
HID  84,84,0.0006,-0.0002
PRO  85,85,0.0008,-0.0001
VAL  86,86,-0.0001,0.0000
HID  87,87,-0.0003,-0.0001
ALA  88,88,0.0006,0.0000
GLY  89,89,0.0003,0.0000
PRO  90,90,-0.0004,0.0000
ILE  91,91,-0.0008,0.0000
ALA  92,92,0.0011,0.0000
PRO  93,93,-0.0002,0.0000
GLY  94,94,0.0004,0.0000
GLN  95,95,-0.0005,-0.0001
MET  96,96,-0.0004,0.0000
ARG  97,97,-0.0499,-0.0001
GLU  98,98,0.0497,-0.0001
PRO  99,99,-0.0008,-0.0002
ARG 100,100,-0.0400,-0.0003
GLY 101,101,0.0013,0.0000
SER 102,102,0.0001,-0.0002
ASP 103,103,0.0452,-0.0001
ILE 104,104,0.0009,-0.0005
ALA 105,105,0.0002,-0.0002
GLY 106,106,0.0010,-0.0000
THR 107,107,0.0009,-0.0002
THR 108,108,-0.0011,-0.0002
SER 109,109,-0.0005,-0.0002
THR 110,110,0.0007,-0.0002
LEU 111,111,0.0001,-0.0004
GLN 112,112,0.0007,-0.0003
GLU 113,113,0.0573,-0.0001
GLN 114,114,0.0008,-0.0002
ILE 115,115,-0.0007,-0.0001
GLY 116,116,-0.0007,0.0000
TRP 117,117,-0.0003,-0.0002
MET 118,118,-0.0007,-0.0002
THR 119,119,-0.0010,-0.0001
HID 120,120,-0.0001,-0.0000
ASN 121,121,0.0002,-0.0001
PRO 122,122,0.0003,-0.0001
PRO 123,123,-0.0005,-0.0002
ILE 124,124,0.0005,-0.0001
PRO 125,125,-0.0011,-0.0003
VAL 126,126,-0.0011,-0.0001
GLY 127,127,-0.0001,-0.0002
GLU 128,128,0.0484,-0.0008
ILE 129,129,-0.0002,-0.0006
TYR 130,130,-0.0010,-0.0011
LYS 131,131,-0.0520,-0.0018
ARG 132,132,-0.0673,-0.0021
TRP 133,133,-0.0016,-0.0015
ILE 134,134,-0.0076,-0.0033
ILE 135,135,-0.0046,-0.0047
LEU 136,136,-0.0010,-0.0030
GLY 137,137,-0.0117,-0.0028
LEU 138,138,-0.0280,-0.0164
ASN 139,139,0.0039,-0.0106
LYS 140,140,-0.0477,-0.0085
ILE 141,141,-0.0488,-0.0339
VAL 142,142,-0.0589,-0.0657
ARG 143,143,-0.1342,-0.0199
MET 144,144,0.0197,-0.0261
TYR 145,145,-0.2775,-0.5380
SER 146,146,-0.0870,-0.3981
PRO 147,147,-0.7757,-3.0140
THR 148,148,-1.4686,-1.5844
SER 149,149,-2.0015,-2.1241
ILE 150,150,-10.8693,-8.5177
LEU 151,151,-5.5784,-1.9074
ASP 152,152,-0.0312,-1.0358
ILE 153,153,-1.9506,-1.6346
ARG 154,154,-0.7649,-0.1650
GLN 155,155,-0.0033,-0.0214
GLY 156,156,-0.0050,-0.0066
PRO 157,157,-0.0064,-0.0051
LYS 158,158,-0.0357,-0.0052
GLU 159,159,-0.0372,-0.0214
PRO 160,160,-0.0057,-0.0083
PHE 161,161,-0.0078,-0.0128
ARG 162,162,-0.0299,-0.0167
ASP 163,163,-0.0213,-0.0280
TYR 164,164,-0.0738,-0.0892
VAL 165,165,-0.0634,-0.0448
ASP 166,166,-0.0160,-0.1206
ARG 167,167,-0.2398,-0.4094
PHE 168,168,-1.2105,-1.2613
TYR 169,169,-0.5126,-0.5756
LYS 170,170,-0.4854,-2.1874
THR 171,171,-1.9200,-3.0416
LEU 172,172,-1.1915,-1.2591
ARG 173,173,-10.1011,-3.6886
ALA 174,174,-2.0100,-2.6000
GLU 175,175,2.7736,-1.5885
GLN 176,176,-2.8608,-2.3277
ALA 177,177,-0.0808,-0.1426
SER 178,178,-0.0613,-0.0448
GLN 179,179,-0.0605,-0.0618
GLU 180,180,0.0325,-0.0150
VAL 181,181,-0.1182,-0.0849
LYS 182,182,-0.1259,-0.1295
ASN 183,183,-0.0127,-0.0186
TRP 184,184,-0.0366,-0.0508
MET 185,185,-0.5629,-0.7642
THR 186,186,-0.0338,-0.0399
GLU 187,187,0.0303,-0.0105
THR 188,188,-0.0231,-0.0223
LEU 189,189,-0.6866,-0.6952
LEU 190,190,-0.0202,-0.0731
VAL 191,191,-0.0055,-0.0111
GLN 192,192,-0.0533,-0.0188
ASN 193,193,-0.6563,-0.1768
ALA 194,194,-0.0066,-0.0090
ASN 195,195,-0.0021,-0.0046
PRO 196,196,-0.0028,-0.0023
ASP 197,197,0.0172,-0.0011
CYX 198,198,-0.0029,-0.0021
LYS 199,199,-0.0309,-0.0041
THR 200,200,-0.0009,-0.0009
ILE 201,201,-0.0013,-0.0009
LEU 202,202,-0.0015,-0.0021
LYS 203,203,-0.0145,-0.0012
ALA 204,204,-0.0004,-0.0004
LEU 205,205,-0.0019,-0.0010
GLY 206,206,-0.0001,-0.0003
PRO 207,207,-0.0028,-0.0009
GLY 208,208,-0.0027,-0.0010
ALA 209,209,0.0005,-0.0011
THR 210,210,-0.0031,-0.0021
LEU 211,211,-0.0090,-0.0075
GLU 212,212,0.0097,-0.0040
GLU 213,213,0.0002,-0.0013
MET 214,214,-0.0051,-0.0035
MET 215,215,-0.0059,-0.0052
THR 216,216,-0.0008,-0.0013
ALA 217,217,-0.0000,-0.0006
CYX 218,218,-0.0021,-0.0016
GLN 219,219,-0.0019,-0.0014
GLY 220,220,-0.0019,-0.0012
VAL 221,221,0.0027,-0.0034
