-79.95 40.05  1
-39.95 38.05  4
-39.95 38.55  1
-39.95 39.05  2
-39.95 39.55  5
-39.95 40.05  17
-39.95 40.55  11
-39.95 41.05  4
-39.95 41.55  7
-39.95 42.05  91
-39.95 42.55  35
-39.95 43.55  1
-39.95 44.05  2
-39.95 44.55  3
-39.95 45.05  5
-39.95 45.55  46
-39.95 46.05  33
-39.95 46.55  6
-39.95 47.05  3
-39.95 47.55  7
-39.95 48.05  3
-39.95 48.55  2
-39.95 49.55  7
-39.95 50.05  14
-39.95 50.55  47
-39.95 51.05  10
-37.45 37.55  39
-37.45 38.05  666
-37.45 38.55  770
-37.45 39.05  513
-37.45 39.55  759
-37.45 40.05  1202
-37.45 40.55  718
-37.45 41.05  392
-37.45 41.55  219
-37.45 42.05  2900
-37.45 42.55  1585
-37.45 43.05  252
-37.45 43.55  144
-37.45 44.05  354
-37.45 44.55  394
-37.45 45.05  451
-37.45 45.55  1058
-37.45 46.05  830
-37.45 46.55  542
-37.45 47.05  234
-37.45 47.55  589
-37.45 48.05  331
-37.45 48.55  345
-37.45 49.05  370
-37.45 49.55  452
-37.45 50.05  760
-37.45 50.55  1598
-37.45 51.05  560
-37.45 51.55  174
-37.45 52.05  2
-34.95 37.55  1764
-34.95 38.05  27684
-34.95 38.55  30522
-34.95 39.05  24929
-34.95 39.55  30226
-34.95 40.05  31258
-34.95 40.55  27018
-34.95 41.05  24725
-34.95 41.55  22488
-34.95 42.05  31151
-34.95 42.55  33391
-34.95 43.05  32841
-34.95 43.55  23698
-34.95 44.05  21343
-34.95 44.55  26269
-34.95 45.05  31450
-34.95 45.55  25872
-34.95 46.05  32386
-34.95 46.55  30624
-34.95 47.05  30174
-34.95 47.55  30362
-34.95 48.05  21779
-34.95 48.55  26916
-34.95 49.05  29380
-34.95 49.55  22438
-34.95 50.05  30004
-34.95 50.55  29995
-34.95 51.05  27591
-34.95 51.55  11877
-34.95 52.05  128
-32.45 37.55  872
-32.45 38.05  15453
-32.45 38.55  17048
-32.45 39.05  12975
-32.45 39.55  17804
-32.45 40.05  19372
-32.45 40.55  17250
-32.45 41.05  15584
-32.45 41.55  24603
-32.45 42.05  13207
-32.45 42.55  12055
-32.45 43.05  17216
-32.45 43.55  18556
-32.45 44.05  11139
-32.45 44.55  10932
-32.45 45.05  16201
-32.45 45.55  21351
-32.45 46.05  13843
-32.45 46.55  19942
-32.45 47.05  26436
-32.45 47.55  18406
-32.45 48.05  13482
-32.45 48.55  16319
-32.45 49.05  13168
-32.45 49.55  11510
-32.45 50.05  16152
-32.45 50.55  14764
-32.45 51.05  17331
-32.45 51.55  7665
-32.45 52.05  70
-29.95 37.55  719
-29.95 38.05  17096
-29.95 38.55  18926
-29.95 39.05  19529
-29.95 39.55  22069
-29.95 40.05  18147
-29.95 40.55  17118
-29.95 41.05  18527
-29.95 41.55  24800
-29.95 42.05  19810
-29.95 42.55  19851
-29.95 43.05  22692
-29.95 43.55  23079
-29.95 44.05  15368
-29.95 44.55  14815
-29.95 45.05  20724
-29.95 45.55  21206
-29.95 46.05  11436
-29.95 46.55  26705
-29.95 47.05  26414
-29.95 47.55  23824
-29.95 48.05  14219
-29.95 48.55  20181
-29.95 49.05  20757
-29.95 49.55  16823
-29.95 50.05  22767
-29.95 50.55  18624
-29.95 51.05  19190
-29.95 51.55  7154
-29.95 52.05  38
-27.45 37.55  375
-27.45 38.05  9782
-27.45 38.55  15976
-27.45 39.05  16495
-27.45 39.55  15345
-27.45 40.05  9895
-27.45 40.55  14161
-27.45 41.05  18034
-27.45 41.55  17661
-27.45 42.05  17518
-27.45 42.55  17441
-27.45 43.05  16453
-27.45 43.55  20457
-27.45 44.05  17199
-27.45 44.55  14841
-27.45 45.05  15036
-27.45 45.55  13009
-27.45 46.05  7863
-27.45 46.55  13465
-27.45 47.05  16810
-27.45 47.55  17250
-27.45 48.05  12385
-27.45 48.55  16958
-27.45 49.05  17688
-27.45 49.55  15407
-27.45 50.05  14456
-27.45 50.55  12823
-27.45 51.05  13948
-27.45 51.55  4067
-27.45 52.05  25
-24.95 37.55  661
-24.95 38.05  16729
-24.95 38.55  23438
-24.95 39.05  17938
-24.95 39.55  19986
-24.95 40.05  18625
-24.95 40.55  20348
-24.95 41.05  21557
-24.95 41.55  21884
-24.95 42.05  22605
-24.95 42.55  22922
-24.95 43.05  20194
-24.95 43.55  20100
-24.95 44.05  22310
-24.95 44.55  17786
-24.95 45.05  21154
-24.95 45.55  21432
-24.95 46.05  15798
-24.95 46.55  19492
-24.95 47.05  22982
-24.95 47.55  20423
-24.95 48.05  18222
-24.95 48.55  22650
-24.95 49.05  23163
-24.95 49.55  23593
-24.95 50.05  15735
-24.95 50.55  21827
-24.95 51.05  22162
-24.95 51.55  5543
-24.95 52.05  28
-22.45 37.55  1486
-22.45 38.05  16817
-22.45 38.55  15560
-22.45 39.05  12441
-22.45 39.55  16667
-22.45 40.05  16867
-22.45 40.55  15954
-22.45 41.05  16335
-22.45 41.55  17279
-22.45 42.05  18753
-22.45 42.55  17367
-22.45 43.05  13273
-22.45 43.55  11023
-22.45 44.05  16331
-22.45 44.55  18285
-22.45 45.05  18049
-22.45 45.55  19773
-22.45 46.05  17054
-22.45 46.55  19121
-22.45 47.05  18902
-22.45 47.55  17916
-22.45 48.05  12186
-22.45 48.55  11602
-22.45 49.05  20534
-22.45 49.55  27309
-22.45 50.05  13219
-22.45 50.55  18023
-22.45 51.05  14709
-22.45 51.55  3971
-22.45 52.05  16
-19.95 37.55  3555
-19.95 38.05  21316
-19.95 38.55  16703
-19.95 39.05  18859
-19.95 39.55  22272
-19.95 40.05  19433
-19.95 40.55  17789
-19.95 41.05  21152
-19.95 41.55  20432
-19.95 42.05  19175
-19.95 42.55  20215
-19.95 43.05  18398
-19.95 43.55  19510
-19.95 44.05  20046
-19.95 44.55  23844
-19.95 45.05  22985
-19.95 45.55  20081
-19.95 46.05  19342
-19.95 46.55  21053
-19.95 47.05  23720
-19.95 47.55  24140
-19.95 48.05  17185
-19.95 48.55  18038
-19.95 49.05  22578
-19.95 49.55  22922
-19.95 50.05  11624
-19.95 50.55  22370
-19.95 51.05  20743
-19.95 51.55  6166
-19.95 52.05  35
-17.45 37.55  2966
-17.45 38.05  18195
-17.45 38.55  19757
-17.45 39.05  19795
-17.45 39.55  13401
-17.45 40.05  13084
-17.45 40.55  10984
-17.45 41.05  10204
-17.45 41.55  13213
-17.45 42.05  14230
-17.45 42.55  14335
-17.45 43.05  16623
-17.45 43.55  15304
-17.45 44.05  13696
-17.45 44.55  18463
-17.45 45.05  17147
-17.45 45.55  13198
-17.45 46.05  11823
-17.45 46.55  12556
-17.45 47.05  13853
-17.45 47.55  19109
-17.45 48.05  16874
-17.45 48.55  20007
-17.45 49.05  16339
-17.45 49.55  11639
-17.45 50.05  13000
-17.45 50.55  21407
-17.45 51.05  20211
-17.45 51.55  5687
-17.45 52.05  27
-14.95 37.55  3762
-14.95 38.05  18866
-14.95 38.55  17473
-14.95 39.05  17779
-14.95 39.55  18447
-14.95 40.05  18957
-14.95 40.55  19472
-14.95 41.05  17308
-14.95 41.55  17743
-14.95 42.05  24418
-14.95 42.55  19229
-14.95 43.05  22649
-14.95 43.55  23147
-14.95 44.05  15178
-14.95 44.55  21782
-14.95 45.05  21987
-14.95 45.55  21144
-14.95 46.05  17198
-14.95 46.55  18716
-14.95 47.05  24905
-14.95 47.55  23475
-14.95 48.05  16654
-14.95 48.55  23401
-14.95 49.05  20451
-14.95 49.55  16608
-14.95 50.05  19654
-14.95 50.55  17441
-14.95 51.05  21911
-14.95 51.55  6177
-14.95 52.05  30
-12.45 37.55  3130
-12.45 38.05  16541
-12.45 38.55  9700
-12.45 39.05  10695
-12.45 39.55  25724
-12.45 40.05  20333
-12.45 40.55  17100
-12.45 41.05  14077
-12.45 41.55  14487
-12.45 42.05  17591
-12.45 42.55  16749
-12.45 43.05  18029
-12.45 43.55  19900
-12.45 44.05  12888
-12.45 44.55  14270
-12.45 45.05  17345
-12.45 45.55  22757
-12.45 46.05  17257
-12.45 46.55  17456
-12.45 47.05  27011
-12.45 47.55  17752
-12.45 48.05  12461
-12.45 48.55  21593
-12.45 49.05  17743
-12.45 49.55  12214
-12.45 50.05  12331
-12.45 50.55  10501
-12.45 51.05  16567
-12.45 51.55  6011
-12.45 52.05  36
-9.95 37.55  1589
-9.95 38.05  19584
-9.95 38.55  24394
-9.95 39.05  13006
-9.95 39.55  23267
-9.95 40.05  20760
-9.95 40.55  22456
-9.95 41.05  14555
-9.95 41.55  21507
-9.95 42.05  18284
-9.95 42.55  20696
-9.95 43.05  21084
-9.95 43.55  20508
-9.95 44.05  17534
-9.95 44.55  17587
-9.95 45.05  22411
-9.95 45.55  21750
-9.95 46.05  17905
-9.95 46.55  16918
-9.95 47.05  18812
-9.95 47.55  23526
-9.95 48.05  12803
-9.95 48.55  22997
-9.95 49.05  24068
-9.95 49.55  18618
-9.95 50.05  17760
-9.95 50.55  20725
-9.95 51.05  20047
-9.95 51.55  8067
-9.95 52.05  81
-7.45 37.55  2167
-7.45 38.05  19168
-7.45 38.55  24591
-7.45 39.05  12844
-7.45 39.55  13465
-7.45 40.05  15232
-7.45 40.55  25291
-7.45 41.05  18008
-7.45 41.55  16731
-7.45 42.05  14639
-7.45 42.55  15309
-7.45 43.05  15787
-7.45 43.55  15765
-7.45 44.05  14424
-7.45 44.55  12929
-7.45 45.05  17813
-7.45 45.55  12104
-7.45 46.05  8629
-7.45 46.55  8364
-7.45 47.05  9881
-7.45 47.55  26225
-7.45 48.05  13124
-7.45 48.55  13203
-7.45 49.05  18856
-7.45 49.55  17543
-7.45 50.05  19226
-7.45 50.55  22641
-7.45 51.05  16018
-7.45 51.55  4678
-7.45 52.05  24
-4.95 37.55  3177
-4.95 38.05  20653
-4.95 38.55  21264
-4.95 39.05  12452
-4.95 39.55  22306
-4.95 40.05  21398
-4.95 40.55  24052
-4.95 41.05  19130
-4.95 41.55  22276
-4.95 42.05  18396
-4.95 42.55  21278
-4.95 43.05  22166
-4.95 43.55  23532
-4.95 44.05  19402
-4.95 44.55  15651
-4.95 45.05  21186
-4.95 45.55  20802
-4.95 46.05  18891
-4.95 46.55  16959
-4.95 47.05  20275
-4.95 47.55  22921
-4.95 48.05  19334
-4.95 48.55  16047
-4.95 49.05  22146
-4.95 49.55  19929
-4.95 50.05  20404
-4.95 50.55  20924
-4.95 51.05  22367
-4.95 51.55  4152
-4.95 52.05  10
-2.45 37.55  1327
-2.45 38.05  10677
-2.45 38.55  12786
-2.45 39.05  8301
-2.45 39.55  12107
-2.45 40.05  13256
-2.45 40.55  9971
-2.45 41.05  12759
-2.45 41.55  20337
-2.45 42.05  15670
-2.45 42.55  19667
-2.45 43.05  18559
-2.45 43.55  20899
-2.45 44.05  13647
-2.45 44.55  12341
-2.45 45.05  13351
-2.45 45.55  18946
-2.45 46.05  21602
-2.45 46.55  21631
-2.45 47.05  18535
-2.45 47.55  12450
-2.45 48.05  18720
-2.45 48.55  18588
-2.45 49.05  18172
-2.45 49.55  13533
-2.45 50.05  10005
-2.45 50.55  10642
-2.45 51.05  12565
-2.45 51.55  2318
-2.45 52.05  4
0.05 37.55  730
0.05 38.05  15832
0.05 38.55  22070
0.05 39.05  17656
0.05 39.55  19845
0.05 40.05  20369
0.05 40.55  11490
0.05 41.05  21599
0.05 41.55  23963
0.05 42.05  19189
0.05 42.55  23533
0.05 43.05  20738
0.05 43.55  22139
0.05 44.05  17472
0.05 44.55  18311
0.05 45.05  21930
0.05 45.55  20248
0.05 46.05  18867
0.05 46.55  22161
0.05 47.05  23441
0.05 47.55  22289
0.05 48.05  17764
0.05 48.55  16618
0.05 49.05  19600
0.05 49.55  21350
0.05 50.05  17962
0.05 50.55  19401
0.05 51.05  16894
0.05 51.55  3125
0.05 52.05  18
2.55 37.55  1529
2.55 38.05  19554
2.55 38.55  20053
2.55 39.05  20212
2.55 39.55  35894
2.55 40.05  20283
2.55 40.55  7967
2.55 41.05  13036
2.55 41.55  23066
2.55 42.05  15039
2.55 42.55  15449
2.55 43.05  16289
2.55 43.55  19483
2.55 44.05  14470
2.55 44.55  13369
2.55 45.05  18826
2.55 45.55  15947
2.55 46.05  12551
2.55 46.55  14266
2.55 47.05  22105
2.55 47.55  29002
2.55 48.05  13935
2.55 48.55  8899
2.55 49.05  15282
2.55 49.55  16553
2.55 50.05  18129
2.55 50.55  20955
2.55 51.05  23537
2.55 51.55  5894
2.55 52.05  30
5.05 37.55  2847
5.05 38.05  22898
5.05 38.55  18480
5.05 39.05  20135
5.05 39.55  19881
5.05 40.05  19490
5.05 40.55  7050
5.05 41.05  4463
5.05 41.55  19867
5.05 42.05  19244
5.05 42.55  19309
5.05 43.05  21401
5.05 43.55  22182
5.05 44.05  15962
5.05 44.55  15630
5.05 45.05  20768
5.05 45.55  23757
5.05 46.05  19912
5.05 46.55  20763
5.05 47.05  24577
5.05 47.55  21070
5.05 48.05  16455
5.05 48.55  15484
5.05 49.05  21227
5.05 49.55  21086
5.05 50.05  19532
5.05 50.55  16801
5.05 51.05  21455
5.05 51.55  7797
5.05 52.05  55
7.55 37.55  2653
7.55 38.05  20407
7.55 38.55  13773
7.55 39.05  18343
7.55 39.55  10087
7.55 40.05  21204
7.55 40.55  17537
7.55 41.05  19827
7.55 41.55  13143
7.55 42.05  13343
7.55 42.55  17726
7.55 43.05  15708
7.55 43.55  10995
7.55 44.05  16444
7.55 44.55  19683
7.55 45.05  17834
7.55 45.55  22577
7.55 46.05  21209
7.55 46.55  18519
7.55 47.05  16924
7.55 47.55  12760
7.55 48.05  15888
7.55 48.55  21069
7.55 49.05  18938
7.55 49.55  18351
7.55 50.05  11915
7.55 50.55  8157
7.55 51.05  15401
7.55 51.55  5179
7.55 52.05  50
10.05 37.55  2392
10.05 38.05  19131
10.05 38.55  13534
10.05 39.05  21174
10.05 39.55  22350
10.05 40.05  21360
10.05 40.55  27527
10.05 41.05  33319
10.05 41.55  24297
10.05 42.05  19605
10.05 42.55  28845
10.05 43.05  19064
10.05 43.55  20513
10.05 44.05  19441
10.05 44.55  18897
10.05 45.05  21573
10.05 45.55  20553
10.05 46.05  24618
10.05 46.55  18556
10.05 47.05  22892
10.05 47.55  23565
10.05 48.05  17119
10.05 48.55  24583
10.05 49.05  22644
10.05 49.55  21131
10.05 50.05  17422
10.05 50.55  16137
10.05 51.05  19853
10.05 51.55  6656
10.05 52.05  28
12.55 37.55  884
12.55 38.05  8507
12.55 38.55  9002
12.55 39.05  13893
12.55 39.55  18773
12.55 40.05  11872
12.55 40.55  14609
12.55 41.05  21040
12.55 41.55  22913
12.55 42.05  21097
12.55 42.55  23350
12.55 43.05  11237
12.55 43.55  18102
12.55 44.05  15501
12.55 44.55  14909
12.55 45.05  19334
12.55 45.55  19242
12.55 46.05  23480
12.55 46.55  20503
12.55 47.05  14693
12.55 47.55  22217
12.55 48.05  15646
12.55 48.55  18310
12.55 49.05  18492
12.55 49.55  19974
12.55 50.05  18465
12.55 50.55  20745
12.55 51.05  16895
12.55 51.55  4707
12.55 52.05  25
15.05 37.55  2228
15.05 38.05  18923
15.05 38.55  17366
15.05 39.05  18447
15.05 39.55  23663
15.05 40.05  20226
15.05 40.55  13488
15.05 41.05  21348
15.05 41.55  17233
15.05 42.05  19709
15.05 42.55  28318
15.05 43.05  13934
15.05 43.55  20042
15.05 44.05  19437
15.05 44.55  18848
15.05 45.05  21377
15.05 45.55  16137
15.05 46.05  18578
15.05 46.55  23121
15.05 47.05  20233
15.05 47.55  23639
15.05 48.05  17801
15.05 48.55  23855
15.05 49.05  23668
15.05 49.55  23472
15.05 50.05  20710
15.05 50.55  22300
15.05 51.05  21861
15.05 51.55  4714
15.05 52.05  17
17.55 37.55  5937
17.55 38.05  27914
17.55 38.55  15493
17.55 39.05  18979
17.55 39.55  17753
17.55 40.05  18405
17.55 40.55  9064
17.55 41.05  7967
17.55 41.55  14052
17.55 42.05  14784
17.55 42.55  18242
17.55 43.05  13348
17.55 43.55  16637
17.55 44.05  16066
17.55 44.55  16274
17.55 45.05  11655
17.55 45.55  4992
17.55 46.05  11568
17.55 46.55  19651
17.55 47.05  25743
17.55 47.55  21378
17.55 48.05  17012
17.55 48.55  23509
17.55 49.05  21984
17.55 49.55  21030
17.55 50.05  18283
17.55 50.55  14209
17.55 51.05  17104
17.55 51.55  4247
17.55 52.05  26
20.05 37.55  5836
20.05 38.05  19749
20.05 38.55  10239
20.05 39.05  23928
20.05 39.55  20517
20.05 40.05  19697
20.05 40.55  12860
20.05 41.05  11175
20.05 41.55  17347
20.05 42.05  24089
20.05 42.55  22007
20.05 43.05  21258
20.05 43.55  22870
20.05 44.05  19727
20.05 44.55  22353
20.05 45.05  19408
20.05 45.55  16805
20.05 46.05  18250
20.05 46.55  16047
20.05 47.05  18586
20.05 47.55  29300
20.05 48.05  18262
20.05 48.55  17531
20.05 49.05  21795
20.05 49.55  22019
20.05 50.05  21422
20.05 50.55  19453
20.05 51.05  20178
20.05 51.55  4394
20.05 52.05  9
22.55 37.55  1294
22.55 38.05  6091
22.55 38.55  4415
22.55 39.05  10538
22.55 39.55  16200
22.55 40.05  14928
22.55 40.55  19446
22.55 41.05  26446
22.55 41.55  12203
22.55 42.05  20700
22.55 42.55  20654
22.55 43.05  20674
22.55 43.55  12808
22.55 44.05  13382
22.55 44.55  16328
22.55 45.05  21606
22.55 45.55  22166
22.55 46.05  16749
22.55 46.55  15534
22.55 47.05  14015
22.55 47.55  20578
22.55 48.05  13780
22.55 48.55  14424
22.55 49.05  17047
22.55 49.55  15112
22.55 50.05  15466
22.55 50.55  19149
22.55 51.05  17794
22.55 51.55  4080
22.55 52.05  18
25.05 37.55  1731
25.05 38.05  19079
25.05 38.55  7368
25.05 39.05  9116
25.05 39.55  22558
25.05 40.05  17696
25.05 40.55  21166
25.05 41.05  21614
25.05 41.55  24233
25.05 42.05  16794
25.05 42.55  20046
25.05 43.05  24354
25.05 43.55  20910
25.05 44.05  15764
25.05 44.55  20081
25.05 45.05  21847
25.05 45.55  18314
25.05 46.05  19487
25.05 46.55  21689
25.05 47.05  24540
25.05 47.55  21892
25.05 48.05  15302
25.05 48.55  21827
25.05 49.05  23207
25.05 49.55  18813
25.05 50.05  17960
25.05 50.55  21399
25.05 51.05  22792
25.05 51.55  5399
25.05 52.05  25
27.55 37.55  2927
27.55 38.05  23794
27.55 38.55  15175
27.55 39.05  17612
27.55 39.55  18932
27.55 40.05  14431
27.55 40.55  17088
27.55 41.05  22056
27.55 41.55  14296
27.55 42.05  9496
27.55 42.55  17307
27.55 43.05  16475
27.55 43.55  25709
27.55 44.05  15018
27.55 44.55  19291
27.55 45.05  16726
27.55 45.55  11708
27.55 46.05  11603
27.55 46.55  12031
27.55 47.05  16560
27.55 47.55  17368
27.55 48.05  13492
27.55 48.55  11298
27.55 49.05  12217
27.55 49.55  17148
27.55 50.05  14255
27.55 50.55  15644
27.55 51.05  16093
27.55 51.55  4329
27.55 52.05  31
30.05 37.55  2437
30.05 38.05  19367
30.05 38.55  19331
30.05 39.05  20215
30.05 39.55  23818
30.05 40.05  21452
30.05 40.55  14181
30.05 41.05  25211
30.05 41.55  22264
30.05 42.05  14294
30.05 42.55  25996
30.05 43.05  19291
30.05 43.55  21353
30.05 44.05  16403
30.05 44.55  26136
30.05 45.05  21914
30.05 45.55  21833
30.05 46.05  17647
30.05 46.55  14735
30.05 47.05  21660
30.05 47.55  24410
30.05 48.05  21787
30.05 48.55  16391
30.05 49.05  20651
30.05 49.55  18830
30.05 50.05  16055
30.05 50.55  22427
30.05 51.05  20901
30.05 51.55  7116
30.05 52.05  69
32.55 37.55  1919
32.55 38.05  15719
32.55 38.55  18043
32.55 39.05  22789
32.55 39.55  15525
32.55 40.05  15104
32.55 40.55  9847
32.55 41.05  17274
32.55 41.55  23303
32.55 42.05  12051
32.55 42.55  15676
32.55 43.05  16012
32.55 43.55  13767
32.55 44.05  11073
32.55 44.55  16127
32.55 45.05  14369
32.55 45.55  19977
32.55 46.05  16042
32.55 46.55  9934
32.55 47.05  19035
32.55 47.55  18520
32.55 48.05  16615
32.55 48.55  14524
32.55 49.05  17360
32.55 49.55  11540
32.55 50.05  10602
32.55 50.55  15959
32.55 51.05  19455
32.55 51.55  6410
32.55 52.05  48
35.05 37.55  2687
35.05 38.05  20236
35.05 38.55  18770
35.05 39.05  23849
35.05 39.55  20688
35.05 40.05  14143
35.05 40.55  13363
35.05 41.05  21482
35.05 41.55  22013
35.05 42.05  23111
35.05 42.55  25742
35.05 43.05  20099
35.05 43.55  22142
35.05 44.05  15296
35.05 44.55  21034
35.05 45.05  21307
35.05 45.55  19544
35.05 46.05  15006
35.05 46.55  21103
35.05 47.05  25768
35.05 47.55  23366
35.05 48.05  20741
35.05 48.55  20686
35.05 49.05  21472
35.05 49.55  17416
35.05 50.05  18083
35.05 50.55  21686
35.05 51.05  22195
35.05 51.55  6305
35.05 52.05  45
37.55 37.55  2488
37.55 38.05  15608
37.55 38.55  15997
37.55 39.05  18517
37.55 39.55  18295
37.55 40.05  22727
37.55 40.55  18142
37.55 41.05  18997
37.55 41.55  18001
37.55 42.05  25955
37.55 42.55  25728
37.55 43.05  12813
37.55 43.55  20631
37.55 44.05  16280
37.55 44.55  12516
37.55 45.05  16922
37.55 45.55  14097
37.55 46.05  12474
37.55 46.55  19433
37.55 47.05  15884
37.55 47.55  19275
37.55 48.05  13721
37.55 48.55  13360
37.55 49.05  16603
37.55 49.55  16233
37.55 50.05  14556
37.55 50.55  17939
37.55 51.05  17151
37.55 51.55  4924
37.55 52.05  30
40.05 37.55  3550
40.05 38.05  20875
40.05 38.55  17477
40.05 39.05  17489
40.05 39.55  23156
40.05 40.05  24887
40.05 40.55  17874
40.05 41.05  21779
40.05 41.55  22699
40.05 42.05  12270
40.05 42.55  20247
40.05 43.05  16600
40.05 43.55  18056
40.05 44.05  25875
40.05 44.55  14479
40.05 45.05  20215
40.05 45.55  20493
40.05 46.05  20675
40.05 46.55  17273
40.05 47.05  21390
40.05 47.55  24420
40.05 48.05  16714
40.05 48.55  19388
40.05 49.05  21592
40.05 49.55  21494
40.05 50.05  15901
40.05 50.55  21593
40.05 51.05  22311
40.05 51.55  7249
40.05 52.05  35
42.55 37.55  2236
42.55 38.05  16693
42.55 38.55  9745
42.55 39.05  7746
42.55 39.55  11998
42.55 40.05  15567
42.55 40.55  9321
42.55 41.05  17601
42.55 41.55  8342
42.55 42.05  6362
42.55 42.55  17179
42.55 43.05  14054
42.55 43.55  12168
42.55 44.05  17776
42.55 44.55  11732
42.55 45.05  13757
42.55 45.55  20404
42.55 46.05  21284
42.55 46.55  18829
42.55 47.05  17313
42.55 47.55  18069
42.55 48.05  14005
42.55 48.55  16367
42.55 49.05  19716
42.55 49.55  15922
42.55 50.05  11947
42.55 50.55  17573
42.55 51.05  17877
42.55 51.55  6413
42.55 52.05  40
45.05 37.55  1988
45.05 38.05  19542
45.05 38.55  16058
45.05 39.05  12856
45.05 39.55  17471
45.05 40.05  21552
45.05 40.55  12397
45.05 41.05  23478
45.05 41.55  16093
45.05 42.05  18039
45.05 42.55  26064
45.05 43.05  16444
45.05 43.55  20250
45.05 44.05  19826
45.05 44.55  17613
45.05 45.05  20544
45.05 45.55  16905
45.05 46.05  19705
45.05 46.55  21206
45.05 47.05  23489
45.05 47.55  24929
45.05 48.05  16999
45.05 48.55  18552
45.05 49.05  23459
45.05 49.55  21753
45.05 50.05  15792
45.05 50.55  20945
45.05 51.05  20350
45.05 51.55  7769
45.05 52.05  72
47.55 37.55  855
47.55 38.05  8710
47.55 38.55  14473
47.55 39.05  14678
47.55 39.55  17461
47.55 40.05  26995
47.55 40.55  23129
47.55 41.05  20609
47.55 41.55  27200
47.55 42.05  21461
47.55 42.55  20875
47.55 43.05  14414
47.55 43.55  13879
47.55 44.05  14632
47.55 44.55  14313
47.55 45.05  15080
47.55 45.55  10513
47.55 46.05  13176
47.55 46.55  15877
47.55 47.05  20873
47.55 47.55  15844
47.55 48.05  11420
47.55 48.55  13556
47.55 49.05  17801
47.55 49.55  18834
47.55 50.05  14112
47.55 50.55  16069
47.55 51.05  15386
47.55 51.55  6120
47.55 52.05  47
50.05 37.55  269
50.05 38.05  8769
50.05 38.55  16915
50.05 39.05  8627
50.05 39.55  18410
50.05 40.05  17224
50.05 40.55  18552
50.05 41.05  21614
50.05 41.55  24434
50.05 42.05  25418
50.05 42.55  22921
50.05 43.05  20470
50.05 43.55  19147
50.05 44.05  18486
50.05 44.55  17448
50.05 45.05  20777
50.05 45.55  19449
50.05 46.05  21388
50.05 46.55  20854
50.05 47.05  26867
50.05 47.55  23228
50.05 48.05  16474
50.05 48.55  18952
50.05 49.05  22461
50.05 49.55  21213
50.05 50.05  17675
50.05 50.55  20062
50.05 51.05  19166
50.05 51.55  8384
50.05 52.05  53
52.55 37.55  796
52.55 38.05  20592
52.55 38.55  29079
52.55 39.05  15485
52.55 39.55  22535
52.55 40.05  13694
52.55 40.55  7906
52.55 41.05  10887
52.55 41.55  10324
52.55 42.05  11275
52.55 42.55  12964
52.55 43.05  18384
52.55 43.55  25217
52.55 44.05  14268
52.55 44.55  13250
52.55 45.05  18138
52.55 45.55  10845
52.55 46.05  12197
52.55 46.55  14124
52.55 47.05  16114
52.55 47.55  25388
52.55 48.05  16408
52.55 48.55  16170
52.55 49.05  17699
52.55 49.55  15857
52.55 50.05  13740
52.55 50.55  15495
52.55 51.05  16336
52.55 51.55  6070
52.55 52.05  50
55.05 37.55  1556
55.05 38.05  24917
55.05 38.55  28098
55.05 39.05  22081
55.05 39.55  19373
55.05 40.05  19807
55.05 40.55  11924
55.05 41.05  23522
55.05 41.55  21574
55.05 42.05  13564
55.05 42.55  20449
55.05 43.05  23904
55.05 43.55  23224
55.05 44.05  16292
55.05 44.55  18330
55.05 45.05  22902
55.05 45.55  20988
55.05 46.05  15871
55.05 46.55  21748
55.05 47.05  23072
55.05 47.55  24441
55.05 48.05  18764
55.05 48.55  19491
55.05 49.05  21312
55.05 49.55  20765
55.05 50.05  17255
55.05 50.55  21243
55.05 51.05  21347
55.05 51.55  7011
55.05 52.05  66
57.55 37.55  861
57.55 38.05  10708
57.55 38.55  18889
57.55 39.05  16290
57.55 39.55  16014
57.55 40.05  16797
57.55 40.55  12104
57.55 41.05  19388
57.55 41.55  19670
57.55 42.05  15787
57.55 42.55  22916
57.55 43.05  19212
57.55 43.55  21214
57.55 44.05  17342
57.55 44.55  19615
57.55 45.05  21756
57.55 45.55  22045
57.55 46.05  14345
57.55 46.55  15826
57.55 47.05  18598
57.55 47.55  15519
57.55 48.05  13018
57.55 48.55  14500
57.55 49.05  13467
57.55 49.55  16008
57.55 50.05  15710
57.55 50.55  18893
57.55 51.05  15880
57.55 51.55  5326
57.55 52.05  39
60.05 37.55  1220
60.05 38.05  16051
60.05 38.55  22317
60.05 39.05  19429
60.05 39.55  21440
60.05 40.05  19318
60.05 40.55  16590
60.05 41.05  21660
60.05 41.55  23523
60.05 42.05  15091
60.05 42.55  22145
60.05 43.05  21154
60.05 43.55  20532
60.05 44.05  17711
60.05 44.55  21751
60.05 45.05  18938
60.05 45.55  20089
60.05 46.05  19995
60.05 46.55  18114
60.05 47.05  23339
60.05 47.55  25046
60.05 48.05  18520
60.05 48.55  20352
60.05 49.05  22625
60.05 49.55  18849
60.05 50.05  18129
60.05 50.55  19453
60.05 51.05  19645
60.05 51.55  7504
60.05 52.05  48
62.55 37.55  2803
62.55 38.05  27363
62.55 38.55  17879
62.55 39.05  12949
62.55 39.55  16177
62.55 40.05  9769
62.55 40.55  12331
62.55 41.05  20310
62.55 41.55  20234
62.55 42.05  17916
62.55 42.55  26970
62.55 43.05  16446
62.55 43.55  10413
62.55 44.05  12707
62.55 44.55  10733
62.55 45.05  8106
62.55 45.55  18029
62.55 46.05  20422
62.55 46.55  18732
62.55 47.05  22281
62.55 47.55  20426
62.55 48.05  16092
62.55 48.55  19063
62.55 49.05  20509
62.55 49.55  13637
62.55 50.05  13811
62.55 50.55  14045
62.55 51.05  17645
62.55 51.55  6786
62.55 52.05  61
65.05 37.55  3478
65.05 38.05  22461
65.05 38.55  16003
65.05 39.05  16535
65.05 39.55  17296
65.05 40.05  17938
65.05 40.55  16734
65.05 41.05  21397
65.05 41.55  20848
65.05 42.05  14383
65.05 42.55  28722
65.05 43.05  23289
65.05 43.55  22998
65.05 44.05  21816
65.05 44.55  13995
65.05 45.05  14308
65.05 45.55  22245
65.05 46.05  20756
65.05 46.55  18625
65.05 47.05  22720
65.05 47.55  20809
65.05 48.05  15640
65.05 48.55  21692
65.05 49.05  22108
65.05 49.55  15369
65.05 50.05  18940
65.05 50.55  22309
65.05 51.05  21777
65.05 51.55  6966
65.05 52.05  44
67.55 37.55  1769
67.55 38.05  12987
67.55 38.55  16355
67.55 39.05  19540
67.55 39.55  19931
67.55 40.05  17893
67.55 40.55  13722
67.55 41.05  12616
67.55 41.55  16850
67.55 42.05  12928
67.55 42.55  18177
67.55 43.05  15387
67.55 43.55  21742
67.55 44.05  18427
67.55 44.55  21803
67.55 45.05  26950
67.55 45.55  24345
67.55 46.05  13742
67.55 46.55  13233
67.55 47.05  14052
67.55 47.55  15677
67.55 48.05  11168
67.55 48.55  15001
67.55 49.05  17208
67.55 49.55  13257
67.55 50.05  14015
67.55 50.55  17460
67.55 51.05  14946
67.55 51.55  5734
67.55 52.05  37
70.05 37.55  2192
70.05 38.05  19462
70.05 38.55  20941
70.05 39.05  18946
70.05 39.55  20509
70.05 40.05  20201
70.05 40.55  17108
70.05 41.05  23625
70.05 41.55  21417
70.05 42.05  18914
70.05 42.55  20705
70.05 43.05  21842
70.05 43.55  22158
70.05 44.05  16256
70.05 44.55  24093
70.05 45.05  26659
70.05 45.55  19987
70.05 46.05  14322
70.05 46.55  18885
70.05 47.05  21869
70.05 47.55  23203
70.05 48.05  16799
70.05 48.55  20051
70.05 49.05  22691
70.05 49.55  21182
70.05 50.05  17301
70.05 50.55  21077
70.05 51.05  18870
70.05 51.55  8802
70.05 52.05  83
72.55 37.55  1156
72.55 38.05  11483
72.55 38.55  11910
72.55 39.05  13586
72.55 39.55  26191
72.55 40.05  19795
72.55 40.55  13649
72.55 41.05  18989
72.55 41.55  17530
72.55 42.05  11834
72.55 42.55  11310
72.55 43.05  18010
72.55 43.55  17562
72.55 44.05  8403
72.55 44.55  11542
72.55 45.05  19901
72.55 45.55  10517
72.55 46.05  15793
72.55 46.55  17327
72.55 47.05  15271
72.55 47.55  17219
72.55 48.05  13512
72.55 48.55  13552
72.55 49.05  18206
72.55 49.55  17035
72.55 50.05  16039
72.55 50.55  16357
72.55 51.05  15017
72.55 51.55  5878
72.55 52.05  65
75.05 37.55  583
75.05 38.05  12552
75.05 38.55  19708
75.05 39.05  20017
75.05 39.55  24178
75.05 40.05  22527
75.05 40.55  15446
75.05 41.05  23432
75.05 41.55  22794
75.05 42.05  18460
75.05 42.55  15531
75.05 43.05  21664
75.05 43.55  21817
75.05 44.05  15344
75.05 44.55  17793
75.05 45.05  21350
75.05 45.55  19398
75.05 46.05  23046
75.05 46.55  18323
75.05 47.05  23417
75.05 47.55  23941
75.05 48.05  21220
75.05 48.55  17231
75.05 49.05  21040
75.05 49.55  19927
75.05 50.05  21264
75.05 50.55  19491
75.05 51.05  19911
75.05 51.55  6877
75.05 52.05  43
77.55 37.55  1154
77.55 38.05  19545
77.55 38.55  17933
77.55 39.05  11180
77.55 39.55  11295
77.55 40.05  19723
77.55 40.55  13420
77.55 41.05  13828
77.55 41.55  18509
77.55 42.05  24708
77.55 42.55  21011
77.55 43.05  15731
77.55 43.55  17369
77.55 44.05  15033
77.55 44.55  16247
77.55 45.05  15591
77.55 45.55  12645
77.55 46.05  15819
77.55 46.55  13130
77.55 47.05  20624
77.55 47.55  18187
77.55 48.05  21622
77.55 48.55  18424
77.55 49.05  17580
77.55 49.55  14687
77.55 50.05  14928
77.55 50.55  15996
77.55 51.05  17173
77.55 51.55  5244
77.55 52.05  32
80.05 37.55  2434
80.05 38.05  22146
80.05 38.55  21896
80.05 39.05  14488
80.05 39.55  18537
80.05 40.05  23687
80.05 40.55  17031
80.05 41.05  21548
80.05 41.55  22742
80.05 42.05  25779
80.05 42.55  24697
80.05 43.05  20127
80.05 43.55  23067
80.05 44.05  22819
80.05 44.55  16988
80.05 45.05  18451
80.05 45.55  17551
80.05 46.05  24525
80.05 46.55  19418
80.05 47.05  23969
80.05 47.55  21142
80.05 48.05  20904
80.05 48.55  18972
80.05 49.05  21088
80.05 49.55  19439
80.05 50.05  18494
80.05 50.55  21574
80.05 51.05  22265
80.05 51.55  6519
80.05 52.05  49
82.55 37.55  2226
82.55 38.05  18715
82.55 38.55  17479
82.55 39.05  15114
82.55 39.55  18728
82.55 40.05  21827
82.55 40.55  14095
82.55 41.05  15461
82.55 41.55  10781
82.55 42.05  20377
82.55 42.55  22386
82.55 43.05  14888
82.55 43.55  23624
82.55 44.05  19183
82.55 44.55  11258
82.55 45.05  13251
82.55 45.55  17402
82.55 46.05  17266
82.55 46.55  16111
82.55 47.05  19104
82.55 47.55  15852
82.55 48.05  14399
82.55 48.55  13125
82.55 49.05  15811
82.55 49.55  17996
82.55 50.05  16363
82.55 50.55  18734
82.55 51.05  19070
82.55 51.55  6417
82.55 52.05  60
85.05 37.55  2416
85.05 38.05  18292
85.05 38.55  12399
85.05 39.05  25678
85.05 39.55  25351
85.05 40.05  18774
85.05 40.55  16934
85.05 41.05  22827
85.05 41.55  23860
85.05 42.05  18531
85.05 42.55  23582
85.05 43.05  14214
85.05 43.55  19716
85.05 44.05  22004
85.05 44.55  15876
85.05 45.05  22282
85.05 45.55  22878
85.05 46.05  15986
85.05 46.55  19954
85.05 47.05  22085
85.05 47.55  24063
85.05 48.05  20535
85.05 48.55  17774
85.05 49.05  21028
85.05 49.55  20955
85.05 50.05  16463
85.05 50.55  20150
85.05 51.05  19114
85.05 51.55  7403
85.05 52.05  58
87.55 37.55  3287
87.55 38.05  22493
87.55 38.55  12820
87.55 39.05  21119
87.55 39.55  20178
87.55 40.05  13540
87.55 40.55  13755
87.55 41.05  21135
87.55 41.55  32905
87.55 42.05  13677
87.55 42.55  18789
87.55 43.05  17017
87.55 43.55  18120
87.55 44.05  15716
87.55 44.55  13291
87.55 45.05  18967
87.55 45.55  17209
87.55 46.05  15188
87.55 46.55  13995
87.55 47.05  15533
87.55 47.55  22491
87.55 48.05  16518
87.55 48.55  13719
87.55 49.05  17735
87.55 49.55  16635
87.55 50.05  12387
87.55 50.55  15936
87.55 51.05  15266
87.55 51.55  5555
87.55 52.05  38
90.05 37.55  3731
90.05 38.05  22731
90.05 38.55  16620
90.05 39.05  17513
90.05 39.55  20280
90.05 40.05  21491
90.05 40.55  21057
90.05 41.05  19964
90.05 41.55  15361
90.05 42.05  19415
90.05 42.55  24222
90.05 43.05  21087
90.05 43.55  21507
90.05 44.05  17489
90.05 44.55  15323
90.05 45.05  22983
90.05 45.55  18809
90.05 46.05  21870
90.05 46.55  17331
90.05 47.05  21698
90.05 47.55  22990
90.05 48.05  20214
90.05 48.55  18330
90.05 49.05  22068
90.05 49.55  21205
90.05 50.05  14160
90.05 50.55  20753
90.05 51.05  21961
90.05 51.55  6969
90.05 52.05  60
92.55 37.55  1848
92.55 38.05  15428
92.55 38.55  15795
92.55 39.05  14001
92.55 39.55  14151
92.55 40.05  15556
92.55 40.55  12476
92.55 41.05  11672
92.55 41.55  11482
92.55 42.05  16887
92.55 42.55  20820
92.55 43.05  16483
92.55 43.55  12845
92.55 44.05  12659
92.55 44.55  17309
92.55 45.05  17775
92.55 45.55  13213
92.55 46.05  15677
92.55 46.55  14960
92.55 47.05  19474
92.55 47.55  18379
92.55 48.05  13527
92.55 48.55  12801
92.55 49.05  18898
92.55 49.55  15594
92.55 50.05  11657
92.55 50.55  14079
92.55 51.05  16779
92.55 51.55  7095
92.55 52.05  89
95.05 37.55  2328
95.05 38.05  23652
95.05 38.55  21861
95.05 39.05  21261
95.05 39.55  21389
95.05 40.05  19918
95.05 40.55  18061
95.05 41.05  20659
95.05 41.55  23264
95.05 42.05  18043
95.05 42.55  23716
95.05 43.05  19547
95.05 43.55  22621
95.05 44.05  16747
95.05 44.55  25338
95.05 45.05  17416
95.05 45.55  18245
95.05 46.05  19620
95.05 46.55  19987
95.05 47.05  22436
95.05 47.55  23868
95.05 48.05  18380
95.05 48.55  18364
95.05 49.05  21821
95.05 49.55  19838
95.05 50.05  18510
95.05 50.55  19043
95.05 51.05  18631
95.05 51.55  9358
95.05 52.05  94
97.55 37.55  2308
97.55 38.05  23293
97.55 38.55  21155
97.55 39.05  23941
97.55 39.55  22132
97.55 40.05  11873
97.55 40.55  14823
97.55 41.05  20888
97.55 41.55  23037
97.55 42.05  15132
97.55 42.55  17739
97.55 43.05  16328
97.55 43.55  16873
97.55 44.05  16648
97.55 44.55  13316
97.55 45.05  11290
97.55 45.55  15129
97.55 46.05  14720
97.55 46.55  15379
97.55 47.05  16476
97.55 47.55  18634
97.55 48.05  21224
97.55 48.55  19320
97.55 49.05  14026
97.55 49.55  14164
97.55 50.05  15967
97.55 50.55  18389
97.55 51.05  15370
97.55 51.55  6856
97.55 52.05  77
100.05 37.55  1823
100.05 38.05  15594
100.05 38.55  13584
100.05 39.05  18074
100.05 39.55  23996
100.05 40.05  18121
100.05 40.55  20807
100.05 41.05  24089
100.05 41.55  20968
100.05 42.05  16123
100.05 42.55  20387
100.05 43.05  18959
100.05 43.55  22889
100.05 44.05  26364
100.05 44.55  13978
100.05 45.05  19880
100.05 45.55  22249
100.05 46.05  17724
100.05 46.55  22912
100.05 47.05  23636
100.05 47.55  23938
100.05 48.05  20500
100.05 48.55  17430
100.05 49.05  21479
100.05 49.55  15970
100.05 50.05  19028
100.05 50.55  21686
100.05 51.05  20289
100.05 51.55  8785
100.05 52.05  163
102.55 37.55  2087
102.55 38.05  14951
102.55 38.55  9027
102.55 39.05  12881
102.55 39.55  18198
102.55 40.05  15817
102.55 40.55  19078
102.55 41.05  19948
102.55 41.55  14917
102.55 42.05  17572
102.55 42.55  14427
102.55 43.05  15726
102.55 43.55  23553
102.55 44.05  16494
102.55 44.55  11509
102.55 45.05  17273
102.55 45.55  27721
102.55 46.05  16183
102.55 46.55  18668
102.55 47.05  20477
102.55 47.55  19511
102.55 48.05  14871
102.55 48.55  15088
102.55 49.05  18915
102.55 49.55  12548
102.55 50.05  14849
102.55 50.55  16156
102.55 51.05  16536
102.55 51.55  6708
102.55 52.05  68
105.05 37.55  3093
105.05 38.05  20061
105.05 38.55  18463
105.05 39.05  22152
105.05 39.55  18690
105.05 40.05  19054
105.05 40.55  21139
105.05 41.05  20372
105.05 41.55  25671
105.05 42.05  25082
105.05 42.55  15967
105.05 43.05  21480
105.05 43.55  20785
105.05 44.05  18290
105.05 44.55  17139
105.05 45.05  22115
105.05 45.55  17629
105.05 46.05  14757
105.05 46.55  20797
105.05 47.05  23116
105.05 47.55  23442
105.05 48.05  18206
105.05 48.55  18792
105.05 49.05  22715
105.05 49.55  17012
105.05 50.05  18663
105.05 50.55  21554
105.05 51.05  20790
105.05 51.55  7458
105.05 52.05  31
107.55 37.55  737
107.55 38.05  11077
107.55 38.55  18563
107.55 39.05  16835
107.55 39.55  11711
107.55 40.05  17111
107.55 40.55  20716
107.55 41.05  18507
107.55 41.55  24347
107.55 42.05  18521
107.55 42.55  10579
107.55 43.05  13281
107.55 43.55  14352
107.55 44.05  16158
107.55 44.55  16780
107.55 45.05  22112
107.55 45.55  9670
107.55 46.05  12825
107.55 46.55  17664
107.55 47.05  19075
107.55 47.55  17881
107.55 48.05  14749
107.55 48.55  14403
107.55 49.05  17966
107.55 49.55  14554
107.55 50.05  15037
107.55 50.55  17560
107.55 51.05  16460
107.55 51.55  6214
107.55 52.05  41
110.05 37.55  524
110.05 38.05  16972
110.05 38.55  23427
110.05 39.05  21135
110.05 39.55  22238
110.05 40.05  21424
110.05 40.55  23819
110.05 41.05  19136
110.05 41.55  21418
110.05 42.05  23922
110.05 42.55  19544
110.05 43.05  20752
110.05 43.55  21275
110.05 44.05  17999
110.05 44.55  17071
110.05 45.05  21192
110.05 45.55  18633
110.05 46.05  20772
110.05 46.55  19858
110.05 47.05  21619
110.05 47.55  22666
110.05 48.05  21266
110.05 48.55  20220
110.05 49.05  21025
110.05 49.55  16659
110.05 50.05  16713
110.05 50.55  21644
110.05 51.05  21056
110.05 51.55  7760
110.05 52.05  66
112.55 37.55  1077
112.55 38.05  16237
112.55 38.55  16351
112.55 39.05  13101
112.55 39.55  21442
112.55 40.05  21542
112.55 40.55  19800
112.55 41.05  17473
112.55 41.55  18155
112.55 42.05  19692
112.55 42.55  20241
112.55 43.05  17508
112.55 43.55  15300
112.55 44.05  13113
112.55 44.55  11123
112.55 45.05  16115
112.55 45.55  16162
112.55 46.05  14656
112.55 46.55  16087
112.55 47.05  17119
112.55 47.55  18415
112.55 48.05  16637
112.55 48.55  16724
112.55 49.05  15617
112.55 49.55  13876
112.55 50.05  13059
112.55 50.55  16240
112.55 51.05  16179
112.55 51.55  4857
112.55 52.05  32
115.05 37.55  1612
115.05 38.05  17673
115.05 38.55  18163
115.05 39.05  17418
115.05 39.55  21186
115.05 40.05  18908
115.05 40.55  16524
115.05 41.05  16504
115.05 41.55  17105
115.05 42.05  15622
115.05 42.55  19399
115.05 43.05  16543
115.05 43.55  20150
115.05 44.05  21661
115.05 44.55  16060
115.05 45.05  19311
115.05 45.55  19071
115.05 46.05  16576
115.05 46.55  21835
115.05 47.05  22662
115.05 47.55  22543
115.05 48.05  16180
115.05 48.55  19533
115.05 49.05  21623
115.05 49.55  20630
115.05 50.05  18174
115.05 50.55  19118
115.05 51.05  20323
115.05 51.55  5447
115.05 52.05  28
117.55 37.55  315
117.55 38.05  3733
117.55 38.55  4641
117.55 39.05  5423
117.55 39.55  4149
117.55 40.05  2982
117.55 40.55  2464
117.55 41.05  2825
117.55 41.55  3245
117.55 42.05  3190
117.55 42.55  5767
117.55 43.05  6299
117.55 43.55  10123
117.55 44.05  10729
117.55 44.55  7051
117.55 45.05  7468
117.55 45.55  7739
117.55 46.05  6316
117.55 46.55  7931
117.55 47.05  8767
117.55 47.55  6783
117.55 48.05  5399
117.55 48.55  7482
117.55 49.05  8072
117.55 49.55  9106
117.55 50.05  7966
117.55 50.55  7747
117.55 51.05  8734
117.55 51.55  2132
117.55 52.05  11
120.05 37.55  9
120.05 38.05  82
120.05 38.55  149
120.05 39.05  225
120.05 39.55  63
120.05 40.05  49
120.05 40.55  50
120.05 41.05  103
120.05 41.55  94
120.05 42.05  114
120.05 42.55  261
120.05 43.05  494
120.05 43.55  751
120.05 44.05  653
120.05 44.55  356
120.05 45.05  609
120.05 45.55  619
120.05 46.05  345
120.05 46.55  358
120.05 47.05  488
120.05 47.55  286
120.05 48.05  320
120.05 48.55  466
120.05 49.05  646
120.05 49.55  692
120.05 50.05  551
120.05 50.55  494
120.05 51.05  607
120.05 51.55  122
120.05 52.05  1
122.55 38.55  1
122.55 43.05  2
122.55 43.55  9
122.55 44.05  7
122.55 44.55  1
122.55 45.05  15
122.55 45.55  12
122.55 46.05  4
122.55 47.05  6
122.55 47.55  1
122.55 48.05  1
122.55 48.55  3
122.55 49.05  4
122.55 49.55  8
122.55 50.05  8
122.55 50.55  4
122.55 51.05  8
122.55 51.55  2
