-42.45 47.55  1
-39.95 38.05  3
-39.95 38.55  7
-39.95 39.05  8
-39.95 39.55  12
-39.95 40.05  11
-39.95 40.55  9
-39.95 41.05  13
-39.95 41.55  1
-39.95 42.05  5
-39.95 42.55  8
-39.95 43.55  1
-39.95 44.05  1
-39.95 44.55  2
-39.95 45.05  3
-39.95 46.05  2
-39.95 46.55  9
-39.95 47.05  12
-39.95 47.55  9
-39.95 48.05  2
-39.95 48.55  2
-39.95 49.05  1
-39.95 50.05  1
-39.95 50.55  7
-39.95 51.05  9
-39.95 51.55  1
-37.45 37.55  21
-37.45 38.05  518
-37.45 38.55  631
-37.45 39.05  640
-37.45 39.55  788
-37.45 40.05  842
-37.45 40.55  906
-37.45 41.05  821
-37.45 41.55  286
-37.45 42.05  531
-37.45 42.55  682
-37.45 43.05  451
-37.45 43.55  644
-37.45 44.05  305
-37.45 44.55  163
-37.45 45.05  410
-37.45 45.55  367
-37.45 46.05  394
-37.45 46.55  559
-37.45 47.05  1456
-37.45 47.55  820
-37.45 48.05  306
-37.45 48.55  402
-37.45 49.05  566
-37.45 49.55  357
-37.45 50.05  490
-37.45 50.55  777
-37.45 51.05  651
-37.45 51.55  233
-37.45 52.05  2
-34.95 37.55  1163
-34.95 38.05  27772
-34.95 38.55  30977
-34.95 39.05  24978
-34.95 39.55  31030
-34.95 40.05  31053
-34.95 40.55  27270
-34.95 41.05  27262
-34.95 41.55  25833
-34.95 42.05  22675
-34.95 42.55  33573
-34.95 43.05  33421
-34.95 43.55  34840
-34.95 44.05  29339
-34.95 44.55  17566
-34.95 45.05  26639
-34.95 45.55  24493
-34.95 46.05  29903
-34.95 46.55  30220
-34.95 47.05  32081
-34.95 47.55  34545
-34.95 48.05  19630
-34.95 48.55  29265
-34.95 49.05  30195
-34.95 49.55  25036
-34.95 50.05  29422
-34.95 50.55  29951
-34.95 51.05  30072
-34.95 51.55  9346
-34.95 52.05  87
-32.45 37.55  965
-32.45 38.05  17980
-32.45 38.55  14252
-32.45 39.05  9036
-32.45 39.55  17092
-32.45 40.05  20213
-32.45 40.55  13144
-32.45 41.05  12493
-32.45 41.55  20287
-32.45 42.05  15871
-32.45 42.55  13853
-32.45 43.05  12110
-32.45 43.55  17210
-32.45 44.05  18410
-32.45 44.55  18759
-32.45 45.05  22797
-32.45 45.55  11155
-32.45 46.05  15210
-32.45 46.55  19911
-32.45 47.05  12289
-32.45 47.55  17463
-32.45 48.05  10549
-32.45 48.55  13800
-32.45 49.05  11204
-32.45 49.55  13030
-32.45 50.05  14084
-32.45 50.55  15411
-32.45 51.05  16584
-32.45 51.55  5671
-32.45 52.05  61
-29.95 37.55  853
-29.95 38.05  17965
-29.95 38.55  20193
-29.95 39.05  16208
-29.95 39.55  21501
-29.95 40.05  23480
-29.95 40.55  18166
-29.95 41.05  20016
-29.95 41.55  21769
-29.95 42.05  19326
-29.95 42.55  18039
-29.95 43.05  21023
-29.95 43.55  21191
-29.95 44.05  13210
-29.95 44.55  23193
-29.95 45.05  23576
-29.95 45.55  18844
-29.95 46.05  21608
-29.95 46.55  20620
-29.95 47.05  24122
-29.95 47.55  24915
-29.95 48.05  17947
-29.95 48.55  17149
-29.95 49.05  18490
-29.95 49.55  18102
-29.95 50.05  17414
-29.95 50.55  19825
-29.95 51.05  20190
-29.95 51.55  7591
-29.95 52.05  63
-27.45 37.55  389
-27.45 38.05  7089
-27.45 38.55  16181
-27.45 39.05  18795
-27.45 39.55  15794
-27.45 40.05  11771
-27.45 40.55  14390
-27.45 41.05  19537
-27.45 41.55  17474
-27.45 42.05  17280
-27.45 42.55  15819
-27.45 43.05  16011
-27.45 43.55  9940
-27.45 44.05  7227
-27.45 44.55  11841
-27.45 45.05  13985
-27.45 45.55  15512
-27.45 46.05  14517
-27.45 46.55  12261
-27.45 47.05  22767
-27.45 47.55  19767
-27.45 48.05  16792
-27.45 48.55  18805
-27.45 49.05  21134
-27.45 49.55  11868
-27.45 50.05  11025
-27.45 50.55  14848
-27.45 51.05  15568
-27.45 51.55  6207
-27.45 52.05  49
-24.95 37.55  925
-24.95 38.05  14678
-24.95 38.55  20407
-24.95 39.05  20609
-24.95 39.55  18067
-24.95 40.05  13921
-24.95 40.55  19302
-24.95 41.05  19005
-24.95 41.55  21174
-24.95 42.05  24534
-24.95 42.55  22783
-24.95 43.05  22093
-24.95 43.55  12652
-24.95 44.05  13682
-24.95 44.55  20956
-24.95 45.05  21188
-24.95 45.55  21661
-24.95 46.05  15760
-24.95 46.55  16547
-24.95 47.05  21362
-24.95 47.55  22547
-24.95 48.05  22702
-24.95 48.55  26007
-24.95 49.05  21491
-24.95 49.55  19344
-24.95 50.05  18429
-24.95 50.55  18403
-24.95 51.05  19819
-24.95 51.55  8889
-24.95 52.05  90
-22.45 37.55  1880
-22.45 38.05  21162
-22.45 38.55  17878
-22.45 39.05  12143
-22.45 39.55  13516
-22.45 40.05  14775
-22.45 40.55  14644
-22.45 41.05  11485
-22.45 41.55  16784
-22.45 42.05  18302
-22.45 42.55  16821
-22.45 43.05  21498
-22.45 43.55  25386
-22.45 44.05  17456
-22.45 44.55  17867
-22.45 45.05  15699
-22.45 45.55  19928
-22.45 46.05  15033
-22.45 46.55  15920
-22.45 47.05  18242
-22.45 47.55  18253
-22.45 48.05  18003
-22.45 48.55  17788
-22.45 49.05  20137
-22.45 49.55  23998
-22.45 50.05  20115
-22.45 50.55  15239
-22.45 51.05  16848
-22.45 51.55  7077
-22.45 52.05  58
-22.45 52.55  1
-19.95 37.55  3636
-19.95 38.05  22333
-19.95 38.55  21535
-19.95 39.05  14986
-19.95 39.55  22098
-19.95 40.05  20344
-19.95 40.55  17000
-19.95 41.05  19274
-19.95 41.55  19856
-19.95 42.05  22633
-19.95 42.55  19357
-19.95 43.05  21398
-19.95 43.55  28648
-19.95 44.05  22227
-19.95 44.55  18920
-19.95 45.05  21036
-19.95 45.55  20355
-19.95 46.05  19071
-19.95 46.55  18180
-19.95 47.05  22657
-19.95 47.55  21472
-19.95 48.05  21202
-19.95 48.55  19749
-19.95 49.05  21478
-19.95 49.55  22856
-19.95 50.05  23189
-19.95 50.55  18444
-19.95 51.05  18110
-19.95 51.55  7396
-19.95 52.05  61
-17.45 37.55  2749
-17.45 38.05  17405
-17.45 38.55  17773
-17.45 39.05  15124
-17.45 39.55  13612
-17.45 40.05  15080
-17.45 40.55  13827
-17.45 41.05  15399
-17.45 41.55  11505
-17.45 42.05  15791
-17.45 42.55  15309
-17.45 43.05  15221
-17.45 43.55  27514
-17.45 44.05  15297
-17.45 44.55  14558
-17.45 45.05  16955
-17.45 45.55  15118
-17.45 46.05  11773
-17.45 46.55  13100
-17.45 47.05  12197
-17.45 47.55  16773
-17.45 48.05  19797
-17.45 48.55  18724
-17.45 49.05  13639
-17.45 49.55  13683
-17.45 50.05  15481
-17.45 50.55  16356
-17.45 51.05  15079
-17.45 51.55  5282
-17.45 52.05  42
-14.95 37.55  3164
-14.95 38.05  20191
-14.95 38.55  16510
-14.95 39.05  21658
-14.95 39.55  15112
-14.95 40.05  19043
-14.95 40.55  17432
-14.95 41.05  22547
-14.95 41.55  19702
-14.95 42.05  20092
-14.95 42.55  20460
-14.95 43.05  19914
-14.95 43.55  17171
-14.95 44.05  14387
-14.95 44.55  23617
-14.95 45.05  22874
-14.95 45.55  24474
-14.95 46.05  13825
-14.95 46.55  22007
-14.95 47.05  26501
-14.95 47.55  23773
-14.95 48.05  18975
-14.95 48.55  18234
-14.95 49.05  20562
-14.95 49.55  17302
-14.95 50.05  18241
-14.95 50.55  21424
-14.95 51.05  20186
-14.95 51.55  6731
-14.95 52.05  49
-12.45 37.55  1964
-12.45 38.05  16957
-12.45 38.55  14377
-12.45 39.05  15644
-12.45 39.55  21215
-12.45 40.05  20165
-12.45 40.55  13147
-12.45 41.05  13159
-12.45 41.55  21943
-12.45 42.05  15386
-12.45 42.55  16088
-12.45 43.05  15598
-12.45 43.55  9852
-12.45 44.05  10348
-12.45 44.55  17323
-12.45 45.05  19073
-12.45 45.55  26680
-12.45 46.05  12308
-12.45 46.55  19514
-12.45 47.05  34487
-12.45 47.55  22015
-12.45 48.05  10222
-12.45 48.55  13321
-12.45 49.05  17792
-12.45 49.55  12634
-12.45 50.05  16547
-12.45 50.55  16897
-12.45 51.05  15094
-12.45 51.55  5270
-12.45 52.05  34
-9.95 37.55  653
-9.95 38.05  17132
-9.95 38.55  26411
-9.95 39.05  15948
-9.95 39.55  23580
-9.95 40.05  26094
-9.95 40.55  18986
-9.95 41.05  18927
-9.95 41.55  24446
-9.95 42.05  17501
-9.95 42.55  20962
-9.95 43.05  20915
-9.95 43.55  21292
-9.95 44.05  18070
-9.95 44.55  19856
-9.95 45.05  22938
-9.95 45.55  22727
-9.95 46.05  11889
-9.95 46.55  17060
-9.95 47.05  13790
-9.95 47.55  23024
-9.95 48.05  13112
-9.95 48.55  21460
-9.95 49.05  22600
-9.95 49.55  15699
-9.95 50.05  23774
-9.95 50.55  19460
-9.95 51.05  19652
-9.95 51.55  8030
-9.95 52.05  59
-7.45 37.55  1129
-7.45 38.05  15195
-7.45 38.55  22370
-7.45 39.05  14804
-7.45 39.55  15161
-7.45 40.05  17387
-7.45 40.55  17683
-7.45 41.05  17830
-7.45 41.55  17046
-7.45 42.05  11658
-7.45 42.55  14470
-7.45 43.05  16515
-7.45 43.55  18825
-7.45 44.05  17337
-7.45 44.55  18163
-7.45 45.05  20361
-7.45 45.55  15070
-7.45 46.05  12208
-7.45 46.55  16202
-7.45 47.05  10558
-7.45 47.55  21805
-7.45 48.05  12512
-7.45 48.55  16270
-7.45 49.05  23573
-7.45 49.55  15232
-7.45 50.05  16710
-7.45 50.55  16835
-7.45 51.05  16867
-7.45 51.55  6624
-7.45 52.05  48
-4.95 37.55  2220
-4.95 38.05  20277
-4.95 38.55  16809
-4.95 39.05  18719
-4.95 39.55  23869
-4.95 40.05  20037
-4.95 40.55  20263
-4.95 41.05  18249
-4.95 41.55  18392
-4.95 42.05  17561
-4.95 42.55  19463
-4.95 43.05  21733
-4.95 43.55  23127
-4.95 44.05  16388
-4.95 44.55  18938
-4.95 45.05  21973
-4.95 45.55  22196
-4.95 46.05  16472
-4.95 46.55  20424
-4.95 47.05  21954
-4.95 47.55  25326
-4.95 48.05  19087
-4.95 48.55  19070
-4.95 49.05  20969
-4.95 49.55  18048
-4.95 50.05  17583
-4.95 50.55  20367
-4.95 51.05  20476
-4.95 51.55  7182
-4.95 52.05  60
-2.45 37.55  1190
-2.45 38.05  15016
-2.45 38.55  12436
-2.45 39.05  14561
-2.45 39.55  22534
-2.45 40.05  13487
-2.45 40.55  16119
-2.45 41.05  19430
-2.45 41.55  18567
-2.45 42.05  21429
-2.45 42.55  23345
-2.45 43.05  19393
-2.45 43.55  18012
-2.45 44.05  7369
-2.45 44.55  6998
-2.45 45.05  14491
-2.45 45.55  16109
-2.45 46.05  11809
-2.45 46.55  13558
-2.45 47.05  17442
-2.45 47.55  18145
-2.45 48.05  12900
-2.45 48.55  15577
-2.45 49.05  15822
-2.45 49.55  10163
-2.45 50.05  9929
-2.45 50.55  11477
-2.45 51.05  12890
-2.45 51.55  3714
-2.45 52.05  31
0.05 37.55  962
0.05 38.05  20426
0.05 38.55  20907
0.05 39.05  21775
0.05 39.55  27094
0.05 40.05  20678
0.05 40.55  17946
0.05 41.05  21197
0.05 41.55  22934
0.05 42.05  20419
0.05 42.55  23884
0.05 43.05  18762
0.05 43.55  20086
0.05 44.05  12487
0.05 44.55  12864
0.05 45.05  22735
0.05 45.55  24703
0.05 46.05  19105
0.05 46.55  20640
0.05 47.05  24874
0.05 47.55  23295
0.05 48.05  13633
0.05 48.55  22120
0.05 49.05  21484
0.05 49.55  17128
0.05 50.05  20036
0.05 50.55  18145
0.05 51.05  20376
0.05 51.55  3366
0.05 52.05  4
2.55 37.55  1166
2.55 38.05  13907
2.55 38.55  17403
2.55 39.05  15861
2.55 39.55  24274
2.55 40.05  21793
2.55 40.55  10788
2.55 41.05  8413
2.55 41.55  24248
2.55 42.05  16470
2.55 42.55  16430
2.55 43.05  14093
2.55 43.55  21995
2.55 44.05  20921
2.55 44.55  21060
2.55 45.05  18122
2.55 45.55  16502
2.55 46.05  13599
2.55 46.55  14951
2.55 47.05  24548
2.55 47.55  25283
2.55 48.05  11688
2.55 48.55  12886
2.55 49.05  15634
2.55 49.55  20369
2.55 50.05  22276
2.55 50.55  18418
2.55 51.05  20980
2.55 51.55  5090
2.55 52.05  29
5.05 37.55  2485
5.05 38.05  19921
5.05 38.55  22451
5.05 39.05  14685
5.05 39.55  14707
5.05 40.05  22230
5.05 40.55  12738
5.05 41.05  8280
5.05 41.55  20768
5.05 42.05  18655
5.05 42.55  20241
5.05 43.05  18889
5.05 43.55  20428
5.05 44.05  21755
5.05 44.55  24285
5.05 45.05  21715
5.05 45.55  23246
5.05 46.05  17413
5.05 46.55  18488
5.05 47.05  20425
5.05 47.55  30491
5.05 48.05  19826
5.05 48.55  15763
5.05 49.05  20037
5.05 49.55  21809
5.05 50.05  20195
5.05 50.55  20144
5.05 51.05  21959
5.05 51.55  8028
5.05 52.05  81
7.55 37.55  2617
7.55 38.05  18703
7.55 38.55  18279
7.55 39.05  13883
7.55 39.55  8984
7.55 40.05  15157
7.55 40.55  18546
7.55 41.05  21724
7.55 41.55  14819
7.55 42.05  19773
7.55 42.55  17238
7.55 43.05  11695
7.55 43.55  12550
7.55 44.05  21368
7.55 44.55  28759
7.55 45.05  19293
7.55 45.55  22116
7.55 46.05  18158
7.55 46.55  14307
7.55 47.05  12180
7.55 47.55  16911
7.55 48.05  16502
7.55 48.55  15253
7.55 49.05  18492
7.55 49.55  17414
7.55 50.05  13762
7.55 50.55  13499
7.55 51.05  21303
7.55 51.55  6177
7.55 52.05  48
10.05 37.55  2874
10.05 38.05  19731
10.05 38.55  18973
10.05 39.05  20558
10.05 39.55  21998
10.05 40.05  18783
10.05 40.55  25481
10.05 41.05  25604
10.05 41.55  21292
10.05 42.05  27488
10.05 42.55  22774
10.05 43.05  17798
10.05 43.55  20305
10.05 44.05  15008
10.05 44.55  20893
10.05 45.05  21306
10.05 45.55  18070
10.05 46.05  21748
10.05 46.55  20171
10.05 47.05  23623
10.05 47.55  23356
10.05 48.05  19129
10.05 48.55  19857
10.05 49.05  22393
10.05 49.55  24351
10.05 50.05  18904
10.05 50.55  17904
10.05 51.05  19220
10.05 51.55  4500
10.05 52.05  16
12.55 37.55  1301
12.55 38.05  8568
12.55 38.55  10914
12.55 39.05  13461
12.55 39.55  17474
12.55 40.05  13881
12.55 40.55  17687
12.55 41.05  16934
12.55 41.55  20189
12.55 42.05  20846
12.55 42.55  18061
12.55 43.05  18764
12.55 43.55  15890
12.55 44.05  11000
12.55 44.55  12314
12.55 45.05  18116
12.55 45.55  14967
12.55 46.05  16692
12.55 46.55  19140
12.55 47.05  26104
12.55 47.55  24350
12.55 48.05  15056
12.55 48.55  17239
12.55 49.05  19001
12.55 49.55  20680
12.55 50.05  15082
12.55 50.55  15508
12.55 51.05  14957
12.55 51.55  3583
12.55 52.05  30
15.05 37.55  1372
15.05 38.05  15556
15.05 38.55  18772
15.05 39.05  18864
15.05 39.55  20497
15.05 40.05  17591
15.05 40.55  19155
15.05 41.05  19003
15.05 41.55  14025
15.05 42.05  19257
15.05 42.55  20391
15.05 43.05  24430
15.05 43.55  22281
15.05 44.05  17488
15.05 44.55  17351
15.05 45.05  21289
15.05 45.55  17391
15.05 46.05  17822
15.05 46.55  21909
15.05 47.05  21726
15.05 47.55  26682
15.05 48.05  17788
15.05 48.55  22237
15.05 49.05  23290
15.05 49.55  22269
15.05 50.05  15266
15.05 50.55  22322
15.05 51.05  20453
15.05 51.55  5673
15.05 52.05  34
17.55 37.55  2998
17.55 38.05  22551
17.55 38.55  16380
17.55 39.05  20668
17.55 39.55  17852
17.55 40.05  10650
17.55 40.55  10273
17.55 41.05  13166
17.55 41.55  13584
17.55 42.05  17089
17.55 42.55  15101
17.55 43.05  18723
17.55 43.55  16022
17.55 44.05  12560
17.55 44.55  15238
17.55 45.05  15832
17.55 45.55  12986
17.55 46.05  13620
17.55 46.55  14751
17.55 47.05  12536
17.55 47.55  17794
17.55 48.05  16226
17.55 48.55  18681
17.55 49.05  18821
17.55 49.55  13938
17.55 50.05  10736
17.55 50.55  17750
17.55 51.05  15669
17.55 51.55  3852
17.55 52.05  18
20.05 37.55  4590
20.05 38.05  20626
20.05 38.55  11947
20.05 39.05  27159
20.05 39.55  19511
20.05 40.05  16375
20.05 40.55  18409
20.05 41.05  22427
20.05 41.55  16302
20.05 42.05  21673
20.05 42.55  25098
20.05 43.05  22202
20.05 43.55  21895
20.05 44.05  18756
20.05 44.55  24257
20.05 45.05  19427
20.05 45.55  24987
20.05 46.05  21033
20.05 46.55  18738
20.05 47.05  21695
20.05 47.55  21826
20.05 48.05  23661
20.05 48.55  22168
20.05 49.05  20167
20.05 49.55  20809
20.05 50.05  16729
20.05 50.55  22849
20.05 51.05  21411
20.05 51.55  5050
20.05 52.05  17
22.55 37.55  2126
22.55 38.05  13264
22.55 38.55  5811
22.55 39.05  13092
22.55 39.55  17753
22.55 40.05  15595
22.55 40.55  15387
22.55 41.05  14721
22.55 41.55  14296
22.55 42.05  18698
22.55 42.55  32067
22.55 43.05  17564
22.55 43.55  13879
22.55 44.05  14355
22.55 44.55  17896
22.55 45.05  18048
22.55 45.55  24473
22.55 46.05  20376
22.55 46.55  15208
22.55 47.05  21975
22.55 47.55  18750
22.55 48.05  15498
22.55 48.55  13619
22.55 49.05  11386
22.55 49.55  21674
22.55 50.05  12965
22.55 50.55  18085
22.55 51.05  17867
22.55 51.55  5514
22.55 52.05  25
25.05 37.55  2622
25.05 38.05  20265
25.05 38.55  15214
25.05 39.05  16937
25.05 39.55  21100
25.05 40.05  17751
25.05 40.55  20227
25.05 41.05  18361
25.05 41.55  21801
25.05 42.05  12143
25.05 42.55  24330
25.05 43.05  21517
25.05 43.55  20330
25.05 44.05  17071
25.05 44.55  16220
25.05 45.05  19784
25.05 45.55  12308
25.05 46.05  14983
25.05 46.55  19552
25.05 47.05  21126
25.05 47.55  24357
25.05 48.05  19496
25.05 48.55  18647
25.05 49.05  24053
25.05 49.55  21625
25.05 50.05  11482
25.05 50.55  22676
25.05 51.05  21077
25.05 51.55  8338
25.05 52.05  65
27.55 37.55  1792
27.55 38.05  15219
27.55 38.55  14528
27.55 39.05  14467
27.55 39.55  18086
27.55 40.05  10445
27.55 40.55  12513
27.55 41.05  20923
27.55 41.55  17207
27.55 42.05  7827
27.55 42.55  15106
27.55 43.05  17464
27.55 43.55  22625
27.55 44.05  16658
27.55 44.55  15459
27.55 45.05  12136
27.55 45.55  9904
27.55 46.05  9487
27.55 46.55  14291
27.55 47.05  18296
27.55 47.55  18785
27.55 48.05  13552
27.55 48.55  16480
27.55 49.05  19518
27.55 49.55  13223
27.55 50.05  8003
27.55 50.55  22371
27.55 51.05  22712
27.55 51.55  6976
27.55 52.05  46
30.05 37.55  2034
30.05 38.05  18355
30.05 38.55  12238
30.05 39.05  13876
30.05 39.55  19769
30.05 40.05  7248
30.05 40.55  6804
30.05 41.05  23121
30.05 41.55  25281
30.05 42.05  14476
30.05 42.55  23182
30.05 43.05  21021
30.05 43.55  23354
30.05 44.05  18863
30.05 44.55  21219
30.05 45.05  19793
30.05 45.55  22149
30.05 46.05  18398
30.05 46.55  18778
30.05 47.05  21073
30.05 47.55  23757
30.05 48.05  14751
30.05 48.55  21658
30.05 49.05  22370
30.05 49.55  22426
30.05 50.05  12276
30.05 50.55  22227
30.05 51.05  21941
30.05 51.55  4880
30.05 52.05  17
32.55 37.55  2734
32.55 38.05  23225
32.55 38.55  21269
32.55 39.05  21673
32.55 39.55  7079
32.55 40.05  16107
32.55 40.55  18407
32.55 41.05  13741
32.55 41.55  19311
32.55 42.05  13918
32.55 42.55  16737
32.55 43.05  18402
32.55 43.55  20505
32.55 44.05  12689
32.55 44.55  14682
32.55 45.05  14022
32.55 45.55  16092
32.55 46.05  11272
32.55 46.55  11009
32.55 47.05  13817
32.55 47.55  20983
32.55 48.05  11601
32.55 48.55  13931
32.55 49.05  17906
32.55 49.55  20089
32.55 50.05  13514
32.55 50.55  13848
32.55 51.05  12294
32.55 51.55  3559
32.55 52.05  15
35.05 37.55  3010
35.05 38.05  22819
35.05 38.55  22051
35.05 39.05  16792
35.05 39.55  14115
35.05 40.05  27978
35.05 40.55  30452
35.05 41.05  19041
35.05 41.55  20949
35.05 42.05  23112
35.05 42.55  23518
35.05 43.05  23219
35.05 43.55  20350
35.05 44.05  16144
35.05 44.55  18165
35.05 45.05  19104
35.05 45.55  23067
35.05 46.05  13372
35.05 46.55  19276
35.05 47.05  22036
35.05 47.55  26488
35.05 48.05  16050
35.05 48.55  20840
35.05 49.05  23140
35.05 49.55  21039
35.05 50.05  19768
35.05 50.55  19777
35.05 51.05  19636
35.05 51.55  7117
35.05 52.05  56
37.55 37.55  1646
37.55 38.05  13926
37.55 38.55  17562
37.55 39.05  15950
37.55 39.55  25272
37.55 40.05  13790
37.55 40.55  14623
37.55 41.05  20040
37.55 41.55  12512
37.55 42.05  22443
37.55 42.55  24109
37.55 43.05  15091
37.55 43.55  12669
37.55 44.05  9518
37.55 44.55  10292
37.55 45.05  21146
37.55 45.55  20523
37.55 46.05  18007
37.55 46.55  23385
37.55 47.05  15910
37.55 47.55  17832
37.55 48.05  13591
37.55 48.55  19244
37.55 49.05  21428
37.55 49.55  15531
37.55 50.05  13477
37.55 50.55  13666
37.55 51.05  15254
37.55 51.55  5099
37.55 52.05  31
40.05 37.55  2206
40.05 38.05  20286
40.05 38.55  19397
40.05 39.05  18339
40.05 39.55  23073
40.05 40.05  19951
40.05 40.55  15239
40.05 41.05  23732
40.05 41.55  22331
40.05 42.05  15817
40.05 42.55  21617
40.05 43.05  18208
40.05 43.55  19917
40.05 44.05  19863
40.05 44.55  14706
40.05 45.05  21402
40.05 45.55  20514
40.05 46.05  20207
40.05 46.55  19317
40.05 47.05  22103
40.05 47.55  23595
40.05 48.05  17087
40.05 48.55  19384
40.05 49.05  21634
40.05 49.55  18938
40.05 50.05  17659
40.05 50.55  20665
40.05 51.05  21640
40.05 51.55  6321
40.05 52.05  37
42.55 37.55  2044
42.55 38.05  17838
42.55 38.55  10582
42.55 39.05  9236
42.55 39.55  19293
42.55 40.05  25133
42.55 40.55  17105
42.55 41.05  19467
42.55 41.55  17670
42.55 42.05  6730
42.55 42.55  14653
42.55 43.05  12247
42.55 43.55  12105
42.55 44.05  18469
42.55 44.55  13760
42.55 45.05  16186
42.55 45.55  17850
42.55 46.05  13244
42.55 46.55  15422
42.55 47.05  18926
42.55 47.55  18582
42.55 48.05  14470
42.55 48.55  13799
42.55 49.05  13693
42.55 49.55  13808
42.55 50.05  14440
42.55 50.55  19300
42.55 51.05  18574
42.55 51.55  6771
42.55 52.05  43
45.05 37.55  2143
45.05 38.05  19791
45.05 38.55  13364
45.05 39.05  12045
45.05 39.55  21775
45.05 40.05  20974
45.05 40.55  12749
45.05 41.05  22477
45.05 41.55  20347
45.05 42.05  17204
45.05 42.55  29111
45.05 43.05  14101
45.05 43.55  15556
45.05 44.05  21693
45.05 44.55  20100
45.05 45.05  22942
45.05 45.55  21090
45.05 46.05  18175
45.05 46.55  20957
45.05 47.05  22571
45.05 47.55  22288
45.05 48.05  21629
45.05 48.55  18491
45.05 49.05  21680
45.05 49.55  17933
45.05 50.05  18589
45.05 50.55  21608
45.05 51.05  20837
45.05 51.55  9421
45.05 52.05  78
47.55 37.55  947
47.55 38.05  8974
47.55 38.55  15181
47.55 39.05  20877
47.55 39.55  13786
47.55 40.05  15159
47.55 40.55  14229
47.55 41.05  11893
47.55 41.55  24331
47.55 42.05  22208
47.55 42.55  21119
47.55 43.05  10935
47.55 43.55  20049
47.55 44.05  20249
47.55 44.55  16030
47.55 45.05  19582
47.55 45.55  9580
47.55 46.05  13344
47.55 46.55  12212
47.55 47.05  17682
47.55 47.55  20977
47.55 48.05  12442
47.55 48.55  10503
47.55 49.05  19795
47.55 49.55  17839
47.55 50.05  14230
47.55 50.55  17243
47.55 51.05  16956
47.55 51.55  7203
47.55 52.05  48
50.05 37.55  341
50.05 38.05  10605
50.05 38.55  12834
50.05 39.05  23981
50.05 39.55  22160
50.05 40.05  16100
50.05 40.55  25455
50.05 41.05  17224
50.05 41.55  21687
50.05 42.05  24212
50.05 42.55  19380
50.05 43.05  23270
50.05 43.55  25178
50.05 44.05  21796
50.05 44.55  14027
50.05 45.05  20564
50.05 45.55  18144
50.05 46.05  25099
50.05 46.55  14213
50.05 47.05  22426
50.05 47.55  26279
50.05 48.05  13750
50.05 48.55  18044
50.05 49.05  23314
50.05 49.55  22846
50.05 50.05  15635
50.05 50.55  20005
50.05 51.05  20403
50.05 51.55  7759
50.05 52.05  56
52.55 37.55  469
52.55 38.05  16607
52.55 38.55  14578
52.55 39.05  14746
52.55 39.55  25281
52.55 40.05  15251
52.55 40.55  12026
52.55 41.05  13329
52.55 41.55  12124
52.55 42.05  12479
52.55 42.55  12714
52.55 43.05  21436
52.55 43.55  22076
52.55 44.05  14407
52.55 44.55  8667
52.55 45.05  13561
52.55 45.55  16835
52.55 46.05  18702
52.55 46.55  11783
52.55 47.05  14368
52.55 47.55  19970
52.55 48.05  14316
52.55 48.55  23595
52.55 49.05  19793
52.55 49.55  16701
52.55 50.05  12974
52.55 50.55  14945
52.55 51.05  16031
52.55 51.55  4847
52.55 52.05  27
55.05 37.55  693
55.05 38.05  19983
55.05 38.55  27042
55.05 39.05  12799
55.05 39.55  26069
55.05 40.05  25103
55.05 40.55  10278
55.05 41.05  23956
55.05 41.55  22926
55.05 42.05  13909
55.05 42.55  15931
55.05 43.05  22745
55.05 43.55  24032
55.05 44.05  20205
55.05 44.55  10860
55.05 45.05  22759
55.05 45.55  22648
55.05 46.05  19454
55.05 46.55  19936
55.05 47.05  21960
55.05 47.55  22375
55.05 48.05  16456
55.05 48.55  21744
55.05 49.05  18659
55.05 49.55  18799
55.05 50.05  17115
55.05 50.55  22233
55.05 51.05  21717
55.05 51.55  5364
55.05 52.05  16
57.55 37.55  612
57.55 38.05  13734
57.55 38.55  24575
57.55 39.05  12207
57.55 39.55  12374
57.55 40.05  15984
57.55 40.55  12032
57.55 41.05  22803
57.55 41.55  25095
57.55 42.05  24850
57.55 42.55  18296
57.55 43.05  18280
57.55 43.55  22945
57.55 44.05  20005
57.55 44.55  15130
57.55 45.05  23048
57.55 45.55  18457
57.55 46.05  16816
57.55 46.55  18865
57.55 47.05  20817
57.55 47.55  18113
57.55 48.05  12112
57.55 48.55  16360
57.55 49.05  14502
57.55 49.55  15702
57.55 50.05  15637
57.55 50.55  18375
57.55 51.05  17125
57.55 51.55  5204
57.55 52.05  29
60.05 37.55  904
60.05 38.05  14910
60.05 38.55  24234
60.05 39.05  17172
60.05 39.55  20228
60.05 40.05  17480
60.05 40.55  20390
60.05 41.05  21377
60.05 41.55  23208
60.05 42.05  23972
60.05 42.55  21494
60.05 43.05  22044
60.05 43.55  20952
60.05 44.05  19725
60.05 44.55  23366
60.05 45.05  20948
60.05 45.55  20212
60.05 46.05  18514
60.05 46.55  20153
60.05 47.05  24493
60.05 47.55  23808
60.05 48.05  15106
60.05 48.55  18827
60.05 49.05  22701
60.05 49.55  19745
60.05 50.05  19728
60.05 50.55  20873
60.05 51.05  19525
60.05 51.55  7533
60.05 52.05  88
62.55 37.55  1806
62.55 38.05  23327
62.55 38.55  18961
62.55 39.05  15810
62.55 39.55  16309
62.55 40.05  13832
62.55 40.55  13318
62.55 41.05  15010
62.55 41.55  16225
62.55 42.05  17937
62.55 42.55  20593
62.55 43.05  15980
62.55 43.55  13536
62.55 44.05  11254
62.55 44.55  10598
62.55 45.05  6966
62.55 45.55  15280
62.55 46.05  16047
62.55 46.55  15571
62.55 47.05  19546
62.55 47.55  15723
62.55 48.05  12538
62.55 48.55  16355
62.55 49.05  19090
62.55 49.55  15952
62.55 50.05  14879
62.55 50.55  17493
62.55 51.05  18282
62.55 51.55  6106
62.55 52.05  53
65.05 37.55  2894
65.05 38.05  21163
65.05 38.55  16100
65.05 39.05  20822
65.05 39.55  17781
65.05 40.05  20123
65.05 40.55  16828
65.05 41.05  21908
65.05 41.55  21564
65.05 42.05  14475
65.05 42.55  23528
65.05 43.05  21186
65.05 43.55  22108
65.05 44.05  20965
65.05 44.55  18505
65.05 45.05  17526
65.05 45.55  22178
65.05 46.05  17791
65.05 46.55  17738
65.05 47.05  22085
65.05 47.55  21233
65.05 48.05  17988
65.05 48.55  22117
65.05 49.05  21862
65.05 49.55  17801
65.05 50.05  17483
65.05 50.55  22508
65.05 51.05  21713
65.05 51.55  6319
65.05 52.05  44
67.55 37.55  2416
67.55 38.05  15806
67.55 38.55  8118
67.55 39.05  12332
67.55 39.55  19823
67.55 40.05  11364
67.55 40.55  13793
67.55 41.05  22965
67.55 41.55  25971
67.55 42.05  13654
67.55 42.55  19402
67.55 43.05  18410
67.55 43.55  16013
67.55 44.05  22262
67.55 44.55  25293
67.55 45.05  26065
67.55 45.55  15300
67.55 46.05  14237
67.55 46.55  13754
67.55 47.05  14324
67.55 47.55  17713
67.55 48.05  14835
67.55 48.55  17943
67.55 49.05  17528
67.55 49.55  15742
67.55 50.05  12645
67.55 50.55  17691
67.55 51.05  16153
67.55 51.55  5774
67.55 52.05  47
70.05 37.55  2270
70.05 38.05  19874
70.05 38.55  13419
70.05 39.05  17144
70.05 39.55  18153
70.05 40.05  18151
70.05 40.55  17432
70.05 41.05  19897
70.05 41.55  20162
70.05 42.05  15492
70.05 42.55  24179
70.05 43.05  23789
70.05 43.55  21967
70.05 44.05  16661
70.05 44.55  20161
70.05 45.05  25259
70.05 45.55  19259
70.05 46.05  20252
70.05 46.55  19320
70.05 47.05  22512
70.05 47.55  22752
70.05 48.05  18256
70.05 48.55  21721
70.05 49.05  22422
70.05 49.55  22070
70.05 50.05  14625
70.05 50.55  20470
70.05 51.05  20175
70.05 51.55  7933
70.05 52.05  56
72.55 37.55  1376
72.55 38.05  14288
72.55 38.55  18613
72.55 39.05  21661
72.55 39.55  23925
72.55 40.05  18738
72.55 40.55  12733
72.55 41.05  8572
72.55 41.55  11403
72.55 42.05  16015
72.55 42.55  20052
72.55 43.05  18587
72.55 43.55  20764
72.55 44.05  10502
72.55 44.55  14536
72.55 45.05  21557
72.55 45.55  19949
72.55 46.05  16081
72.55 46.55  16851
72.55 47.05  19041
72.55 47.55  19981
72.55 48.05  16341
72.55 48.55  14098
72.55 49.05  18468
72.55 49.55  16566
72.55 50.05  15997
72.55 50.55  16220
72.55 51.05  15278
72.55 51.55  5261
72.55 52.05  46
75.05 37.55  990
75.05 38.05  14742
75.05 38.55  20924
75.05 39.05  20084
75.05 39.55  23554
75.05 40.05  20600
75.05 40.55  18706
75.05 41.05  20617
75.05 41.55  21108
75.05 42.05  23035
75.05 42.55  21376
75.05 43.05  20388
75.05 43.55  22131
75.05 44.05  16481
75.05 44.55  18311
75.05 45.05  18462
75.05 45.55  23055
75.05 46.05  17385
75.05 46.55  20564
75.05 47.05  22086
75.05 47.55  20939
75.05 48.05  21990
75.05 48.55  15521
75.05 49.05  21821
75.05 49.55  17437
75.05 50.05  24048
75.05 50.55  19065
75.05 51.05  20292
75.05 51.55  6365
75.05 52.05  46
77.55 37.55  1917
77.55 38.05  23670
77.55 38.55  16583
77.55 39.05  13088
77.55 39.55  13246
77.55 40.05  14258
77.55 40.55  15595
77.55 41.05  20458
77.55 41.55  22162
77.55 42.05  25551
77.55 42.55  16882
77.55 43.05  12062
77.55 43.55  13950
77.55 44.05  13211
77.55 44.55  9648
77.55 45.05  12234
77.55 45.55  14987
77.55 46.05  14138
77.55 46.55  17748
77.55 47.05  21529
77.55 47.55  17497
77.55 48.05  13868
77.55 48.55  14137
77.55 49.05  17217
77.55 49.55  14997
77.55 50.05  14759
77.55 50.55  15430
77.55 51.05  17212
77.55 51.55  6197
77.55 52.05  52
80.05 37.55  2491
80.05 38.05  22285
80.05 38.55  20071
80.05 39.05  18890
80.05 39.55  18747
80.05 40.05  18351
80.05 40.55  20071
80.05 41.05  22961
80.05 41.55  24132
80.05 42.05  26947
80.05 42.55  22390
80.05 43.05  17364
80.05 43.55  22644
80.05 44.05  25571
80.05 44.55  12715
80.05 45.05  22075
80.05 45.55  18787
80.05 46.05  19738
80.05 46.55  25163
80.05 47.05  22015
80.05 47.55  23586
80.05 48.05  13233
80.05 48.55  21816
80.05 49.05  22898
80.05 49.55  19376
80.05 50.05  15373
80.05 50.55  22015
80.05 51.05  21361
80.05 51.55  7761
80.05 52.05  76
82.55 37.55  2076
82.55 38.05  16892
82.55 38.55  13255
82.55 39.05  11650
82.55 39.55  22441
82.55 40.05  17430
82.55 40.55  15312
82.55 41.05  17159
82.55 41.55  14703
82.55 42.05  18728
82.55 42.55  24453
82.55 43.05  16460
82.55 43.55  21547
82.55 44.05  19858
82.55 44.55  14388
82.55 45.05  21041
82.55 45.55  15926
82.55 46.05  14884
82.55 46.55  19163
82.55 47.05  17030
82.55 47.55  17505
82.55 48.05  11848
82.55 48.55  16188
82.55 49.05  16768
82.55 49.55  15844
82.55 50.05  13249
82.55 50.55  17048
82.55 51.05  16793
82.55 51.55  7111
82.55 52.05  67
85.05 37.55  2307
85.05 38.05  21065
85.05 38.55  15111
85.05 39.05  15974
85.05 39.55  25049
85.05 40.05  23242
85.05 40.55  21035
85.05 41.05  20731
85.05 41.55  23113
85.05 42.05  13581
85.05 42.55  22659
85.05 43.05  19013
85.05 43.55  20786
85.05 44.05  20194
85.05 44.55  20305
85.05 45.05  18328
85.05 45.55  21269
85.05 46.05  16508
85.05 46.55  21027
85.05 47.05  21870
85.05 47.55  22905
85.05 48.05  18092
85.05 48.55  18134
85.05 49.05  21190
85.05 49.55  22604
85.05 50.05  17159
85.05 50.55  19476
85.05 51.05  18862
85.05 51.55  8446
85.05 52.05  66
87.55 37.55  2366
87.55 38.05  16796
87.55 38.55  17520
87.55 39.05  24595
87.55 39.55  20282
87.55 40.05  19546
87.55 40.55  14707
87.55 41.05  13789
87.55 41.55  21133
87.55 42.05  10125
87.55 42.55  16534
87.55 43.05  19938
87.55 43.55  16821
87.55 44.05  14952
87.55 44.55  13586
87.55 45.05  12551
87.55 45.55  14129
87.55 46.05  14465
87.55 46.55  15426
87.55 47.05  15602
87.55 47.55  18082
87.55 48.05  14732
87.55 48.55  11912
87.55 49.05  16296
87.55 49.55  18959
87.55 50.05  13124
87.55 50.55  16233
87.55 51.05  14382
87.55 51.55  5768
87.55 52.05  36
90.05 37.55  4394
90.05 38.05  23662
90.05 38.55  17155
90.05 39.05  24072
90.05 39.55  21539
90.05 40.05  22684
90.05 40.55  19408
90.05 41.05  21098
90.05 41.55  21807
90.05 42.05  19647
90.05 42.55  18568
90.05 43.05  19949
90.05 43.55  21456
90.05 44.05  18771
90.05 44.55  18088
90.05 45.05  20473
90.05 45.55  19192
90.05 46.05  21046
90.05 46.55  18294
90.05 47.05  24430
90.05 47.55  23958
90.05 48.05  22206
90.05 48.55  15623
90.05 49.05  20770
90.05 49.55  23247
90.05 50.05  15587
90.05 50.55  20569
90.05 51.05  19892
90.05 51.55  8058
90.05 52.05  53
92.55 37.55  2969
92.55 38.05  18549
92.55 38.55  16531
92.55 39.05  12881
92.55 39.55  12336
92.55 40.05  20375
92.55 40.55  13223
92.55 41.05  12595
92.55 41.55  8067
92.55 42.05  14663
92.55 42.55  20793
92.55 43.05  14243
92.55 43.55  13121
92.55 44.05  13312
92.55 44.55  13347
92.55 45.05  14086
92.55 45.55  17256
92.55 46.05  16470
92.55 46.55  15769
92.55 47.05  21564
92.55 47.55  18880
92.55 48.05  18429
92.55 48.55  16531
92.55 49.05  17654
92.55 49.55  16374
92.55 50.05  12861
92.55 50.55  16415
92.55 51.05  16476
92.55 51.55  6523
92.55 52.05  80
95.05 37.55  2944
95.05 38.05  23167
95.05 38.55  21317
95.05 39.05  16806
95.05 39.55  21366
95.05 40.05  17229
95.05 40.55  16338
95.05 41.05  20688
95.05 41.55  19032
95.05 42.05  13797
95.05 42.55  28181
95.05 43.05  25083
95.05 43.55  21105
95.05 44.05  17259
95.05 44.55  15324
95.05 45.05  22416
95.05 45.55  22153
95.05 46.05  20861
95.05 46.55  18640
95.05 47.05  20525
95.05 47.55  21922
95.05 48.05  18372
95.05 48.55  22082
95.05 49.05  20923
95.05 49.55  18712
95.05 50.05  17484
95.05 50.55  22092
95.05 51.05  21518
95.05 51.55  8142
95.05 52.05  99
97.55 37.55  4952
97.55 38.05  23574
97.55 38.55  16272
97.55 39.05  20332
97.55 39.55  27500
97.55 40.05  10407
97.55 40.55  22707
97.55 41.05  27757
97.55 41.55  22700
97.55 42.05  13162
97.55 42.55  22970
97.55 43.05  19572
97.55 43.55  19903
97.55 44.05  14764
97.55 44.55  12270
97.55 45.05  19129
97.55 45.55  18205
97.55 46.05  14318
97.55 46.55  13868
97.55 47.05  15991
97.55 47.55  19775
97.55 48.05  11630
97.55 48.55  17597
97.55 49.05  17438
97.55 49.55  13157
97.55 50.05  14239
97.55 50.55  18509
97.55 51.05  17702
97.55 51.55  4928
97.55 52.05  28
100.05 37.55  3326
100.05 38.05  14406
100.05 38.55  11123
100.05 39.05  17408
100.05 39.55  23023
100.05 40.05  17782
100.05 40.55  21059
100.05 41.05  17148
100.05 41.55  23913
100.05 42.05  17528
100.05 42.55  26461
100.05 43.05  17956
100.05 43.55  21828
100.05 44.05  22343
100.05 44.55  17603
100.05 45.05  22717
100.05 45.55  24042
100.05 46.05  16678
100.05 46.55  19781
100.05 47.05  24145
100.05 47.55  27224
100.05 48.05  13909
100.05 48.55  24004
100.05 49.05  22392
100.05 49.55  15842
100.05 50.05  18566
100.05 50.55  22928
100.05 51.05  22650
100.05 51.55  4927
100.05 52.05  17
102.55 37.55  1747
102.55 38.05  12492
102.55 38.55  6178
102.55 39.05  9179
102.55 39.55  13719
102.55 40.05  12298
102.55 40.55  12079
102.55 41.05  14994
102.55 41.55  23075
102.55 42.05  18748
102.55 42.55  18259
102.55 43.05  15993
102.55 43.55  16317
102.55 44.05  14529
102.55 44.55  17031
102.55 45.05  23913
102.55 45.55  26620
102.55 46.05  15979
102.55 46.55  16264
102.55 47.05  18374
102.55 47.55  21338
102.55 48.05  14912
102.55 48.55  19002
102.55 49.05  17418
102.55 49.55  12979
102.55 50.05  14206
102.55 50.55  19126
102.55 51.05  18425
102.55 51.55  5451
102.55 52.05  57
105.05 37.55  2564
105.05 38.05  20298
105.05 38.55  15265
105.05 39.05  21699
105.05 39.55  23219
105.05 40.05  20313
105.05 40.55  20739
105.05 41.05  24737
105.05 41.55  21599
105.05 42.05  19162
105.05 42.55  17283
105.05 43.05  22392
105.05 43.55  18795
105.05 44.05  15194
105.05 44.55  20030
105.05 45.05  21112
105.05 45.55  16603
105.05 46.05  14406
105.05 46.55  18905
105.05 47.05  22492
105.05 47.55  26597
105.05 48.05  18826
105.05 48.55  17071
105.05 49.05  21621
105.05 49.55  18388
105.05 50.05  17814
105.05 50.55  21561
105.05 51.05  20742
105.05 51.55  8357
105.05 52.05  104
107.55 37.55  1003
107.55 38.05  15257
107.55 38.55  17815
107.55 39.05  18799
107.55 39.55  17589
107.55 40.05  25180
107.55 40.55  22846
107.55 41.05  21947
107.55 41.55  15324
107.55 42.05  16843
107.55 42.55  17656
107.55 43.05  16482
107.55 43.55  15001
107.55 44.05  14962
107.55 44.55  14427
107.55 45.05  16144
107.55 45.55  11692
107.55 46.05  11091
107.55 46.55  16280
107.55 47.05  20495
107.55 47.55  22464
107.55 48.05  12650
107.55 48.55  12968
107.55 49.05  15067
107.55 49.55  14109
107.55 50.05  16255
107.55 50.55  15543
107.55 51.05  15043
107.55 51.55  5467
107.55 52.05  56
110.05 37.55  830
110.05 38.05  17350
110.05 38.55  23020
110.05 39.05  22532
110.05 39.55  23036
110.05 40.05  20374
110.05 40.55  17237
110.05 41.05  21038
110.05 41.55  22163
110.05 42.05  17665
110.05 42.55  19110
110.05 43.05  21802
110.05 43.55  20969
110.05 44.05  20562
110.05 44.55  16834
110.05 45.05  21017
110.05 45.55  20176
110.05 46.05  16664
110.05 46.55  21271
110.05 47.05  23927
110.05 47.55  22882
110.05 48.05  15296
110.05 48.55  20796
110.05 49.05  22882
110.05 49.55  16333
110.05 50.05  20330
110.05 50.55  21418
110.05 51.05  21327
110.05 51.55  6363
110.05 52.05  64
112.55 37.55  568
112.55 38.05  15095
112.55 38.55  18443
112.55 39.05  13195
112.55 39.55  16015
112.55 40.05  11342
112.55 40.55  16451
112.55 41.05  20755
112.55 41.55  25878
112.55 42.05  15097
112.55 42.55  20112
112.55 43.05  16079
112.55 43.55  15859
112.55 44.05  15249
112.55 44.55  13188
112.55 45.05  16716
112.55 45.55  14846
112.55 46.05  16062
112.55 46.55  14162
112.55 47.05  14188
112.55 47.55  16629
112.55 48.05  12403
112.55 48.55  18295
112.55 49.05  21252
112.55 49.55  15092
112.55 50.05  16518
112.55 50.55  16608
112.55 51.05  16612
112.55 51.55  6541
112.55 52.05  51
115.05 37.55  592
115.05 38.05  14828
115.05 38.55  21740
115.05 39.05  17508
115.05 39.55  22826
115.05 40.05  19618
115.05 40.55  21940
115.05 41.05  14261
115.05 41.55  15866
115.05 42.05  12991
115.05 42.55  21119
115.05 43.05  16546
115.05 43.55  20198
115.05 44.05  19641
115.05 44.55  15410
115.05 45.05  20804
115.05 45.55  20816
115.05 46.05  22066
115.05 46.55  17150
115.05 47.05  21802
115.05 47.55  20962
115.05 48.05  15142
115.05 48.55  21460
115.05 49.05  19769
115.05 49.55  18876
115.05 50.05  18909
115.05 50.55  17434
115.05 51.05  18096
115.05 51.55  9013
115.05 52.05  78
117.55 37.55  147
117.55 38.05  3319
117.55 38.55  6445
117.55 39.05  6409
117.55 39.55  6635
117.55 40.05  5452
117.55 40.55  4681
117.55 41.05  1589
117.55 41.55  1829
117.55 42.05  2973
117.55 42.55  5898
117.55 43.05  6228
117.55 43.55  9616
117.55 44.05  7824
117.55 44.55  5417
117.55 45.05  6643
117.55 45.55  9223
117.55 46.05  7767
117.55 46.55  6822
117.55 47.05  11191
117.55 47.55  6775
117.55 48.05  5958
117.55 48.55  8238
117.55 49.05  5063
117.55 49.55  6574
117.55 50.05  7253
117.55 50.55  7119
117.55 51.05  7300
117.55 51.55  3772
117.55 52.05  39
120.05 37.55  5
120.05 38.05  108
120.05 38.55  245
120.05 39.05  203
120.05 39.55  133
120.05 40.05  148
120.05 40.55  96
120.05 41.05  51
120.05 41.55  28
120.05 42.05  125
120.05 42.55  318
120.05 43.05  403
120.05 43.55  744
120.05 44.05  552
120.05 44.55  377
120.05 45.05  356
120.05 45.55  754
120.05 46.05  481
120.05 46.55  395
120.05 47.05  1016
120.05 47.55  389
120.05 48.05  399
120.05 48.55  577
120.05 49.05  245
120.05 49.55  464
120.05 50.05  439
120.05 50.55  501
120.05 51.05  504
120.05 51.55  275
120.05 52.05  1
122.55 42.55  1
122.55 43.05  5
122.55 43.55  5
122.55 44.05  1
122.55 44.55  7
122.55 45.05  2
122.55 45.55  2
122.55 46.05  2
122.55 46.55  1
122.55 47.05  14
122.55 47.55  4
122.55 48.05  4
122.55 48.55  2
122.55 49.05  7
122.55 49.55  4
122.55 50.05  5
122.55 50.55  1
122.55 51.05  9
122.55 51.55  1
130.05 51.05  1
142.55 50.55  1
