-39.95 38.05  8
-39.95 38.55  4
-39.95 39.05  1
-39.95 39.55  8
-39.95 40.05  6
-39.95 40.55  21
-39.95 41.05  12
-39.95 42.05  4
-39.95 42.55  9
-39.95 43.05  2
-39.95 43.55  1
-39.95 44.05  6
-39.95 44.55  6
-39.95 45.05  4
-39.95 45.55  10
-39.95 46.05  7
-39.95 46.55  7
-39.95 47.05  2
-39.95 47.55  12
-39.95 48.05  8
-39.95 48.55  8
-39.95 49.05  1
-39.95 49.55  3
-39.95 50.05  9
-39.95 50.55  9
-39.95 51.05  5
-39.95 51.55  2
-37.45 37.55  28
-37.45 38.05  510
-37.45 38.55  554
-37.45 39.05  363
-37.45 39.55  725
-37.45 40.05  1145
-37.45 40.55  936
-37.45 41.05  550
-37.45 41.55  134
-37.45 42.05  392
-37.45 42.55  848
-37.45 43.05  561
-37.45 43.55  162
-37.45 44.05  309
-37.45 44.55  383
-37.45 45.05  211
-37.45 45.55  655
-37.45 46.05  805
-37.45 46.55  642
-37.45 47.05  344
-37.45 47.55  768
-37.45 48.05  722
-37.45 48.55  567
-37.45 49.05  430
-37.45 49.55  383
-37.45 50.05  672
-37.45 50.55  1102
-37.45 51.05  445
-37.45 51.55  131
-37.45 52.05  5
-34.95 37.55  1311
-34.95 38.05  25029
-34.95 38.55  35871
-34.95 39.05  22408
-34.95 39.55  30479
-34.95 40.05  35958
-34.95 40.55  24463
-34.95 41.05  26783
-34.95 41.55  20566
-34.95 42.05  21579
-34.95 42.55  38561
-34.95 43.05  32962
-34.95 43.55  20640
-34.95 44.05  17955
-34.95 44.55  24417
-34.95 45.05  25188
-34.95 45.55  23698
-34.95 46.05  36112
-34.95 46.55  27464
-34.95 47.05  30004
-34.95 47.55  33084
-34.95 48.05  23590
-34.95 48.55  28864
-34.95 49.05  29864
-34.95 49.55  25252
-34.95 50.05  28723
-34.95 50.55  31746
-34.95 51.05  26447
-34.95 51.55  12271
-34.95 52.05  223
-32.45 37.55  929
-32.45 38.05  14205
-32.45 38.55  18052
-32.45 39.05  13484
-32.45 39.55  14299
-32.45 40.05  17805
-32.45 40.55  13352
-32.45 41.05  15177
-32.45 41.55  23341
-32.45 42.05  13821
-32.45 42.55  17095
-32.45 43.05  16367
-32.45 43.55  22120
-32.45 44.05  12121
-32.45 44.55  12436
-32.45 45.05  20525
-32.45 45.55  17948
-32.45 46.05  17128
-32.45 46.55  9428
-32.45 47.05  16060
-32.45 47.55  17525
-32.45 48.05  12384
-32.45 48.55  19293
-32.45 49.05  14418
-32.45 49.55  13924
-32.45 50.05  16677
-32.45 50.55  14309
-32.45 51.05  18063
-32.45 51.55  7978
-32.45 52.05  118
-29.95 37.55  1397
-29.95 38.05  17266
-29.95 38.55  19344
-29.95 39.05  20178
-29.95 39.55  20814
-29.95 40.05  17220
-29.95 40.55  17856
-29.95 41.05  21313
-29.95 41.55  24584
-29.95 42.05  19320
-29.95 42.55  26463
-29.95 43.05  17331
-29.95 43.55  22975
-29.95 44.05  20194
-29.95 44.55  13530
-29.95 45.05  21627
-29.95 45.55  21381
-29.95 46.05  22731
-29.95 46.55  18225
-29.95 47.05  27482
-29.95 47.55  22900
-29.95 48.05  13081
-29.95 48.55  23516
-29.95 49.05  21324
-29.95 49.55  14024
-29.95 50.05  22552
-29.95 50.55  19911
-29.95 51.05  19419
-29.95 51.55  6890
-29.95 52.05  33
-27.45 37.55  859
-27.45 38.05  13987
-27.45 38.55  13430
-27.45 39.05  14200
-27.45 39.55  19147
-27.45 40.05  11760
-27.45 40.55  17281
-27.45 41.05  24111
-27.45 41.55  18007
-27.45 42.05  18306
-27.45 42.55  23596
-27.45 43.05  15514
-27.45 43.55  14602
-27.45 44.05  17863
-27.45 44.55  11765
-27.45 45.05  15213
-27.45 45.55  13220
-27.45 46.05  16552
-27.45 46.55  17860
-27.45 47.05  22441
-27.45 47.55  19042
-27.45 48.05  11598
-27.45 48.55  15673
-27.45 49.05  16194
-27.45 49.55  10338
-27.45 50.05  14829
-27.45 50.55  16586
-27.45 51.05  14013
-27.45 51.55  4958
-27.45 52.05  34
-24.95 37.55  863
-24.95 38.05  17978
-24.95 38.55  18383
-24.95 39.05  20148
-24.95 39.55  22131
-24.95 40.05  16850
-24.95 40.55  19354
-24.95 41.05  19010
-24.95 41.55  22384
-24.95 42.05  18891
-24.95 42.55  23161
-24.95 43.05  21258
-24.95 43.55  17279
-24.95 44.05  31004
-24.95 44.55  17025
-24.95 45.05  21209
-24.95 45.55  21298
-24.95 46.05  19649
-24.95 46.55  17777
-24.95 47.05  21849
-24.95 47.55  22191
-24.95 48.05  18099
-24.95 48.55  24363
-24.95 49.05  24392
-24.95 49.55  19199
-24.95 50.05  18580
-24.95 50.55  22450
-24.95 51.05  21148
-24.95 51.55  7355
-24.95 52.05  30
-22.45 37.55  1766
-22.45 38.05  13054
-22.45 38.55  11945
-22.45 39.05  13490
-22.45 39.55  21034
-22.45 40.05  15599
-22.45 40.55  14216
-22.45 41.05  13958
-22.45 41.55  20247
-22.45 42.05  16394
-22.45 42.55  16914
-22.45 43.05  11213
-22.45 43.55  12844
-22.45 44.05  28918
-22.45 44.55  19100
-22.45 45.05  17696
-22.45 45.55  15191
-22.45 46.05  16289
-22.45 46.55  14838
-22.45 47.05  17945
-22.45 47.55  18554
-22.45 48.05  11311
-22.45 48.55  10691
-22.45 49.05  18081
-22.45 49.55  21137
-22.45 50.05  15073
-22.45 50.55  17682
-22.45 51.05  15032
-22.45 51.55  6045
-22.45 52.05  46
-19.95 37.55  4287
-19.95 38.05  21034
-19.95 38.55  17218
-19.95 39.05  16417
-19.95 39.55  23027
-19.95 40.05  20874
-19.95 40.55  17353
-19.95 41.05  18900
-19.95 41.55  19760
-19.95 42.05  21660
-19.95 42.55  23880
-19.95 43.05  15944
-19.95 43.55  18684
-19.95 44.05  23323
-19.95 44.55  15385
-19.95 45.05  20558
-19.95 45.55  19576
-19.95 46.05  22052
-19.95 46.55  19653
-19.95 47.05  20739
-19.95 47.55  22553
-19.95 48.05  18714
-19.95 48.55  19080
-19.95 49.05  21284
-19.95 49.55  26346
-19.95 50.05  14226
-19.95 50.55  20740
-19.95 51.05  20436
-19.95 51.55  10248
-19.95 52.05  95
-17.45 37.55  3307
-17.45 38.05  21416
-17.45 38.55  16757
-17.45 39.05  16324
-17.45 39.55  16429
-17.45 40.05  15764
-17.45 40.55  13413
-17.45 41.05  15093
-17.45 41.55  13388
-17.45 42.05  18416
-17.45 42.55  17082
-17.45 43.05  14097
-17.45 43.55  16909
-17.45 44.05  11657
-17.45 44.55  10410
-17.45 45.05  16088
-17.45 45.55  16045
-17.45 46.05  16884
-17.45 46.55  16283
-17.45 47.05  14951
-17.45 47.55  16809
-17.45 48.05  18537
-17.45 48.55  20715
-17.45 49.05  15979
-17.45 49.55  11337
-17.45 50.05  9675
-17.45 50.55  13489
-17.45 51.05  18250
-17.45 51.55  8255
-17.45 52.05  71
-14.95 37.55  2487
-14.95 38.05  20888
-14.95 38.55  15602
-14.95 39.05  21910
-14.95 39.55  22436
-14.95 40.05  20460
-14.95 40.55  16693
-14.95 41.05  18578
-14.95 41.55  19206
-14.95 42.05  25070
-14.95 42.55  21876
-14.95 43.05  20112
-14.95 43.55  21706
-14.95 44.05  15173
-14.95 44.55  19982
-14.95 45.05  22339
-14.95 45.55  21378
-14.95 46.05  17788
-14.95 46.55  18581
-14.95 47.05  23406
-14.95 47.55  20729
-14.95 48.05  21726
-14.95 48.55  22156
-14.95 49.05  22201
-14.95 49.55  18915
-14.95 50.05  19821
-14.95 50.55  17796
-14.95 51.05  19550
-14.95 51.55  6282
-14.95 52.05  45
-12.45 37.55  1121
-12.45 38.05  12912
-12.45 38.55  12708
-12.45 39.05  13604
-12.45 39.55  19482
-12.45 40.05  17572
-12.45 40.55  12887
-12.45 41.05  10199
-12.45 41.55  15727
-12.45 42.05  14419
-12.45 42.55  18755
-12.45 43.05  18921
-12.45 43.55  19214
-12.45 44.05  16389
-12.45 44.55  17191
-12.45 45.05  17145
-12.45 45.55  19212
-12.45 46.05  11749
-12.45 46.55  15934
-12.45 47.05  24272
-12.45 47.55  13352
-12.45 48.05  11063
-12.45 48.55  12969
-12.45 49.05  14513
-12.45 49.55  16913
-12.45 50.05  15803
-12.45 50.55  17285
-12.45 51.05  13164
-12.45 51.55  4044
-12.45 52.05  15
-9.95 37.55  1057
-9.95 38.05  18284
-9.95 38.55  25621
-9.95 39.05  16628
-9.95 39.55  22450
-9.95 40.05  19760
-9.95 40.55  21210
-9.95 41.05  17210
-9.95 41.55  20416
-9.95 42.05  16644
-9.95 42.55  23317
-9.95 43.05  18736
-9.95 43.55  20794
-9.95 44.05  22834
-9.95 44.55  17554
-9.95 45.05  22724
-9.95 45.55  24751
-9.95 46.05  12272
-9.95 46.55  21772
-9.95 47.05  22315
-9.95 47.55  20167
-9.95 48.05  13200
-9.95 48.55  21351
-9.95 49.05  22405
-9.95 49.55  19468
-9.95 50.05  16818
-9.95 50.55  22348
-9.95 51.05  21306
-9.95 51.55  6429
-9.95 52.05  44
-7.45 37.55  1400
-7.45 38.05  15872
-7.45 38.55  18928
-7.45 39.05  12144
-7.45 39.55  13973
-7.45 40.05  16026
-7.45 40.55  17910
-7.45 41.05  14808
-7.45 41.55  9501
-7.45 42.05  11125
-7.45 42.55  16634
-7.45 43.05  13105
-7.45 43.55  14417
-7.45 44.05  20475
-7.45 44.55  15298
-7.45 45.05  17302
-7.45 45.55  11804
-7.45 46.05  7177
-7.45 46.55  13603
-7.45 47.05  14058
-7.45 47.55  25561
-7.45 48.05  13784
-7.45 48.55  17086
-7.45 49.05  27992
-7.45 49.55  15166
-7.45 50.05  14957
-7.45 50.55  20683
-7.45 51.05  20874
-7.45 51.55  6762
-7.45 52.05  48
-4.95 37.55  2512
-4.95 38.05  20698
-4.95 38.55  20596
-4.95 39.05  13922
-4.95 39.55  22017
-4.95 40.05  21670
-4.95 40.55  19096
-4.95 41.05  19098
-4.95 41.55  18808
-4.95 42.05  16882
-4.95 42.55  21773
-4.95 43.05  20857
-4.95 43.55  23476
-4.95 44.05  20204
-4.95 44.55  15737
-4.95 45.05  21564
-4.95 45.55  20573
-4.95 46.05  15669
-4.95 46.55  19650
-4.95 47.05  21914
-4.95 47.55  26620
-4.95 48.05  19197
-4.95 48.55  18600
-4.95 49.05  20408
-4.95 49.55  16617
-4.95 50.05  18757
-4.95 50.55  21518
-4.95 51.05  20378
-4.95 51.55  7349
-4.95 52.05  61
-2.45 37.55  1384
-2.45 38.05  13163
-2.45 38.55  13995
-2.45 39.05  11936
-2.45 39.55  14518
-2.45 40.05  13291
-2.45 40.55  15651
-2.45 41.05  22867
-2.45 41.55  24667
-2.45 42.05  18711
-2.45 42.55  20761
-2.45 43.05  18476
-2.45 43.55  20373
-2.45 44.05  11735
-2.45 44.55  8626
-2.45 45.05  16032
-2.45 45.55  17923
-2.45 46.05  17650
-2.45 46.55  23890
-2.45 47.05  22385
-2.45 47.55  20003
-2.45 48.05  15555
-2.45 48.55  17779
-2.45 49.05  12706
-2.45 49.55  13424
-2.45 50.05  11455
-2.45 50.55  10312
-2.45 51.05  12290
-2.45 51.55  3907
-2.45 52.05  22
0.05 37.55  1134
0.05 38.05  15926
0.05 38.55  17041
0.05 39.05  22895
0.05 39.55  24672
0.05 40.05  20844
0.05 40.55  15899
0.05 41.05  25389
0.05 41.55  23747
0.05 42.05  19946
0.05 42.55  22221
0.05 43.05  19677
0.05 43.55  18387
0.05 44.05  17901
0.05 44.55  15896
0.05 45.05  22896
0.05 45.55  22274
0.05 46.05  17165
0.05 46.55  22947
0.05 47.05  25235
0.05 47.55  24205
0.05 48.05  15121
0.05 48.55  20370
0.05 49.05  21670
0.05 49.55  21742
0.05 50.05  17576
0.05 50.55  18832
0.05 51.05  19776
0.05 51.55  4220
0.05 52.05  14
2.55 37.55  1331
2.55 38.05  17742
2.55 38.55  15849
2.55 39.05  19110
2.55 39.55  37569
2.55 40.05  19338
2.55 40.55  6871
2.55 41.05  8763
2.55 41.55  21768
2.55 42.05  16538
2.55 42.55  16311
2.55 43.05  15743
2.55 43.55  20217
2.55 44.05  20547
2.55 44.55  14506
2.55 45.05  19338
2.55 45.55  22943
2.55 46.05  14832
2.55 46.55  12687
2.55 47.05  20451
2.55 47.55  17398
2.55 48.05  7581
2.55 48.55  10047
2.55 49.05  17722
2.55 49.55  17016
2.55 50.05  17958
2.55 50.55  16145
2.55 51.05  20345
2.55 51.55  4988
2.55 52.05  28
5.05 37.55  2711
5.05 38.05  23242
5.05 38.55  18683
5.05 39.05  18933
5.05 39.55  15022
5.05 40.05  17760
5.05 40.55  5780
5.05 41.05  5094
5.05 41.55  20506
5.05 42.05  21910
5.05 42.55  17850
5.05 43.05  19625
5.05 43.55  19693
5.05 44.05  19986
5.05 44.55  14588
5.05 45.05  20539
5.05 45.55  24081
5.05 46.05  18610
5.05 46.55  21707
5.05 47.05  24821
5.05 47.55  22488
5.05 48.05  11563
5.05 48.55  15623
5.05 49.05  23637
5.05 49.55  22825
5.05 50.05  20605
5.05 50.55  15854
5.05 51.05  21058
5.05 51.55  6505
5.05 52.05  29
7.55 37.55  3165
7.55 38.05  23135
7.55 38.55  17125
7.55 39.05  20343
7.55 39.55  7602
7.55 40.05  23973
7.55 40.55  17921
7.55 41.05  21571
7.55 41.55  13740
7.55 42.05  13213
7.55 42.55  14252
7.55 43.05  13140
7.55 43.55  10547
7.55 44.05  18302
7.55 44.55  18299
7.55 45.05  14660
7.55 45.55  15540
7.55 46.05  12637
7.55 46.55  15742
7.55 47.05  17054
7.55 47.55  15491
7.55 48.05  14637
7.55 48.55  24044
7.55 49.05  19743
7.55 49.55  18822
7.55 50.05  11925
7.55 50.55  10342
7.55 51.05  15141
7.55 51.55  4847
7.55 52.05  27
10.05 37.55  2588
10.05 38.05  19697
10.05 38.55  12787
10.05 39.05  20821
10.05 39.55  21788
10.05 40.05  22869
10.05 40.55  25573
10.05 41.05  24380
10.05 41.55  23217
10.05 42.05  17798
10.05 42.55  25530
10.05 43.05  19285
10.05 43.55  20278
10.05 44.05  20440
10.05 44.55  20458
10.05 45.05  21527
10.05 45.55  23844
10.05 46.05  21378
10.05 46.55  22772
10.05 47.05  23538
10.05 47.55  20265
10.05 48.05  17910
10.05 48.55  23476
10.05 49.05  22830
10.05 49.55  23969
10.05 50.05  15478
10.05 50.55  16104
10.05 51.05  18988
10.05 51.55  7108
10.05 52.05  52
12.55 37.55  1140
12.55 38.05  8473
12.55 38.55  8392
12.55 39.05  12327
12.55 39.55  20279
12.55 40.05  16899
12.55 40.55  17283
12.55 41.05  16627
12.55 41.55  15351
12.55 42.05  15762
12.55 42.55  24119
12.55 43.05  15479
12.55 43.55  19499
12.55 44.05  13286
12.55 44.55  13770
12.55 45.05  17931
12.55 45.55  20870
12.55 46.05  19823
12.55 46.55  22196
12.55 47.05  21795
12.55 47.55  19300
12.55 48.05  14422
12.55 48.55  17033
12.55 49.05  17216
12.55 49.55  20669
12.55 50.05  16608
12.55 50.55  20101
12.55 51.05  18827
12.55 51.55  5535
12.55 52.05  29
15.05 37.55  1978
15.05 38.05  20080
15.05 38.55  19231
15.05 39.05  18137
15.05 39.55  23333
15.05 40.05  21740
15.05 40.55  17464
15.05 41.05  19924
15.05 41.55  16360
15.05 42.05  21103
15.05 42.55  33961
15.05 43.05  14887
15.05 43.55  21836
15.05 44.05  17093
15.05 44.55  19598
15.05 45.05  23159
15.05 45.55  20242
15.05 46.05  18927
15.05 46.55  25688
15.05 47.05  25439
15.05 47.55  24442
15.05 48.05  18137
15.05 48.55  21872
15.05 49.05  22715
15.05 49.55  21769
15.05 50.05  21378
15.05 50.55  22186
15.05 51.05  21367
15.05 51.55  5223
15.05 52.05  29
17.55 37.55  4717
17.55 38.05  26492
17.55 38.55  15496
17.55 39.05  20601
17.55 39.55  15840
17.55 40.05  12811
17.55 40.55  11088
17.55 41.05  12818
17.55 41.55  19249
17.55 42.05  21270
17.55 42.55  23829
17.55 43.05  13436
17.55 43.55  18233
17.55 44.05  18586
17.55 44.55  21924
17.55 45.05  16507
17.55 45.55  12194
17.55 46.05  14713
17.55 46.55  20996
17.55 47.05  19192
17.55 47.55  28962
17.55 48.05  17681
17.55 48.55  18056
17.55 49.05  22484
17.55 49.55  17709
17.55 50.05  16378
17.55 50.55  17781
17.55 51.05  15879
17.55 51.55  4260
17.55 52.05  19
20.05 37.55  5240
20.05 38.05  20581
20.05 38.55  10775
20.05 39.05  26061
20.05 39.55  18930
20.05 40.05  18639
20.05 40.55  14758
20.05 41.05  10733
20.05 41.55  16123
20.05 42.05  24265
20.05 42.55  24329
20.05 43.05  21146
20.05 43.55  20348
20.05 44.05  15956
20.05 44.55  20910
20.05 45.05  19356
20.05 45.55  20438
20.05 46.05  15495
20.05 46.55  13232
20.05 47.05  15213
20.05 47.55  28468
20.05 48.05  20334
20.05 48.55  20688
20.05 49.05  22018
20.05 49.55  19458
20.05 50.05  16254
20.05 50.55  22166
20.05 51.05  22153
20.05 51.55  5924
20.05 52.05  41
22.55 37.55  1288
22.55 38.05  7263
22.55 38.55  3500
22.55 39.05  9203
22.55 39.55  13703
22.55 40.05  14196
22.55 40.55  20623
22.55 41.05  25128
22.55 41.55  13944
22.55 42.05  20879
22.55 42.55  22103
22.55 43.05  22630
22.55 43.55  8562
22.55 44.05  11695
22.55 44.55  15395
22.55 45.05  16911
22.55 45.55  21197
22.55 46.05  14858
22.55 46.55  10197
22.55 47.05  11195
22.55 47.55  15124
22.55 48.05  16643
22.55 48.55  14054
22.55 49.05  16479
22.55 49.55  16011
22.55 50.05  12021
22.55 50.55  16761
22.55 51.05  16860
22.55 51.55  6538
22.55 52.05  85
25.05 37.55  1677
25.05 38.05  18155
25.05 38.55  9466
25.05 39.05  9869
25.05 39.55  22125
25.05 40.05  16994
25.05 40.55  25799
25.05 41.05  23300
25.05 41.55  22270
25.05 42.05  21330
25.05 42.55  17530
25.05 43.05  21763
25.05 43.55  19936
25.05 44.05  16822
25.05 44.55  16703
25.05 45.05  21948
25.05 45.55  20250
25.05 46.05  15394
25.05 46.55  20722
25.05 47.05  23338
25.05 47.55  22009
25.05 48.05  23106
25.05 48.55  17612
25.05 49.05  22579
25.05 49.55  18998
25.05 50.05  18868
25.05 50.55  21276
25.05 51.05  19102
25.05 51.55  9745
25.05 52.05  154
27.55 37.55  2012
27.55 38.05  18824
27.55 38.55  16127
27.55 39.05  19769
27.55 39.55  23104
27.55 40.05  16811
27.55 40.55  15138
27.55 41.05  17563
27.55 41.55  9172
27.55 42.05  10640
27.55 42.55  17402
27.55 43.05  14394
27.55 43.55  31377
27.55 44.05  13885
27.55 44.55  18433
27.55 45.05  19313
27.55 45.55  12283
27.55 46.05  13096
27.55 46.55  14179
27.55 47.05  23620
27.55 47.55  18786
27.55 48.05  17298
27.55 48.55  12944
27.55 49.05  11747
27.55 49.55  15581
27.55 50.05  18251
27.55 50.55  15990
27.55 51.05  15996
27.55 51.55  7970
27.55 52.05  105
30.05 37.55  1965
30.05 38.05  20505
30.05 38.55  16153
30.05 39.05  18844
30.05 39.55  25723
30.05 40.05  24582
30.05 40.55  11568
30.05 41.05  21838
30.05 41.55  17935
30.05 42.05  12552
30.05 42.55  27210
30.05 43.05  20312
30.05 43.55  21552
30.05 44.05  10794
30.05 44.55  22843
30.05 45.05  23938
30.05 45.55  21049
30.05 46.05  20802
30.05 46.55  15671
30.05 47.05  20808
30.05 47.55  23155
30.05 48.05  18788
30.05 48.55  17682
30.05 49.05  20541
30.05 49.55  14767
30.05 50.05  17950
30.05 50.55  21709
30.05 51.05  19434
30.05 51.55  8619
30.05 52.05  83
32.55 37.55  1669
32.55 38.05  17825
32.55 38.55  20274
32.55 39.05  22785
32.55 39.55  17311
32.55 40.05  12164
32.55 40.55  8392
32.55 41.05  15312
32.55 41.55  28511
32.55 42.05  13499
32.55 42.55  17403
32.55 43.05  15499
32.55 43.55  9771
32.55 44.05  4951
32.55 44.55  11067
32.55 45.05  15872
32.55 45.55  19219
32.55 46.05  13350
32.55 46.55  9618
32.55 47.05  14999
32.55 47.55  18414
32.55 48.05  16127
32.55 48.55  13576
32.55 49.05  16467
32.55 49.55  11514
32.55 50.05  12405
32.55 50.55  15542
32.55 51.05  13784
32.55 51.55  5659
32.55 52.05  50
35.05 37.55  2110
35.05 38.05  19965
35.05 38.55  20249
35.05 39.05  21513
35.05 39.55  21164
35.05 40.05  17549
35.05 40.55  16316
35.05 41.05  21420
35.05 41.55  23193
35.05 42.05  22365
35.05 42.55  28621
35.05 43.05  21077
35.05 43.55  20919
35.05 44.05  12190
35.05 44.55  19218
35.05 45.05  19798
35.05 45.55  20626
35.05 46.05  15630
35.05 46.55  19009
35.05 47.05  22707
35.05 47.55  23044
35.05 48.05  23099
35.05 48.55  19651
35.05 49.05  20954
35.05 49.55  20193
35.05 50.05  19262
35.05 50.55  19740
35.05 51.05  20428
35.05 51.55  8218
35.05 52.05  80
37.55 37.55  2438
37.55 38.05  19908
37.55 38.55  16507
37.55 39.05  16393
37.55 39.55  20382
37.55 40.05  23446
37.55 40.55  15795
37.55 41.05  17983
37.55 41.55  16407
37.55 42.05  20376
37.55 42.55  27019
37.55 43.05  14358
37.55 43.55  18025
37.55 44.05  17263
37.55 44.55  20937
37.55 45.05  17290
37.55 45.55  15552
37.55 46.05  17570
37.55 46.55  20871
37.55 47.05  17222
37.55 47.55  19671
37.55 48.05  14485
37.55 48.55  13040
37.55 49.05  16862
37.55 49.55  16984
37.55 50.05  14374
37.55 50.55  16262
37.55 51.05  18718
37.55 51.55  7121
37.55 52.05  43
40.05 37.55  4107
40.05 38.05  21430
40.05 38.55  16980
40.05 39.05  15718
40.05 39.55  22102
40.05 40.05  23569
40.05 40.55  18086
40.05 41.05  21802
40.05 41.55  21875
40.05 42.05  11440
40.05 42.55  20124
40.05 43.05  18009
40.05 43.55  21909
40.05 44.05  20665
40.05 44.55  17979
40.05 45.05  20626
40.05 45.55  20125
40.05 46.05  21575
40.05 46.55  18868
40.05 47.05  21621
40.05 47.55  23808
40.05 48.05  16351
40.05 48.55  19939
40.05 49.05  22912
40.05 49.55  21340
40.05 50.05  15247
40.05 50.55  22194
40.05 51.05  21768
40.05 51.55  7390
40.05 52.05  56
42.55 37.55  2589
42.55 38.05  16003
42.55 38.55  10420
42.55 39.05  8734
42.55 39.55  14956
42.55 40.05  15699
42.55 40.55  11893
42.55 41.05  17886
42.55 41.55  10346
42.55 42.05  9562
42.55 42.55  15819
42.55 43.05  13165
42.55 43.55  13604
42.55 44.05  14125
42.55 44.55  9640
42.55 45.05  13033
42.55 45.55  23280
42.55 46.05  20543
42.55 46.55  17626
42.55 47.05  16121
42.55 47.55  16108
42.55 48.05  13593
42.55 48.55  17148
42.55 49.05  19545
42.55 49.55  17695
42.55 50.05  12313
42.55 50.55  17595
42.55 51.05  17200
42.55 51.55  5647
42.55 52.05  45
45.05 37.55  2501
45.05 38.05  19298
45.05 38.55  13036
45.05 39.05  15047
45.05 39.55  19816
45.05 40.05  22255
45.05 40.55  18590
45.05 41.05  23574
45.05 41.55  16878
45.05 42.05  18130
45.05 42.55  23179
45.05 43.05  18641
45.05 43.55  19844
45.05 44.05  21700
45.05 44.55  13639
45.05 45.05  19789
45.05 45.55  14373
45.05 46.05  16406
45.05 46.55  23863
45.05 47.05  22936
45.05 47.55  20853
45.05 48.05  19912
45.05 48.55  19989
45.05 49.05  22517
45.05 49.55  19974
45.05 50.05  15597
45.05 50.55  22145
45.05 51.05  21222
45.05 51.55  6578
45.05 52.05  46
47.55 37.55  999
47.55 38.05  9509
47.55 38.55  13804
47.55 39.05  14009
47.55 39.55  7937
47.55 40.05  22118
47.55 40.55  20524
47.55 41.05  12942
47.55 41.55  22651
47.55 42.05  15904
47.55 42.55  17431
47.55 43.05  17593
47.55 43.55  18515
47.55 44.05  23300
47.55 44.55  17603
47.55 45.05  16808
47.55 45.55  7390
47.55 46.05  8979
47.55 46.55  15419
47.55 47.05  21985
47.55 47.55  16188
47.55 48.05  12733
47.55 48.55  12257
47.55 49.05  16720
47.55 49.55  16111
47.55 50.05  12301
47.55 50.55  17478
47.55 51.05  15362
47.55 51.55  5161
47.55 52.05  53
50.05 37.55  159
50.05 38.05  10497
50.05 38.55  25680
50.05 39.05  9060
50.05 39.55  14926
50.05 40.05  18546
50.05 40.55  19064
50.05 41.05  18574
50.05 41.55  21950
50.05 42.05  20099
50.05 42.55  21770
50.05 43.05  23485
50.05 43.55  23588
50.05 44.05  20241
50.05 44.55  20635
50.05 45.05  20883
50.05 45.55  16515
50.05 46.05  19396
50.05 46.55  19233
50.05 47.05  20527
50.05 47.55  20757
50.05 48.05  17499
50.05 48.55  18219
50.05 49.05  21488
50.05 49.55  23431
50.05 50.05  15091
50.05 50.55  20480
50.05 51.05  20000
50.05 51.55  8560
50.05 52.05  120
52.55 37.55  43
52.55 38.05  6871
52.55 38.55  28461
52.55 39.05  16645
52.55 39.55  23495
52.55 40.05  16243
52.55 40.55  10320
52.55 41.05  18059
52.55 41.55  18347
52.55 42.05  14295
52.55 42.55  14726
52.55 43.05  19468
52.55 43.55  28582
52.55 44.05  15227
52.55 44.55  17915
52.55 45.05  16731
52.55 45.55  13072
52.55 46.05  16128
52.55 46.55  16421
52.55 47.05  15183
52.55 47.55  19195
52.55 48.05  19580
52.55 48.55  17841
52.55 49.05  18452
52.55 49.55  18558
52.55 50.05  12511
52.55 50.55  15544
52.55 51.05  17059
52.55 51.55  6176
52.55 52.05  44
55.05 37.55  253
55.05 38.05  8041
55.05 38.55  22584
55.05 39.05  21719
55.05 39.55  21806
55.05 40.05  22706
55.05 40.55  8510
55.05 41.05  22521
55.05 41.55  23734
55.05 42.05  22717
55.05 42.55  22636
55.05 43.05  21107
55.05 43.55  22195
55.05 44.05  15411
55.05 44.55  21040
55.05 45.05  21590
55.05 45.55  22233
55.05 46.05  17650
55.05 46.55  21791
55.05 47.05  22737
55.05 47.55  22347
55.05 48.05  22075
55.05 48.55  16693
55.05 49.05  19647
55.05 49.55  22102
55.05 50.05  17838
55.05 50.55  21772
55.05 51.05  21915
55.05 51.55  5652
55.05 52.05  21
57.55 37.55  1109
57.55 38.05  22269
57.55 38.55  24803
57.55 39.05  17352
57.55 39.55  15583
57.55 40.05  17332
57.55 40.55  9789
57.55 41.05  19578
57.55 41.55  17773
57.55 42.05  17143
57.55 42.55  19668
57.55 43.05  15186
57.55 43.55  16184
57.55 44.05  18128
57.55 44.55  18404
57.55 45.05  26991
57.55 45.55  19609
57.55 46.05  17797
57.55 46.55  17851
57.55 47.05  19451
57.55 47.55  15177
57.55 48.05  13444
57.55 48.55  14598
57.55 49.05  14771
57.55 49.55  15077
57.55 50.05  16923
57.55 50.55  18187
57.55 51.05  17339
57.55 51.55  5833
57.55 52.05  44
60.05 37.55  943
60.05 38.05  14582
60.05 38.55  26183
60.05 39.05  16245
60.05 39.55  17925
60.05 40.05  19737
60.05 40.55  16554
60.05 41.05  21254
60.05 41.55  23345
60.05 42.05  18642
60.05 42.55  24852
60.05 43.05  19781
60.05 43.55  20844
60.05 44.05  23320
60.05 44.55  15556
60.05 45.05  16490
60.05 45.55  17328
60.05 46.05  22406
60.05 46.55  21684
60.05 47.05  22145
60.05 47.55  22217
60.05 48.05  15058
60.05 48.55  21080
60.05 49.05  24790
60.05 49.55  17071
60.05 50.05  23212
60.05 50.55  21491
60.05 51.05  19673
60.05 51.55  8383
60.05 52.05  56
62.55 37.55  2580
62.55 38.05  28612
62.55 38.55  19964
62.55 39.05  16348
62.55 39.55  19856
62.55 40.05  12662
62.55 40.55  13712
62.55 41.05  15820
62.55 41.55  20056
62.55 42.05  15518
62.55 42.55  21336
62.55 43.05  14414
62.55 43.55  11642
62.55 44.05  11461
62.55 44.55  7724
62.55 45.05  3958
62.55 45.55  15773
62.55 46.05  15278
62.55 46.55  16242
62.55 47.05  20296
62.55 47.55  20632
62.55 48.05  15030
62.55 48.55  17896
62.55 49.05  17790
62.55 49.55  13708
62.55 50.05  17532
62.55 50.55  15821
62.55 51.05  15420
62.55 51.55  6414
62.55 52.05  43
65.05 37.55  3104
65.05 38.05  25301
65.05 38.55  18655
65.05 39.05  21521
65.05 39.55  22109
65.05 40.05  16657
65.05 40.55  20309
65.05 41.05  18510
65.05 41.55  20815
65.05 42.05  16087
65.05 42.55  24597
65.05 43.05  21882
65.05 43.55  24393
65.05 44.05  15756
65.05 44.55  16477
65.05 45.05  8996
65.05 45.55  21912
65.05 46.05  16184
65.05 46.55  21527
65.05 47.05  23014
65.05 47.55  21669
65.05 48.05  17645
65.05 48.55  19417
65.05 49.05  21764
65.05 49.55  15370
65.05 50.05  21843
65.05 50.55  20555
65.05 51.05  20424
65.05 51.55  8511
65.05 52.05  83
67.55 37.55  1695
67.55 38.05  16282
67.55 38.55  13611
67.55 39.05  12577
67.55 39.55  15717
67.55 40.05  17641
67.55 40.55  15853
67.55 41.05  12229
67.55 41.55  17270
67.55 42.05  14541
67.55 42.55  19247
67.55 43.05  18671
67.55 43.55  20067
67.55 44.05  16930
67.55 44.55  26168
67.55 45.05  30345
67.55 45.55  18898
67.55 46.05  13581
67.55 46.55  16056
67.55 47.05  15754
67.55 47.55  16428
67.55 48.05  13496
67.55 48.55  15169
67.55 49.05  18696
67.55 49.55  11328
67.55 50.05  16796
67.55 50.55  15901
67.55 51.05  15839
67.55 51.55  6062
67.55 52.05  68
70.05 37.55  1476
70.05 38.05  21044
70.05 38.55  23390
70.05 39.05  15214
70.05 39.55  19040
70.05 40.05  21692
70.05 40.55  20003
70.05 41.05  18507
70.05 41.55  21328
70.05 42.05  17143
70.05 42.55  20270
70.05 43.05  23897
70.05 43.55  22432
70.05 44.05  16130
70.05 44.55  24504
70.05 45.05  29218
70.05 45.55  22303
70.05 46.05  16456
70.05 46.55  20761
70.05 47.05  21776
70.05 47.55  22186
70.05 48.05  19425
70.05 48.55  19992
70.05 49.05  22328
70.05 49.55  16149
70.05 50.05  21706
70.05 50.55  19817
70.05 51.05  20756
70.05 51.55  7242
70.05 52.05  33
72.55 37.55  514
72.55 38.05  7561
72.55 38.55  17720
72.55 39.05  16933
72.55 39.55  24111
72.55 40.05  15477
72.55 40.55  15614
72.55 41.05  16684
72.55 41.55  19242
72.55 42.05  10755
72.55 42.55  11512
72.55 43.05  20512
72.55 43.55  19614
72.55 44.05  8769
72.55 44.55  13033
72.55 45.05  21293
72.55 45.55  14752
72.55 46.05  15206
72.55 46.55  16379
72.55 47.05  14655
72.55 47.55  17196
72.55 48.05  17885
72.55 48.55  13297
72.55 49.05  17006
72.55 49.55  15261
72.55 50.05  19141
72.55 50.55  16578
72.55 51.05  17604
72.55 51.55  4670
72.55 52.05  24
75.05 37.55  846
75.05 38.05  13724
75.05 38.55  22643
75.05 39.05  17948
75.05 39.55  21930
75.05 40.05  19253
75.05 40.55  19549
75.05 41.05  24096
75.05 41.55  22959
75.05 42.05  18042
75.05 42.55  18412
75.05 43.05  23703
75.05 43.55  22021
75.05 44.05  15710
75.05 44.55  20351
75.05 45.05  20781
75.05 45.55  16855
75.05 46.05  21993
75.05 46.55  23644
75.05 47.05  20802
75.05 47.55  19904
75.05 48.05  24384
75.05 48.55  14323
75.05 49.05  20805
75.05 49.55  19699
75.05 50.05  23354
75.05 50.55  19162
75.05 51.05  20615
75.05 51.55  4562
75.05 52.05  24
77.55 37.55  1003
77.55 38.05  16373
77.55 38.55  18191
77.55 39.05  11372
77.55 39.55  14818
77.55 40.05  26939
77.55 40.55  17527
77.55 41.05  22293
77.55 41.55  21852
77.55 42.05  19388
77.55 42.55  17871
77.55 43.05  13777
77.55 43.55  8628
77.55 44.05  10461
77.55 44.55  16288
77.55 45.05  16620
77.55 45.55  15350
77.55 46.05  16975
77.55 46.55  20007
77.55 47.05  22443
77.55 47.55  19462
77.55 48.05  17075
77.55 48.55  13873
77.55 49.05  15908
77.55 49.55  16617
77.55 50.05  17117
77.55 50.55  16051
77.55 51.05  15755
77.55 51.55  4527
77.55 52.05  20
80.05 37.55  1765
80.05 38.05  19093
80.05 38.55  21889
80.05 39.05  14079
80.05 39.55  17850
80.05 40.05  22147
80.05 40.55  10901
80.05 41.05  24207
80.05 41.55  20412
80.05 42.05  20645
80.05 42.55  25065
80.05 43.05  20678
80.05 43.55  19843
80.05 44.05  15839
80.05 44.55  20150
80.05 45.05  19230
80.05 45.55  20046
80.05 46.05  18625
80.05 46.55  20084
80.05 47.05  23520
80.05 47.55  21588
80.05 48.05  16297
80.05 48.55  19791
80.05 49.05  21908
80.05 49.55  19422
80.05 50.05  16831
80.05 50.55  21556
80.05 51.05  21413
80.05 51.55  7117
80.05 52.05  50
82.55 37.55  4232
82.55 38.05  25460
82.55 38.55  15556
82.55 39.05  14594
82.55 39.55  19721
82.55 40.05  21008
82.55 40.55  14341
82.55 41.05  11656
82.55 41.55  9993
82.55 42.05  18467
82.55 42.55  22396
82.55 43.05  17957
82.55 43.55  25994
82.55 44.05  14715
82.55 44.55  14174
82.55 45.05  15424
82.55 45.55  15297
82.55 46.05  13129
82.55 46.55  14821
82.55 47.05  16527
82.55 47.55  16431
82.55 48.05  13356
82.55 48.55  14990
82.55 49.05  16681
82.55 49.55  17435
82.55 50.05  12643
82.55 50.55  16283
82.55 51.05  17162
82.55 51.55  7127
82.55 52.05  67
85.05 37.55  6937
85.05 38.05  23414
85.05 38.55  10763
85.05 39.05  21184
85.05 39.55  24410
85.05 40.05  16198
85.05 40.55  17272
85.05 41.05  21403
85.05 41.55  23545
85.05 42.05  19586
85.05 42.55  23284
85.05 43.05  21251
85.05 43.55  20814
85.05 44.05  21340
85.05 44.55  17954
85.05 45.05  19202
85.05 45.55  19379
85.05 46.05  15465
85.05 46.55  21650
85.05 47.05  22914
85.05 47.55  23066
85.05 48.05  16253
85.05 48.55  19167
85.05 49.05  22305
85.05 49.55  21036
85.05 50.05  15884
85.05 50.55  19162
85.05 51.05  18677
85.05 51.55  8873
85.05 52.05  112
87.55 37.55  3490
87.55 38.05  13767
87.55 38.55  7262
87.55 39.05  14122
87.55 39.55  18423
87.55 40.05  12512
87.55 40.55  14604
87.55 41.05  26265
87.55 41.55  30131
87.55 42.05  16763
87.55 42.55  19344
87.55 43.05  18291
87.55 43.55  17168
87.55 44.05  18529
87.55 44.55  14601
87.55 45.05  16161
87.55 45.55  18916
87.55 46.05  13940
87.55 46.55  15892
87.55 47.05  17659
87.55 47.55  20374
87.55 48.05  11956
87.55 48.55  16692
87.55 49.05  17986
87.55 49.55  16910
87.55 50.05  11433
87.55 50.55  14214
87.55 51.05  14930
87.55 51.55  6030
87.55 52.05  57
90.05 37.55  3590
90.05 38.05  21666
90.05 38.55  19868
90.05 39.05  16777
90.05 39.55  19694
90.05 40.05  19840
90.05 40.55  19691
90.05 41.05  23941
90.05 41.55  20086
90.05 42.05  21933
90.05 42.55  22132
90.05 43.05  18972
90.05 43.55  20426
90.05 44.05  17315
90.05 44.55  16019
90.05 45.05  23322
90.05 45.55  21275
90.05 46.05  18852
90.05 46.55  21400
90.05 47.05  23427
90.05 47.55  25632
90.05 48.05  16461
90.05 48.55  21505
90.05 49.05  22577
90.05 49.55  22700
90.05 50.05  14199
90.05 50.55  21653
90.05 51.05  21092
90.05 51.55  7077
90.05 52.05  42
92.55 37.55  2216
92.55 38.05  17983
92.55 38.55  21923
92.55 39.05  16937
92.55 39.55  17874
92.55 40.05  18673
92.55 40.55  13231
92.55 41.05  9050
92.55 41.55  13109
92.55 42.05  21089
92.55 42.55  20998
92.55 43.05  16778
92.55 43.55  12734
92.55 44.05  11247
92.55 44.55  14639
92.55 45.05  15667
92.55 45.55  17094
92.55 46.05  16106
92.55 46.55  16396
92.55 47.05  21494
92.55 47.55  19210
92.55 48.05  13666
92.55 48.55  16621
92.55 49.05  19024
92.55 49.55  15281
92.55 50.05  12578
92.55 50.55  17106
92.55 51.05  16104
92.55 51.55  6488
92.55 52.05  62
95.05 37.55  2378
95.05 38.05  23082
95.05 38.55  21197
95.05 39.05  21422
95.05 39.55  22441
95.05 40.05  21301
95.05 40.55  17902
95.05 41.05  18630
95.05 41.55  26919
95.05 42.05  17666
95.05 42.55  19212
95.05 43.05  19225
95.05 43.55  23409
95.05 44.05  16847
95.05 44.55  25418
95.05 45.05  17578
95.05 45.55  19318
95.05 46.05  22282
95.05 46.55  18385
95.05 47.05  22011
95.05 47.55  21745
95.05 48.05  18001
95.05 48.55  21148
95.05 49.05  21241
95.05 49.55  17467
95.05 50.05  19512
95.05 50.55  22135
95.05 51.05  19587
95.05 51.55  8654
95.05 52.05  101
97.55 37.55  1581
97.55 38.05  22333
97.55 38.55  20325
97.55 39.05  21042
97.55 39.55  21657
97.55 40.05  14715
97.55 40.55  16507
97.55 41.05  20854
97.55 41.55  22502
97.55 42.05  13769
97.55 42.55  14009
97.55 43.05  14522
97.55 43.55  16421
97.55 44.05  14543
97.55 44.55  14721
97.55 45.05  14026
97.55 45.55  17950
97.55 46.05  15498
97.55 46.55  13987
97.55 47.05  15528
97.55 47.55  18119
97.55 48.05  15827
97.55 48.55  19089
97.55 49.05  16391
97.55 49.55  13482
97.55 50.05  17516
97.55 50.55  22308
97.55 51.05  17372
97.55 51.55  4954
97.55 52.05  60
100.05 37.55  918
100.05 38.05  14121
100.05 38.55  14305
100.05 39.05  21057
100.05 39.55  22679
100.05 40.05  18654
100.05 40.55  21210
100.05 41.05  20960
100.05 41.55  20528
100.05 42.05  18199
100.05 42.55  20249
100.05 43.05  24769
100.05 43.55  23957
100.05 44.05  21438
100.05 44.55  12633
100.05 45.05  21636
100.05 45.55  22469
100.05 46.05  17745
100.05 46.55  18613
100.05 47.05  21849
100.05 47.55  24530
100.05 48.05  18319
100.05 48.55  21484
100.05 49.05  21013
100.05 49.55  15608
100.05 50.05  18870
100.05 50.55  24463
100.05 51.05  22392
100.05 51.55  4128
100.05 52.05  37
102.55 37.55  689
102.55 38.05  11941
102.55 38.55  10409
102.55 39.05  12764
102.55 39.55  14043
102.55 40.05  10859
102.55 40.55  17787
102.55 41.05  17651
102.55 41.55  16565
102.55 42.05  14671
102.55 42.55  15695
102.55 43.05  25747
102.55 43.55  24012
102.55 44.05  17349
102.55 44.55  14462
102.55 45.05  21577
102.55 45.55  21291
102.55 46.05  13653
102.55 46.55  17675
102.55 47.05  18374
102.55 47.55  20526
102.55 48.05  13332
102.55 48.55  15792
102.55 49.05  16285
102.55 49.55  12650
102.55 50.05  13801
102.55 50.55  15968
102.55 51.05  18137
102.55 51.55  4850
102.55 52.05  38
105.05 37.55  1313
105.05 38.05  20534
105.05 38.55  19987
105.05 39.05  19804
105.05 39.55  20728
105.05 40.05  13699
105.05 40.55  25040
105.05 41.05  20189
105.05 41.55  22729
105.05 42.05  22294
105.05 42.55  19493
105.05 43.05  24002
105.05 43.55  17524
105.05 44.05  15158
105.05 44.55  18219
105.05 45.05  23782
105.05 45.55  22054
105.05 46.05  14167
105.05 46.55  21793
105.05 47.05  22545
105.05 47.55  22644
105.05 48.05  17282
105.05 48.55  21206
105.05 49.05  21212
105.05 49.55  17655
105.05 50.05  17867
105.05 50.55  21480
105.05 51.05  21021
105.05 51.55  6415
105.05 52.05  32
107.55 37.55  449
107.55 38.05  12014
107.55 38.55  17258
107.55 39.05  15683
107.55 39.55  14471
107.55 40.05  12426
107.55 40.55  18859
107.55 41.05  15941
107.55 41.55  20501
107.55 42.05  18889
107.55 42.55  15699
107.55 43.05  12135
107.55 43.55  12766
107.55 44.05  13385
107.55 44.55  14098
107.55 45.05  15668
107.55 45.55  12853
107.55 46.05  11055
107.55 46.55  16379
107.55 47.05  17870
107.55 47.55  17533
107.55 48.05  15037
107.55 48.55  17555
107.55 49.05  19259
107.55 49.55  14124
107.55 50.05  16499
107.55 50.55  16433
107.55 51.05  17445
107.55 51.55  5354
107.55 52.05  23
110.05 37.55  670
110.05 38.05  19809
110.05 38.55  22828
110.05 39.05  24609
110.05 39.55  23200
110.05 40.05  25700
110.05 40.55  22018
110.05 41.05  21802
110.05 41.55  21345
110.05 42.05  17253
110.05 42.55  21068
110.05 43.05  20271
110.05 43.55  20165
110.05 44.05  19264
110.05 44.55  17892
110.05 45.05  21165
110.05 45.55  21736
110.05 46.05  17502
110.05 46.55  21453
110.05 47.05  21412
110.05 47.55  21969
110.05 48.05  19326
110.05 48.55  21162
110.05 49.05  21664
110.05 49.55  16545
110.05 50.05  21639
110.05 50.55  20957
110.05 51.05  21169
110.05 51.55  6051
110.05 52.05  17
112.55 37.55  1022
112.55 38.05  19759
112.55 38.55  15796
112.55 39.05  16076
112.55 39.55  21418
112.55 40.05  29007
112.55 40.55  21538
112.55 41.05  19633
112.55 41.55  19513
112.55 42.05  13815
112.55 42.55  25141
112.55 43.05  22615
112.55 43.55  16041
112.55 44.05  15576
112.55 44.55  10870
112.55 45.05  17198
112.55 45.55  17783
112.55 46.05  14313
112.55 46.55  18894
112.55 47.05  20157
112.55 47.55  19401
112.55 48.05  14391
112.55 48.55  16882
112.55 49.05  17423
112.55 49.55  13101
112.55 50.05  16274
112.55 50.55  15096
112.55 51.05  15347
112.55 51.55  4809
112.55 52.05  39
115.05 37.55  804
115.05 38.05  14645
115.05 38.55  16362
115.05 39.05  18347
115.05 39.55  22525
115.05 40.05  17528
115.05 40.55  14902
115.05 41.05  16195
115.05 41.55  15761
115.05 42.05  14295
115.05 42.55  21368
115.05 43.05  14744
115.05 43.55  20664
115.05 44.05  20324
115.05 44.55  11541
115.05 45.05  22867
115.05 45.55  23824
115.05 46.05  13744
115.05 46.55  18490
115.05 47.05  21056
115.05 47.55  22603
115.05 48.05  14769
115.05 48.55  20567
115.05 49.05  21548
115.05 49.55  17927
115.05 50.05  21057
115.05 50.55  18399
115.05 51.05  19138
115.05 51.55  6633
115.05 52.05  48
117.55 37.55  148
117.55 38.05  1966
117.55 38.55  5089
117.55 39.05  7460
117.55 39.55  4444
117.55 40.05  2453
117.55 40.55  2468
117.55 41.05  2848
117.55 41.55  2928
117.55 42.05  3039
117.55 42.55  3786
117.55 43.05  2830
117.55 43.55  7371
117.55 44.05  8309
117.55 44.55  5299
117.55 45.05  8258
117.55 45.55  10613
117.55 46.05  4624
117.55 46.55  5024
117.55 47.05  6413
117.55 47.55  6878
117.55 48.05  5161
117.55 48.55  7987
117.55 49.05  6810
117.55 49.55  7306
117.55 50.05  9825
117.55 50.55  8833
117.55 51.05  7421
117.55 51.55  2766
117.55 52.05  25
120.05 37.55  1
120.05 38.05  24
120.05 38.55  227
120.05 39.05  350
120.05 39.55  109
120.05 40.05  27
120.05 40.55  80
120.05 41.05  86
120.05 41.55  101
120.05 42.05  72
120.05 42.55  103
120.05 43.05  148
120.05 43.55  537
120.05 44.05  538
120.05 44.55  351
120.05 45.05  476
120.05 45.55  762
120.05 46.05  282
120.05 46.55  215
120.05 47.05  247
120.05 47.55  385
120.05 48.05  322
120.05 48.55  580
120.05 49.05  372
120.05 49.55  449
120.05 50.05  664
120.05 50.55  685
120.05 51.05  518
120.05 51.55  210
120.05 52.05  1
122.55 43.55  3
122.55 44.55  4
122.55 45.05  9
122.55 45.55  7
122.55 46.05  1
122.55 47.55  3
122.55 48.05  6
122.55 48.55  6
122.55 49.05  4
122.55 49.55  7
122.55 50.05  2
122.55 50.55  10
122.55 51.05  6
