-42.45 43.55  1
-42.45 48.05  1
-39.95 38.05  1
-39.95 38.55  1
-39.95 39.55  6
-39.95 40.05  10
-39.95 40.55  4
-39.95 41.05  4
-39.95 41.55  4
-39.95 42.05  12
-39.95 42.55  21
-39.95 43.05  13
-39.95 43.55  4
-39.95 44.05  6
-39.95 44.55  11
-39.95 45.05  7
-39.95 45.55  9
-39.95 46.05  30
-39.95 46.55  10
-39.95 47.05  14
-39.95 47.55  7
-39.95 48.05  8
-39.95 48.55  1
-39.95 49.05  4
-39.95 49.55  2
-39.95 50.05  5
-39.95 50.55  8
-39.95 51.05  7
-39.95 51.55  1
-37.45 37.55  26
-37.45 38.05  520
-37.45 38.55  329
-37.45 39.05  334
-37.45 39.55  833
-37.45 40.05  776
-37.45 40.55  781
-37.45 41.05  850
-37.45 41.55  683
-37.45 42.05  562
-37.45 42.55  784
-37.45 43.05  676
-37.45 43.55  451
-37.45 44.05  622
-37.45 44.55  648
-37.45 45.05  745
-37.45 45.55  792
-37.45 46.05  707
-37.45 46.55  733
-37.45 47.05  1379
-37.45 47.55  688
-37.45 48.05  498
-37.45 48.55  410
-37.45 49.05  679
-37.45 49.55  418
-37.45 50.05  553
-37.45 50.55  616
-37.45 51.05  431
-37.45 51.55  139
-34.95 37.55  1477
-34.95 38.05  26920
-34.95 38.55  27667
-34.95 39.05  21778
-34.95 39.55  30865
-34.95 40.05  30732
-34.95 40.55  25322
-34.95 41.05  29544
-34.95 41.55  31497
-34.95 42.05  24008
-34.95 42.55  33005
-34.95 43.05  29683
-34.95 43.55  29008
-34.95 44.05  27966
-34.95 44.55  24078
-34.95 45.05  33820
-34.95 45.55  28624
-34.95 46.05  27327
-34.95 46.55  30410
-34.95 47.05  28456
-34.95 47.55  29542
-34.95 48.05  23376
-34.95 48.55  25539
-34.95 49.05  29042
-34.95 49.55  27711
-34.95 50.05  28026
-34.95 50.55  30043
-34.95 51.05  28252
-34.95 51.55  9523
-34.95 52.05  75
-32.45 37.55  1302
-32.45 38.05  19018
-32.45 38.55  14462
-32.45 39.05  11109
-32.45 39.55  18087
-32.45 40.05  17186
-32.45 40.55  10497
-32.45 41.05  12960
-32.45 41.55  15457
-32.45 42.05  12798
-32.45 42.55  19732
-32.45 43.05  18111
-32.45 43.55  17501
-32.45 44.05  11607
-32.45 44.55  11277
-32.45 45.05  9935
-32.45 45.55  9426
-32.45 46.05  11610
-32.45 46.55  20023
-32.45 47.05  16544
-32.45 47.55  16031
-32.45 48.05  13923
-32.45 48.55  18559
-32.45 49.05  12604
-32.45 49.55  11903
-32.45 50.05  13342
-32.45 50.55  15899
-32.45 51.05  16099
-32.45 51.55  6273
-32.45 52.05  57
-29.95 37.55  1698
-29.95 38.05  19704
-29.95 38.55  15774
-29.95 39.05  13840
-29.95 39.55  22597
-29.95 40.05  24386
-29.95 40.55  14657
-29.95 41.05  19034
-29.95 41.55  20780
-29.95 42.05  18595
-29.95 42.55  24171
-29.95 43.05  23248
-29.95 43.55  21861
-29.95 44.05  15898
-29.95 44.55  20615
-29.95 45.05  19536
-29.95 45.55  21147
-29.95 46.05  16796
-29.95 46.55  24732
-29.95 47.05  23152
-29.95 47.55  24660
-29.95 48.05  14186
-29.95 48.55  20737
-29.95 49.05  19765
-29.95 49.55  16135
-29.95 50.05  18596
-29.95 50.55  21358
-29.95 51.05  19955
-29.95 51.55  8085
-29.95 52.05  96
-27.45 37.55  926
-27.45 38.05  10164
-27.45 38.55  19782
-27.45 39.05  21022
-27.45 39.55  13165
-27.45 40.05  14773
-27.45 40.55  12026
-27.45 41.05  14907
-27.45 41.55  15546
-27.45 42.05  17501
-27.45 42.55  17964
-27.45 43.05  14781
-27.45 43.55  14934
-27.45 44.05  11537
-27.45 44.55  13287
-27.45 45.05  20202
-27.45 45.55  20920
-27.45 46.05  13462
-27.45 46.55  12873
-27.45 47.05  24221
-27.45 47.55  21022
-27.45 48.05  11723
-27.45 48.55  14907
-27.45 49.05  16849
-27.45 49.55  10913
-27.45 50.05  12611
-27.45 50.55  13713
-27.45 51.05  16397
-27.45 51.55  6677
-27.45 52.05  61
-24.95 37.55  1280
-24.95 38.05  18908
-24.95 38.55  20996
-24.95 39.05  20248
-24.95 39.55  18472
-24.95 40.05  18461
-24.95 40.55  17886
-24.95 41.05  21384
-24.95 41.55  20475
-24.95 42.05  22499
-24.95 42.55  22030
-24.95 43.05  22526
-24.95 43.55  21266
-24.95 44.05  17278
-24.95 44.55  15067
-24.95 45.05  22108
-24.95 45.55  22071
-24.95 46.05  19154
-24.95 46.55  22044
-24.95 47.05  23373
-24.95 47.55  20794
-24.95 48.05  19596
-24.95 48.55  25467
-24.95 49.05  20778
-24.95 49.55  17150
-24.95 50.05  22126
-24.95 50.55  17110
-24.95 51.05  18970
-24.95 51.55  8177
-24.95 52.05  76
-22.45 37.55  1523
-22.45 38.05  18444
-22.45 38.55  16493
-22.45 39.05  13833
-22.45 39.55  20135
-22.45 40.05  17447
-22.45 40.55  17061
-22.45 41.05  19010
-22.45 41.55  16263
-22.45 42.05  15309
-22.45 42.55  16946
-22.45 43.05  17922
-22.45 43.55  20504
-22.45 44.05  18281
-22.45 44.55  18208
-22.45 45.05  19386
-22.45 45.55  14651
-22.45 46.05  13927
-22.45 46.55  19273
-22.45 47.05  20628
-22.45 47.55  18829
-22.45 48.05  16850
-22.45 48.55  20388
-22.45 49.05  21067
-22.45 49.55  17548
-22.45 50.05  20541
-22.45 50.55  16306
-22.45 51.05  13360
-22.45 51.55  5295
-22.45 52.05  62
-19.95 37.55  2785
-19.95 38.05  22240
-19.95 38.55  20535
-19.95 39.05  15785
-19.95 39.55  23065
-19.95 40.05  19770
-19.95 40.55  18358
-19.95 41.05  19637
-19.95 41.55  21005
-19.95 42.05  20437
-19.95 42.55  23557
-19.95 43.05  20512
-19.95 43.55  20801
-19.95 44.05  21181
-19.95 44.55  20380
-19.95 45.05  21304
-19.95 45.55  20553
-19.95 46.05  16354
-19.95 46.55  20618
-19.95 47.05  24712
-19.95 47.55  22212
-19.95 48.05  19220
-19.95 48.55  23527
-19.95 49.05  22152
-19.95 49.55  19281
-19.95 50.05  19526
-19.95 50.55  19812
-19.95 51.05  19585
-19.95 51.55  6978
-19.95 52.05  31
-17.45 37.55  1702
-17.45 38.05  17441
-17.45 38.55  16843
-17.45 39.05  11914
-17.45 39.55  10560
-17.45 40.05  10365
-17.45 40.55  10700
-17.45 41.05  9563
-17.45 41.55  17343
-17.45 42.05  16957
-17.45 42.55  19725
-17.45 43.05  20179
-17.45 43.55  16088
-17.45 44.05  12111
-17.45 44.55  11599
-17.45 45.05  16425
-17.45 45.55  15598
-17.45 46.05  8232
-17.45 46.55  12476
-17.45 47.05  11680
-17.45 47.55  15938
-17.45 48.05  16674
-17.45 48.55  17360
-17.45 49.05  13268
-17.45 49.55  13114
-17.45 50.05  14691
-17.45 50.55  15623
-17.45 51.05  18203
-17.45 51.55  5671
-17.45 52.05  24
-14.95 37.55  1326
-14.95 38.05  21093
-14.95 38.55  18933
-14.95 39.05  22487
-14.95 39.55  13200
-14.95 40.05  16397
-14.95 40.55  20339
-14.95 41.05  16548
-14.95 41.55  19716
-14.95 42.05  19544
-14.95 42.55  20914
-14.95 43.05  18666
-14.95 43.55  21458
-14.95 44.05  16614
-14.95 44.55  19214
-14.95 45.05  24890
-14.95 45.55  23219
-14.95 46.05  9417
-14.95 46.55  22380
-14.95 47.05  23430
-14.95 47.55  21178
-14.95 48.05  21072
-14.95 48.55  20193
-14.95 49.05  20046
-14.95 49.55  16358
-14.95 50.05  20732
-14.95 50.55  21062
-14.95 51.05  22477
-14.95 51.55  6948
-14.95 52.05  35
-12.45 37.55  595
-12.45 38.05  13275
-12.45 38.55  14489
-12.45 39.05  20548
-12.45 39.55  25994
-12.45 40.05  21209
-12.45 40.55  19116
-12.45 41.05  17460
-12.45 41.55  11986
-12.45 42.05  10315
-12.45 42.55  12419
-12.45 43.05  13290
-12.45 43.55  16566
-12.45 44.05  18281
-12.45 44.55  16864
-12.45 45.05  18436
-12.45 45.55  23091
-12.45 46.05  10758
-12.45 46.55  22116
-12.45 47.05  31883
-12.45 47.55  20719
-12.45 48.05  15212
-12.45 48.55  16149
-12.45 49.05  17831
-12.45 49.55  12810
-12.45 50.05  15580
-12.45 50.55  13601
-12.45 51.05  17742
-12.45 51.55  6269
-12.45 52.05  41
-9.95 37.55  340
-9.95 38.05  14565
-9.95 38.55  21551
-9.95 39.05  23363
-9.95 39.55  26902
-9.95 40.05  21325
-9.95 40.55  20537
-9.95 41.05  19413
-9.95 41.55  20447
-9.95 42.05  14823
-9.95 42.55  20730
-9.95 43.05  21632
-9.95 43.55  22283
-9.95 44.05  22039
-9.95 44.55  15593
-9.95 45.05  22751
-9.95 45.55  23906
-9.95 46.05  13286
-9.95 46.55  21154
-9.95 47.05  21010
-9.95 47.55  24232
-9.95 48.05  16606
-9.95 48.55  18594
-9.95 49.05  21371
-9.95 49.55  17309
-9.95 50.05  20249
-9.95 50.55  23355
-9.95 51.05  19753
-9.95 51.55  7267
-9.95 52.05  75
-7.45 37.55  760
-7.45 38.05  13379
-7.45 38.55  16292
-7.45 39.05  21248
-7.45 39.55  14946
-7.45 40.05  14180
-7.45 40.55  17498
-7.45 41.05  19505
-7.45 41.55  21674
-7.45 42.05  16085
-7.45 42.55  19110
-7.45 43.05  17574
-7.45 43.55  16872
-7.45 44.05  14739
-7.45 44.55  13119
-7.45 45.05  18738
-7.45 45.55  15461
-7.45 46.05  12554
-7.45 46.55  18176
-7.45 47.05  12153
-7.45 47.55  16462
-7.45 48.05  15085
-7.45 48.55  12740
-7.45 49.05  16747
-7.45 49.55  14642
-7.45 50.05  16796
-7.45 50.55  20914
-7.45 51.05  15764
-7.45 51.55  5350
-7.45 52.05  34
-4.95 37.55  1897
-4.95 38.05  19477
-4.95 38.55  15029
-4.95 39.05  21272
-4.95 39.55  21475
-4.95 40.05  20739
-4.95 40.55  21234
-4.95 41.05  19710
-4.95 41.55  20326
-4.95 42.05  21459
-4.95 42.55  24420
-4.95 43.05  20755
-4.95 43.55  21794
-4.95 44.05  17541
-4.95 44.55  17295
-4.95 45.05  23093
-4.95 45.55  21521
-4.95 46.05  15636
-4.95 46.55  20846
-4.95 47.05  21374
-4.95 47.55  22785
-4.95 48.05  25056
-4.95 48.55  15774
-4.95 49.05  23599
-4.95 49.55  19500
-4.95 50.05  18407
-4.95 50.55  21164
-4.95 51.05  20531
-4.95 51.55  6733
-4.95 52.05  35
-2.45 37.55  1259
-2.45 38.05  14745
-2.45 38.55  12415
-2.45 39.05  13852
-2.45 39.55  21877
-2.45 40.05  18822
-2.45 40.55  15871
-2.45 41.05  15268
-2.45 41.55  14803
-2.45 42.05  22595
-2.45 42.55  22846
-2.45 43.05  16565
-2.45 43.55  19128
-2.45 44.05  15031
-2.45 44.55  14699
-2.45 45.05  18061
-2.45 45.55  13561
-2.45 46.05  8871
-2.45 46.55  13230
-2.45 47.05  21332
-2.45 47.55  16783
-2.45 48.05  15144
-2.45 48.55  17169
-2.45 49.05  19722
-2.45 49.55  13590
-2.45 50.05  11992
-2.45 50.55  12656
-2.45 51.05  12669
-2.45 51.55  3515
-2.45 52.05  21
0.05 37.55  935
0.05 38.05  18222
0.05 38.55  18702
0.05 39.05  21291
0.05 39.55  26298
0.05 40.05  23540
0.05 40.55  17468
0.05 41.05  18451
0.05 41.55  21068
0.05 42.05  23193
0.05 42.55  20665
0.05 43.05  19488
0.05 43.55  22763
0.05 44.05  17957
0.05 44.55  19369
0.05 45.05  21022
0.05 45.55  19990
0.05 46.05  14353
0.05 46.55  17502
0.05 47.05  25001
0.05 47.55  25338
0.05 48.05  13836
0.05 48.55  23045
0.05 49.05  18487
0.05 49.55  17520
0.05 50.05  19896
0.05 50.55  22028
0.05 51.05  21891
0.05 51.55  3280
0.05 52.05  12
2.55 37.55  908
2.55 38.05  9902
2.55 38.55  14007
2.55 39.05  19788
2.55 39.55  26646
2.55 40.05  17962
2.55 40.55  9299
2.55 41.05  8748
2.55 41.55  21567
2.55 42.05  15665
2.55 42.55  16415
2.55 43.05  16827
2.55 43.55  21507
2.55 44.05  14613
2.55 44.55  17273
2.55 45.05  18036
2.55 45.55  23248
2.55 46.05  19172
2.55 46.55  18564
2.55 47.05  18200
2.55 47.55  23991
2.55 48.05  12282
2.55 48.55  13499
2.55 49.05  11145
2.55 49.55  18738
2.55 50.05  20092
2.55 50.55  21317
2.55 51.05  23227
2.55 51.55  4879
2.55 52.05  34
5.05 37.55  3491
5.05 38.05  18582
5.05 38.55  13623
5.05 39.05  17770
5.05 39.55  16635
5.05 40.05  21519
5.05 40.55  11812
5.05 41.05  6228
5.05 41.55  20799
5.05 42.05  21645
5.05 42.55  21669
5.05 43.05  19468
5.05 43.55  21992
5.05 44.05  15100
5.05 44.55  21897
5.05 45.05  22677
5.05 45.55  25075
5.05 46.05  19112
5.05 46.55  18410
5.05 47.05  22865
5.05 47.55  29187
5.05 48.05  17957
5.05 48.55  18948
5.05 49.05  18055
5.05 49.55  18644
5.05 50.05  17851
5.05 50.55  21561
5.05 51.05  21363
5.05 51.55  6559
5.05 52.05  70
7.55 37.55  3935
7.55 38.05  23776
7.55 38.55  11905
7.55 39.05  9261
7.55 39.55  9689
7.55 40.05  12823
7.55 40.55  16970
7.55 41.05  21964
7.55 41.55  15222
7.55 42.05  18193
7.55 42.55  17854
7.55 43.05  15237
7.55 43.55  14221
7.55 44.05  18083
7.55 44.55  24617
7.55 45.05  16171
7.55 45.55  17809
7.55 46.05  15215
7.55 46.55  11436
7.55 47.05  15268
7.55 47.55  18893
7.55 48.05  16863
7.55 48.55  20240
7.55 49.05  24931
7.55 49.55  14268
7.55 50.05  11517
7.55 50.55  12149
7.55 51.05  16064
7.55 51.55  5091
7.55 52.05  37
10.05 37.55  2831
10.05 38.05  21734
10.05 38.55  19916
10.05 39.05  17923
10.05 39.55  22232
10.05 40.05  16805
10.05 40.55  28914
10.05 41.05  28100
10.05 41.55  20767
10.05 42.05  22169
10.05 42.55  21222
10.05 43.05  21140
10.05 43.55  22502
10.05 44.05  19261
10.05 44.55  19249
10.05 45.05  21505
10.05 45.55  18268
10.05 46.05  20728
10.05 46.55  19317
10.05 47.05  23620
10.05 47.55  22714
10.05 48.05  20044
10.05 48.55  20576
10.05 49.05  25832
10.05 49.55  24185
10.05 50.05  17547
10.05 50.55  14909
10.05 51.05  19434
10.05 51.55  6492
10.05 52.05  40
12.55 37.55  1479
12.55 38.05  11682
12.55 38.55  12769
12.55 39.05  13266
12.55 39.55  21396
12.55 40.05  23078
12.55 40.55  23140
12.55 41.05  16266
12.55 41.55  17383
12.55 42.05  18033
12.55 42.55  20408
12.55 43.05  16979
12.55 43.55  15269
12.55 44.05  12006
12.55 44.55  14061
12.55 45.05  20250
12.55 45.55  14409
12.55 46.05  23095
12.55 46.55  23027
12.55 47.05  21147
12.55 47.55  22083
12.55 48.05  14825
12.55 48.55  10225
12.55 49.05  16639
12.55 49.55  22077
12.55 50.05  18144
12.55 50.55  17620
12.55 51.05  16300
12.55 51.55  5601
12.55 52.05  45
15.05 37.55  1708
15.05 38.05  18908
15.05 38.55  19053
15.05 39.05  15758
15.05 39.55  22378
15.05 40.05  20011
15.05 40.55  16777
15.05 41.05  20919
15.05 41.55  16720
15.05 42.05  20217
15.05 42.55  28500
15.05 43.05  21836
15.05 43.55  22490
15.05 44.05  16744
15.05 44.55  18560
15.05 45.05  20802
15.05 45.55  16622
15.05 46.05  19630
15.05 46.55  19504
15.05 47.05  24138
15.05 47.55  25300
15.05 48.05  20730
15.05 48.55  17372
15.05 49.05  22692
15.05 49.55  21920
15.05 50.05  19518
15.05 50.55  21191
15.05 51.05  20841
15.05 51.55  7136
15.05 52.05  67
17.55 37.55  1423
17.55 38.05  17036
17.55 38.55  14528
17.55 39.05  17062
17.55 39.55  16483
17.55 40.05  10685
17.55 40.55  11241
17.55 41.05  14015
17.55 41.55  13143
17.55 42.05  17188
17.55 42.55  17756
17.55 43.05  16220
17.55 43.55  17944
17.55 44.05  14791
17.55 44.55  16171
17.55 45.05  12747
17.55 45.55  11198
17.55 46.05  13057
17.55 46.55  17584
17.55 47.05  15938
17.55 47.55  17474
17.55 48.05  15977
17.55 48.55  14444
17.55 49.05  17654
17.55 49.55  17285
17.55 50.05  13934
17.55 50.55  14411
17.55 51.05  17777
17.55 51.55  4398
17.55 52.05  24
20.05 37.55  1756
20.05 38.05  19022
20.05 38.55  14085
20.05 39.05  23309
20.05 39.55  22964
20.05 40.05  15110
20.05 40.55  25349
20.05 41.05  20843
20.05 41.55  13440
20.05 42.05  22964
20.05 42.55  25379
20.05 43.05  20025
20.05 43.55  17954
20.05 44.05  22194
20.05 44.55  25503
20.05 45.05  18764
20.05 45.55  17161
20.05 46.05  18214
20.05 46.55  20675
20.05 47.05  20087
20.05 47.55  24164
20.05 48.05  22898
20.05 48.55  20021
20.05 49.05  23803
20.05 49.55  22563
20.05 50.05  17563
20.05 50.55  22245
20.05 51.05  20416
20.05 51.55  3835
20.05 52.05  22
22.55 37.55  1893
22.55 38.05  17949
22.55 38.55  7794
22.55 39.05  10316
22.55 39.55  23946
22.55 40.05  15619
22.55 40.55  18686
22.55 41.05  12543
22.55 41.55  11184
22.55 42.05  19265
22.55 42.55  25465
22.55 43.05  16857
22.55 43.55  9820
22.55 44.05  13054
22.55 44.55  18342
22.55 45.05  15543
22.55 45.55  17855
22.55 46.05  14976
22.55 46.55  13834
22.55 47.05  15288
22.55 47.55  20121
22.55 48.05  15710
22.55 48.55  11570
22.55 49.05  17463
22.55 49.55  17049
22.55 50.05  12344
22.55 50.55  15587
22.55 51.05  14397
22.55 51.55  4225
22.55 52.05  43
25.05 37.55  2216
25.05 38.05  20473
25.05 38.55  16211
25.05 39.05  10449
25.05 39.55  19519
25.05 40.05  19780
25.05 40.55  20028
25.05 41.05  19940
25.05 41.55  21456
25.05 42.05  18094
25.05 42.55  23733
25.05 43.05  21370
25.05 43.55  19387
25.05 44.05  15118
25.05 44.55  21263
25.05 45.05  21339
25.05 45.55  20478
25.05 46.05  18180
25.05 46.55  23570
25.05 47.05  23566
25.05 47.55  17832
25.05 48.05  18340
25.05 48.55  17374
25.05 49.05  22128
25.05 49.55  22131
25.05 50.05  16658
25.05 50.55  21902
25.05 51.05  21699
25.05 51.55  9091
25.05 52.05  90
27.55 37.55  1856
27.55 38.05  15363
27.55 38.55  19773
27.55 39.05  13671
27.55 39.55  18006
27.55 40.05  11063
27.55 40.55  10662
27.55 41.05  12332
27.55 41.55  16575
27.55 42.05  12228
27.55 42.55  20046
27.55 43.05  18533
27.55 43.55  22728
27.55 44.05  14715
27.55 44.55  13862
27.55 45.05  14231
27.55 45.55  13250
27.55 46.05  14059
27.55 46.55  19353
27.55 47.05  16732
27.55 47.55  13489
27.55 48.05  18933
27.55 48.55  21290
27.55 49.05  15845
27.55 49.55  18303
27.55 50.05  15735
27.55 50.55  22621
27.55 51.05  23983
27.55 51.55  7815
27.55 52.05  49
30.05 37.55  1688
30.05 38.05  18506
30.05 38.55  15468
30.05 39.05  11891
30.05 39.55  18266
30.05 40.05  5944
30.05 40.55  10299
30.05 41.05  19106
30.05 41.55  23320
30.05 42.05  18417
30.05 42.55  26874
30.05 43.05  19311
30.05 43.55  22620
30.05 44.05  20279
30.05 44.55  19770
30.05 45.05  22239
30.05 45.55  23090
30.05 46.05  16738
30.05 46.55  18246
30.05 47.05  21207
30.05 47.55  22201
30.05 48.05  18679
30.05 48.55  17545
30.05 49.05  20625
30.05 49.55  19991
30.05 50.05  17732
30.05 50.55  20544
30.05 51.05  20603
30.05 51.55  5044
30.05 52.05  12
32.55 37.55  1707
32.55 38.05  16707
32.55 38.55  22470
32.55 39.05  20455
32.55 39.55  6160
32.55 40.05  11964
32.55 40.55  20027
32.55 41.05  16189
32.55 41.55  14842
32.55 42.05  17202
32.55 42.55  13967
32.55 43.05  13585
32.55 43.55  20366
32.55 44.05  18070
32.55 44.55  16401
32.55 45.05  19497
32.55 45.55  24926
32.55 46.05  9833
32.55 46.55  8583
32.55 47.05  16760
32.55 47.55  21120
32.55 48.05  13404
32.55 48.55  12112
32.55 49.05  17494
32.55 49.55  13686
32.55 50.05  10971
32.55 50.55  13844
32.55 51.05  11194
32.55 51.55  3574
32.55 52.05  24
35.05 37.55  2492
35.05 38.05  20177
35.05 38.55  22156
35.05 39.05  17969
35.05 39.55  13145
35.05 40.05  25264
35.05 40.55  27688
35.05 41.05  18577
35.05 41.55  20191
35.05 42.05  24544
35.05 42.55  19143
35.05 43.05  22210
35.05 43.55  21104
35.05 44.05  19206
35.05 44.55  16377
35.05 45.05  20942
35.05 45.55  20594
35.05 46.05  12800
35.05 46.55  17882
35.05 47.05  23186
35.05 47.55  25610
35.05 48.05  17226
35.05 48.55  21401
35.05 49.05  25140
35.05 49.55  20875
35.05 50.05  16787
35.05 50.55  21586
35.05 51.05  20369
35.05 51.55  7408
35.05 52.05  57
37.55 37.55  1604
37.55 38.05  15766
37.55 38.55  17622
37.55 39.05  17636
37.55 39.55  26576
37.55 40.05  20966
37.55 40.55  14846
37.55 41.05  12426
37.55 41.55  13803
37.55 42.05  17310
37.55 42.55  20492
37.55 43.05  15946
37.55 43.55  14787
37.55 44.05  13465
37.55 44.55  9624
37.55 45.05  18941
37.55 45.55  13248
37.55 46.05  20372
37.55 46.55  20018
37.55 47.05  17093
37.55 47.55  18611
37.55 48.05  14727
37.55 48.55  17722
37.55 49.05  22121
37.55 49.55  16967
37.55 50.05  13965
37.55 50.55  15281
37.55 51.05  15865
37.55 51.55  6456
37.55 52.05  47
40.05 37.55  2060
40.05 38.05  20663
40.05 38.55  18568
40.05 39.05  19724
40.05 39.55  26549
40.05 40.05  16544
40.05 40.55  8574
40.05 41.05  14548
40.05 41.55  21396
40.05 42.05  16277
40.05 42.55  23027
40.05 43.05  20204
40.05 43.55  22626
40.05 44.05  25209
40.05 44.55  11688
40.05 45.05  21068
40.05 45.55  19130
40.05 46.05  22593
40.05 46.55  16907
40.05 47.05  21443
40.05 47.55  24080
40.05 48.05  17353
40.05 48.55  19436
40.05 49.05  16397
40.05 49.55  18587
40.05 50.05  17370
40.05 50.55  20095
40.05 51.05  20030
40.05 51.55  8886
40.05 52.05  57
42.55 37.55  2113
42.55 38.05  18700
42.55 38.55  10880
42.55 39.05  9376
42.55 39.55  15191
42.55 40.05  23909
42.55 40.55  17801
42.55 41.05  31026
42.55 41.55  17879
42.55 42.05  10281
42.55 42.55  18026
42.55 43.05  16557
42.55 43.55  14805
42.55 44.05  18035
42.55 44.55  12678
42.55 45.05  16521
42.55 45.55  16593
42.55 46.05  16131
42.55 46.55  21598
42.55 47.05  14398
42.55 47.55  18881
42.55 48.05  14460
42.55 48.55  13900
42.55 49.05  12112
42.55 49.55  12824
42.55 50.05  12953
42.55 50.55  17703
42.55 51.05  17668
42.55 51.55  6719
42.55 52.05  66
45.05 37.55  2398
45.05 38.05  19486
45.05 38.55  11291
45.05 39.05  15558
45.05 39.55  18949
45.05 40.05  21585
45.05 40.55  20100
45.05 41.05  28876
45.05 41.55  20953
45.05 42.05  17122
45.05 42.55  27594
45.05 43.05  17332
45.05 43.55  21777
45.05 44.05  19039
45.05 44.55  18174
45.05 45.05  21123
45.05 45.55  21650
45.05 46.05  13827
45.05 46.55  20107
45.05 47.05  22299
45.05 47.55  23893
45.05 48.05  17201
45.05 48.55  18791
45.05 49.05  21385
45.05 49.55  18051
45.05 50.05  18894
45.05 50.55  22267
45.05 51.05  21138
45.05 51.55  7076
45.05 52.05  71
47.55 37.55  1013
47.55 38.05  10562
47.55 38.55  13142
47.55 39.05  26039
47.55 39.55  19042
47.55 40.05  14520
47.55 40.55  18868
47.55 41.05  11160
47.55 41.55  19746
47.55 42.05  17414
47.55 42.55  19056
47.55 43.05  12562
47.55 43.55  17007
47.55 44.05  12659
47.55 44.55  10947
47.55 45.05  11058
47.55 45.55  11766
47.55 46.05  10563
47.55 46.55  11250
47.55 47.05  20042
47.55 47.55  16058
47.55 48.05  9372
47.55 48.55  11255
47.55 49.05  17683
47.55 49.55  16067
47.55 50.05  15915
47.55 50.55  16687
47.55 51.05  16049
47.55 51.55  5216
47.55 52.05  52
50.05 37.55  809
50.05 38.05  17268
50.05 38.55  12119
50.05 39.05  25705
50.05 39.55  18386
50.05 40.05  10884
50.05 40.55  24867
50.05 41.05  18140
50.05 41.55  15958
50.05 42.05  19526
50.05 42.55  23284
50.05 43.05  23825
50.05 43.55  22197
50.05 44.05  21722
50.05 44.55  17365
50.05 45.05  19488
50.05 45.55  17455
50.05 46.05  21405
50.05 46.55  16242
50.05 47.05  23769
50.05 47.55  24669
50.05 48.05  13509
50.05 48.55  16484
50.05 49.05  23371
50.05 49.55  20654
50.05 50.05  18023
50.05 50.55  20897
50.05 51.05  20991
50.05 51.55  6784
50.05 52.05  47
52.55 37.55  554
52.55 38.05  12928
52.55 38.55  9978
52.55 39.05  19561
52.55 39.55  31836
52.55 40.05  13727
52.55 40.55  11554
52.55 41.05  12401
52.55 41.55  21793
52.55 42.05  13939
52.55 42.55  13049
52.55 43.05  17674
52.55 43.55  21226
52.55 44.05  17419
52.55 44.55  16073
52.55 45.05  22622
52.55 45.55  19023
52.55 46.05  16242
52.55 46.55  13960
52.55 47.05  16613
52.55 47.55  22604
52.55 48.05  17306
52.55 48.55  21682
52.55 49.05  23351
52.55 49.55  18176
52.55 50.05  14094
52.55 50.55  17499
52.55 51.05  16586
52.55 51.55  4795
52.55 52.05  52
55.05 37.55  747
55.05 38.05  15730
55.05 38.55  23807
55.05 39.05  23024
55.05 39.55  27777
55.05 40.05  24754
55.05 40.55  9145
55.05 41.05  13406
55.05 41.55  20870
55.05 42.05  16947
55.05 42.55  17827
55.05 43.05  20923
55.05 43.55  25759
55.05 44.05  17572
55.05 44.55  14692
55.05 45.05  22781
55.05 45.55  22886
55.05 46.05  18629
55.05 46.55  23041
55.05 47.05  22864
55.05 47.55  23954
55.05 48.05  18586
55.05 48.55  20177
55.05 49.05  17531
55.05 49.55  20835
55.05 50.05  18275
55.05 50.55  21962
55.05 51.05  21557
55.05 51.55  5885
55.05 52.05  51
57.55 37.55  803
57.55 38.05  15230
57.55 38.55  18680
57.55 39.05  14004
57.55 39.55  10459
57.55 40.05  11214
57.55 40.55  15591
57.55 41.05  29924
57.55 41.55  24942
57.55 42.05  21128
57.55 42.55  18219
57.55 43.05  17158
57.55 43.55  18800
57.55 44.05  14578
57.55 44.55  16532
57.55 45.05  19137
57.55 45.55  21620
57.55 46.05  26342
57.55 46.55  21869
57.55 47.05  24514
57.55 47.55  20864
57.55 48.05  14492
57.55 48.55  16028
57.55 49.05  12690
57.55 49.55  18521
57.55 50.05  18672
57.55 50.55  18470
57.55 51.05  18483
57.55 51.55  6700
57.55 52.05  67
60.05 37.55  1023
60.05 38.05  15873
60.05 38.55  19902
60.05 39.05  20078
60.05 39.55  19919
60.05 40.05  14512
60.05 40.55  24060
60.05 41.05  22953
60.05 41.55  26720
60.05 42.05  17729
60.05 42.55  17506
60.05 43.05  26030
60.05 43.55  23530
60.05 44.05  17530
60.05 44.55  24162
60.05 45.05  20320
60.05 45.55  21692
60.05 46.05  19655
60.05 46.55  10318
60.05 47.05  20546
60.05 47.55  22336
60.05 48.05  15146
60.05 48.55  21232
60.05 49.05  21757
60.05 49.55  16020
60.05 50.05  19144
60.05 50.55  21866
60.05 51.05  20546
60.05 51.55  8446
60.05 52.05  81
62.55 37.55  1235
62.55 38.05  16434
62.55 38.55  15445
62.55 39.05  16709
62.55 39.55  18347
62.55 40.05  15720
62.55 40.55  16081
62.55 41.05  10032
62.55 41.55  16232
62.55 42.05  19083
62.55 42.55  17982
62.55 43.05  17117
62.55 43.55  19578
62.55 44.05  14239
62.55 44.55  9570
62.55 45.05  7513
62.55 45.55  15392
62.55 46.05  11127
62.55 46.55  7781
62.55 47.05  18344
62.55 47.55  14412
62.55 48.05  11428
62.55 48.55  17919
62.55 49.05  18416
62.55 49.55  11822
62.55 50.05  12957
62.55 50.55  17399
62.55 51.05  18681
62.55 51.55  6821
62.55 52.05  75
65.05 37.55  1060
65.05 38.05  10180
65.05 38.55  14255
65.05 39.05  23147
65.05 39.55  18212
65.05 40.05  18534
65.05 40.55  11874
65.05 41.05  13697
65.05 41.55  20914
65.05 42.05  19911
65.05 42.55  21303
65.05 43.05  20189
65.05 43.55  22178
65.05 44.05  23684
65.05 44.55  17330
65.05 45.05  18279
65.05 45.55  21729
65.05 46.05  20973
65.05 46.55  16635
65.05 47.05  22546
65.05 47.55  20388
65.05 48.05  17060
65.05 48.55  23363
65.05 49.05  21630
65.05 49.55  16561
65.05 50.05  17449
65.05 50.55  22211
65.05 51.05  20606
65.05 51.55  7099
65.05 52.05  76
67.55 37.55  1747
67.55 38.05  20778
67.55 38.55  17401
67.55 39.05  18726
67.55 39.55  14498
67.55 40.05  11032
67.55 40.55  13005
67.55 41.05  27977
67.55 41.55  20678
67.55 42.05  16285
67.55 42.55  19566
67.55 43.05  17997
67.55 43.55  16103
67.55 44.05  18670
67.55 44.55  19423
67.55 45.05  25052
67.55 45.55  14531
67.55 46.05  15672
67.55 46.55  14570
67.55 47.05  15178
67.55 47.55  18955
67.55 48.05  15133
67.55 48.55  17623
67.55 49.05  15909
67.55 49.55  13340
67.55 50.05  13066
67.55 50.55  16000
67.55 51.05  15940
67.55 51.55  5170
67.55 52.05  43
70.05 37.55  2442
70.05 38.05  21812
70.05 38.55  16948
70.05 39.05  17127
70.05 39.55  17655
70.05 40.05  15950
70.05 40.55  16374
70.05 41.05  28218
70.05 41.55  23778
70.05 42.05  16155
70.05 42.55  23430
70.05 43.05  23336
70.05 43.55  20665
70.05 44.05  18598
70.05 44.55  19008
70.05 45.05  22415
70.05 45.55  22619
70.05 46.05  18904
70.05 46.55  20302
70.05 47.05  22042
70.05 47.55  22999
70.05 48.05  17292
70.05 48.55  22160
70.05 49.05  22973
70.05 49.55  19218
70.05 50.05  16812
70.05 50.55  22305
70.05 51.05  22021
70.05 51.55  7031
70.05 52.05  38
72.55 37.55  1940
72.55 38.05  16636
72.55 38.55  17445
72.55 39.05  17595
72.55 39.55  23357
72.55 40.05  18621
72.55 40.55  14542
72.55 41.05  14488
72.55 41.55  15498
72.55 42.05  15164
72.55 42.55  21500
72.55 43.05  16765
72.55 43.55  10097
72.55 44.05  12941
72.55 44.55  11711
72.55 45.05  17896
72.55 45.55  17602
72.55 46.05  13254
72.55 46.55  13349
72.55 47.05  16044
72.55 47.55  14665
72.55 48.05  13615
72.55 48.55  18138
72.55 49.05  21794
72.55 49.55  14525
72.55 50.05  17481
72.55 50.55  18921
72.55 51.05  16046
72.55 51.55  5063
72.55 52.05  27
75.05 37.55  728
75.05 38.05  12346
75.05 38.55  18962
75.05 39.05  19692
75.05 39.55  20936
75.05 40.05  17173
75.05 40.55  21379
75.05 41.05  20732
75.05 41.55  23266
75.05 42.05  20994
75.05 42.55  25730
75.05 43.05  19209
75.05 43.55  22956
75.05 44.05  19797
75.05 44.55  14260
75.05 45.05  24148
75.05 45.55  24935
75.05 46.05  20648
75.05 46.55  20530
75.05 47.05  19670
75.05 47.55  20111
75.05 48.05  19109
75.05 48.55  20314
75.05 49.05  21137
75.05 49.55  16069
75.05 50.05  23925
75.05 50.55  19344
75.05 51.05  20348
75.05 51.55  6367
75.05 52.05  44
77.55 37.55  1688
77.55 38.05  22946
77.55 38.55  16471
77.55 39.05  13436
77.55 39.55  14860
77.55 40.05  16796
77.55 40.55  18494
77.55 41.05  22172
77.55 41.55  21153
77.55 42.05  14909
77.55 42.55  17495
77.55 43.05  15622
77.55 43.55  19811
77.55 44.05  13505
77.55 44.55  9754
77.55 45.05  12948
77.55 45.55  15442
77.55 46.05  15661
77.55 46.55  16179
77.55 47.05  22220
77.55 47.55  20804
77.55 48.05  14721
77.55 48.55  15566
77.55 49.05  15914
77.55 49.55  14280
77.55 50.05  14798
77.55 50.55  16209
77.55 51.05  18770
77.55 51.55  5735
77.55 52.05  41
80.05 37.55  2872
80.05 38.05  24947
80.05 38.55  19626
80.05 39.05  17837
80.05 39.55  17216
80.05 40.05  20882
80.05 40.55  21263
80.05 41.05  21417
80.05 41.55  21516
80.05 42.05  24480
80.05 42.55  26987
80.05 43.05  20103
80.05 43.55  22789
80.05 44.05  20376
80.05 44.55  17304
80.05 45.05  21741
80.05 45.55  18942
80.05 46.05  22997
80.05 46.55  19475
80.05 47.05  25523
80.05 47.55  23112
80.05 48.05  14861
80.05 48.55  19508
80.05 49.05  21651
80.05 49.55  20757
80.05 50.05  15409
80.05 50.55  22921
80.05 51.05  22010
80.05 51.55  6056
80.05 52.05  42
82.55 37.55  1383
82.55 38.05  13471
82.55 38.55  10687
82.55 39.05  12171
82.55 39.55  22371
82.55 40.05  22253
82.55 40.55  18165
82.55 41.05  20980
82.55 41.55  16577
82.55 42.05  21431
82.55 42.55  26651
82.55 43.05  14290
82.55 43.55  19681
82.55 44.05  20172
82.55 44.55  14986
82.55 45.05  16598
82.55 45.55  15961
82.55 46.05  14232
82.55 46.55  16759
82.55 47.05  19872
82.55 47.55  16761
82.55 48.05  12031
82.55 48.55  15109
82.55 49.05  15977
82.55 49.55  17565
82.55 50.05  13303
82.55 50.55  16357
82.55 51.05  16470
82.55 51.55  5855
82.55 52.05  63
85.05 37.55  1789
85.05 38.05  18231
85.05 38.55  12792
85.05 39.05  19346
85.05 39.55  23296
85.05 40.05  25039
85.05 40.55  16831
85.05 41.05  20816
85.05 41.55  21544
85.05 42.05  13796
85.05 42.55  23825
85.05 43.05  16871
85.05 43.55  21230
85.05 44.05  22006
85.05 44.55  18452
85.05 45.05  20046
85.05 45.55  21608
85.05 46.05  14198
85.05 46.55  22148
85.05 47.05  22303
85.05 47.55  21484
85.05 48.05  17475
85.05 48.55  19436
85.05 49.05  22650
85.05 49.55  22187
85.05 50.05  17058
85.05 50.55  20100
85.05 51.05  19568
85.05 51.55  8420
85.05 52.05  72
87.55 37.55  2372
87.55 38.05  22454
87.55 38.55  20909
87.55 39.05  23407
87.55 39.55  20669
87.55 40.05  20173
87.55 40.55  13906
87.55 41.05  16996
87.55 41.55  20554
87.55 42.05  13215
87.55 42.55  13950
87.55 43.05  9856
87.55 43.55  14960
87.55 44.05  17794
87.55 44.55  13515
87.55 45.05  18436
87.55 45.55  17495
87.55 46.05  12866
87.55 46.55  17367
87.55 47.05  17431
87.55 47.55  17363
87.55 48.05  17165
87.55 48.55  14387
87.55 49.05  18754
87.55 49.55  17388
87.55 50.05  12566
87.55 50.55  17264
87.55 51.05  16654
87.55 51.55  6296
87.55 52.05  71
90.05 37.55  2804
90.05 38.05  23695
90.05 38.55  20409
90.05 39.05  19601
90.05 39.55  22154
90.05 40.05  21157
90.05 40.55  18698
90.05 41.05  23222
90.05 41.55  20216
90.05 42.05  15828
90.05 42.55  18896
90.05 43.05  18667
90.05 43.55  22217
90.05 44.05  20978
90.05 44.55  14770
90.05 45.05  23030
90.05 45.55  21783
90.05 46.05  18049
90.05 46.55  22255
90.05 47.05  21893
90.05 47.55  21076
90.05 48.05  20457
90.05 48.55  15941
90.05 49.05  21624
90.05 49.55  22044
90.05 50.05  14464
90.05 50.55  22072
90.05 51.05  21237
90.05 51.55  7374
90.05 52.05  68
92.55 37.55  2580
92.55 38.05  17625
92.55 38.55  10377
92.55 39.05  10742
92.55 39.55  19395
92.55 40.05  22573
92.55 40.55  12209
92.55 41.05  11660
92.55 41.55  8186
92.55 42.05  12850
92.55 42.55  22116
92.55 43.05  23059
92.55 43.55  16010
92.55 44.05  14834
92.55 44.55  11336
92.55 45.05  16301
92.55 45.55  16218
92.55 46.05  14886
92.55 46.55  16255
92.55 47.05  18564
92.55 47.55  19359
92.55 48.05  15218
92.55 48.55  13036
92.55 49.05  17377
92.55 49.55  15116
92.55 50.05  13659
92.55 50.55  18431
92.55 51.05  15461
92.55 51.55  6131
92.55 52.05  50
95.05 37.55  3008
95.05 38.05  19539
95.05 38.55  14334
95.05 39.05  20319
95.05 39.55  23757
95.05 40.05  17140
95.05 40.55  15934
95.05 41.05  18009
95.05 41.55  21911
95.05 42.05  19061
95.05 42.55  26398
95.05 43.05  22611
95.05 43.55  21515
95.05 44.05  20900
95.05 44.55  14707
95.05 45.05  21387
95.05 45.55  20439
95.05 46.05  20930
95.05 46.55  19055
95.05 47.05  19901
95.05 47.55  22978
95.05 48.05  18357
95.05 48.55  19283
95.05 49.05  20757
95.05 49.55  18629
95.05 50.05  18671
95.05 50.55  20438
95.05 51.05  20023
95.05 51.55  8676
95.05 52.05  62
97.55 37.55  1746
97.55 38.05  12964
97.55 38.55  12427
97.55 39.05  17603
97.55 39.55  22434
97.55 40.05  10671
97.55 40.55  17807
97.55 41.05  26377
97.55 41.55  21720
97.55 42.05  14856
97.55 42.55  21403
97.55 43.05  20336
97.55 43.55  24373
97.55 44.05  17115
97.55 44.55  10202
97.55 45.05  13929
97.55 45.55  13759
97.55 46.05  13721
97.55 46.55  15436
97.55 47.05  16582
97.55 47.55  20694
97.55 48.05  15027
97.55 48.55  18106
97.55 49.05  15781
97.55 49.55  15028
97.55 50.05  15988
97.55 50.55  15723
97.55 51.05  17655
97.55 51.55  5656
97.55 52.05  46
100.05 37.55  3232
100.05 38.05  20026
100.05 38.55  17320
100.05 39.05  17584
100.05 39.55  22286
100.05 40.05  21653
100.05 40.55  19396
100.05 41.05  22801
100.05 41.55  23402
100.05 42.05  17451
100.05 42.55  21747
100.05 43.05  20903
100.05 43.55  20444
100.05 44.05  20450
100.05 44.55  17146
100.05 45.05  21576
100.05 45.55  22127
100.05 46.05  15667
100.05 46.55  20848
100.05 47.05  22994
100.05 47.55  26384
100.05 48.05  16762
100.05 48.55  22589
100.05 49.05  20298
100.05 49.55  16559
100.05 50.05  19127
100.05 50.55  21738
100.05 51.05  22584
100.05 51.55  4786
100.05 52.05  18
102.55 37.55  2257
102.55 38.05  13484
102.55 38.55  10395
102.55 39.05  16132
102.55 39.55  15884
102.55 40.05  21359
102.55 40.55  17768
102.55 41.05  18314
102.55 41.55  21068
102.55 42.05  15949
102.55 42.55  15740
102.55 43.05  17826
102.55 43.55  11675
102.55 44.05  11274
102.55 44.55  12027
102.55 45.05  16622
102.55 45.55  22533
102.55 46.05  15660
102.55 46.55  15845
102.55 47.05  18757
102.55 47.55  19529
102.55 48.05  13883
102.55 48.55  17804
102.55 49.05  19292
102.55 49.55  13348
102.55 50.05  15072
102.55 50.55  18586
102.55 51.05  18186
102.55 51.55  5115
102.55 52.05  43
105.05 37.55  994
105.05 38.05  16317
105.05 38.55  16628
105.05 39.05  26062
105.05 39.55  22309
105.05 40.05  20253
105.05 40.55  18568
105.05 41.05  20086
105.05 41.55  24473
105.05 42.05  22677
105.05 42.55  16712
105.05 43.05  23680
105.05 43.55  19883
105.05 44.05  15425
105.05 44.55  15043
105.05 45.05  21442
105.05 45.55  22327
105.05 46.05  17826
105.05 46.55  19718
105.05 47.05  21770
105.05 47.55  25336
105.05 48.05  19327
105.05 48.55  19936
105.05 49.05  21535
105.05 49.55  16010
105.05 50.05  17957
105.05 50.55  20993
105.05 51.05  20688
105.05 51.55  7828
105.05 52.05  59
107.55 37.55  817
107.55 38.05  18197
107.55 38.55  17583
107.55 39.05  19190
107.55 39.55  18109
107.55 40.05  14325
107.55 40.55  14733
107.55 41.05  20030
107.55 41.55  19898
107.55 42.05  17310
107.55 42.55  13816
107.55 43.05  16031
107.55 43.55  17047
107.55 44.05  13824
107.55 44.55  15213
107.55 45.05  23241
107.55 45.55  15277
107.55 46.05  13622
107.55 46.55  15205
107.55 47.05  17184
107.55 47.55  18926
107.55 48.05  13125
107.55 48.55  15292
107.55 49.05  16793
107.55 49.55  12330
107.55 50.05  14784
107.55 50.55  15590
107.55 51.05  15153
107.55 51.55  5433
107.55 52.05  43
110.05 37.55  988
110.05 38.05  21199
110.05 38.55  23195
110.05 39.05  22760
110.05 39.55  21712
110.05 40.05  20885
110.05 40.55  19428
110.05 41.05  21316
110.05 41.55  21895
110.05 42.05  20360
110.05 42.55  20001
110.05 43.05  21184
110.05 43.55  20790
110.05 44.05  18629
110.05 44.55  19241
110.05 45.05  21839
110.05 45.55  20441
110.05 46.05  18803
110.05 46.55  20414
110.05 47.05  22354
110.05 47.55  23413
110.05 48.05  15842
110.05 48.55  22853
110.05 49.05  21401
110.05 49.55  16072
110.05 50.05  19821
110.05 50.55  20749
110.05 51.05  21129
110.05 51.55  6633
110.05 52.05  58
112.55 37.55  976
112.55 38.05  20991
112.55 38.55  21262
112.55 39.05  14627
112.55 39.55  19003
112.55 40.05  16630
112.55 40.55  16668
112.55 41.05  18825
112.55 41.55  22427
112.55 42.05  18404
112.55 42.55  23886
112.55 43.05  15992
112.55 43.55  14690
112.55 44.05  16750
112.55 44.55  14997
112.55 45.05  12333
112.55 45.55  15757
112.55 46.05  14758
112.55 46.55  18130
112.55 47.05  16322
112.55 47.55  20681
112.55 48.05  13966
112.55 48.55  18136
112.55 49.05  16743
112.55 49.55  14446
112.55 50.05  13756
112.55 50.55  17338
112.55 51.05  17066
112.55 51.55  5968
112.55 52.05  55
115.05 37.55  898
115.05 38.05  14768
115.05 38.55  20425
115.05 39.05  16742
115.05 39.55  23519
115.05 40.05  22144
115.05 40.55  18021
115.05 41.05  15588
115.05 41.55  17315
115.05 42.05  15267
115.05 42.55  23379
115.05 43.05  12655
115.05 43.55  21468
115.05 44.05  21591
115.05 44.55  17456
115.05 45.05  17916
115.05 45.55  19357
115.05 46.05  14819
115.05 46.55  22211
115.05 47.05  21740
115.05 47.55  20779
115.05 48.05  15448
115.05 48.55  21557
115.05 49.05  21179
115.05 49.55  19921
115.05 50.05  14715
115.05 50.55  20784
115.05 51.05  20204
115.05 51.55  7013
115.05 52.05  53
117.55 37.55  146
117.55 38.05  1747
117.55 38.55  4157
117.55 39.05  4646
117.55 39.55  4277
117.55 40.05  4773
117.55 40.55  3717
117.55 41.05  2875
117.55 41.55  2853
117.55 42.05  2720
117.55 42.55  5270
117.55 43.05  3567
117.55 43.55  9911
117.55 44.05  7759
117.55 44.55  6675
117.55 45.05  9885
117.55 45.55  8035
117.55 46.05  4813
117.55 46.55  7387
117.55 47.05  10595
117.55 47.55  6080
117.55 48.05  5686
117.55 48.55  9009
117.55 49.05  7561
117.55 49.55  8112
117.55 50.05  6174
117.55 50.55  8629
117.55 51.05  8725
117.55 51.55  2785
117.55 52.05  13
120.05 37.55  3
120.05 38.05  12
120.05 38.55  174
120.05 39.05  146
120.05 39.55  63
120.05 40.05  79
120.05 40.55  75
120.05 41.05  106
120.05 41.55  45
120.05 42.05  41
120.05 42.55  225
120.05 43.05  212
120.05 43.55  676
120.05 44.05  479
120.05 44.55  490
120.05 45.05  893
120.05 45.55  586
120.05 46.05  375
120.05 46.55  348
120.05 47.05  801
120.05 47.55  377
120.05 48.05  381
120.05 48.55  678
120.05 49.05  546
120.05 49.55  616
120.05 50.05  501
120.05 50.55  555
120.05 51.05  679
120.05 51.55  182
120.05 52.05  1
122.55 38.55  1
122.55 39.05  4
122.55 40.05  1
122.55 42.55  1
122.55 43.05  3
122.55 43.55  13
122.55 44.05  3
122.55 44.55  1
122.55 45.05  5
122.55 45.55  7
122.55 46.05  3
122.55 46.55  2
122.55 47.05  23
122.55 47.55  6
122.55 48.05  9
122.55 48.55  14
122.55 49.05  2
122.55 49.55  7
122.55 50.05  4
122.55 50.55  9
122.55 51.05  3
122.55 51.55  1
125.05 48.55  2
