-52.45 47.55  1
-49.95 50.55  1
-42.45 41.55  1
-42.45 47.55  1
-39.95 37.55  3
-39.95 38.05  2
-39.95 38.55  2
-39.95 39.05  7
-39.95 39.55  1
-39.95 40.05  13
-39.95 40.55  7
-39.95 41.05  2
-39.95 41.55  9
-39.95 42.05  8
-39.95 42.55  3
-39.95 43.05  1
-39.95 43.55  40
-39.95 44.05  20
-39.95 44.55  29
-39.95 45.05  4
-39.95 45.55  10
-39.95 46.05  16
-39.95 46.55  5
-39.95 47.05  2
-39.95 47.55  6
-39.95 48.05  2
-39.95 49.05  2
-39.95 50.05  1
-39.95 50.55  3
-39.95 51.05  12
-39.95 51.55  4
-37.45 37.55  47
-37.45 38.05  622
-37.45 38.55  794
-37.45 39.05  330
-37.45 39.55  378
-37.45 40.05  752
-37.45 40.55  557
-37.45 41.05  430
-37.45 41.55  518
-37.45 42.05  305
-37.45 42.55  428
-37.45 43.05  440
-37.45 43.55  1763
-37.45 44.05  841
-37.45 44.55  921
-37.45 45.05  489
-37.45 45.55  472
-37.45 46.05  478
-37.45 46.55  729
-37.45 47.05  366
-37.45 47.55  487
-37.45 48.05  446
-37.45 48.55  296
-37.45 49.05  510
-37.45 49.55  283
-37.45 50.05  369
-37.45 50.55  493
-37.45 51.05  1023
-37.45 51.55  484
-37.45 52.05  1
-34.95 37.55  1624
-34.95 38.05  28011
-34.95 38.55  31943
-34.95 39.05  19098
-34.95 39.55  27842
-34.95 40.05  30915
-34.95 40.55  24847
-34.95 41.05  24802
-34.95 41.55  24862
-34.95 42.05  25031
-34.95 42.55  37591
-34.95 43.05  25546
-34.95 43.55  32634
-34.95 44.05  23479
-34.95 44.55  28961
-34.95 45.05  30516
-34.95 45.55  29384
-34.95 46.05  22494
-34.95 46.55  31102
-34.95 47.05  24620
-34.95 47.55  26924
-34.95 48.05  29575
-34.95 48.55  20848
-34.95 49.05  28162
-34.95 49.55  25195
-34.95 50.05  26253
-34.95 50.55  25175
-34.95 51.05  27120
-34.95 51.55  9041
-34.95 52.05  58
-32.45 37.55  1514
-32.45 38.05  15330
-32.45 38.55  13798
-32.45 39.05  11687
-32.45 39.55  19309
-32.45 40.05  18016
-32.45 40.55  15735
-32.45 41.05  15418
-32.45 41.55  20032
-32.45 42.05  11483
-32.45 42.55  15913
-32.45 43.05  18726
-32.45 43.55  13269
-32.45 44.05  9604
-32.45 44.55  15559
-32.45 45.05  16029
-32.45 45.55  23209
-32.45 46.05  13812
-32.45 46.55  22003
-32.45 47.05  20390
-32.45 47.55  18056
-32.45 48.05  13349
-32.45 48.55  9268
-32.45 49.05  11607
-32.45 49.55  17536
-32.45 50.05  17191
-32.45 50.55  15800
-32.45 51.05  16577
-32.45 51.55  5547
-32.45 52.05  39
-29.95 37.55  2486
-29.95 38.05  19620
-29.95 38.55  16161
-29.95 39.05  19520
-29.95 39.55  22028
-29.95 40.05  22450
-29.95 40.55  18087
-29.95 41.05  17696
-29.95 41.55  21743
-29.95 42.05  18217
-29.95 42.55  16684
-29.95 43.05  21269
-29.95 43.55  20621
-29.95 44.05  12628
-29.95 44.55  24458
-29.95 45.05  21747
-29.95 45.55  21048
-29.95 46.05  13070
-29.95 46.55  26580
-29.95 47.05  25702
-29.95 47.55  24357
-29.95 48.05  14911
-29.95 48.55  17439
-29.95 49.05  17428
-29.95 49.55  19707
-29.95 50.05  19584
-29.95 50.55  20019
-29.95 51.05  20196
-29.95 51.55  6437
-29.95 52.05  38
-27.45 37.55  1511
-27.45 38.05  12521
-27.45 38.55  12980
-27.45 39.05  16078
-27.45 39.55  16325
-27.45 40.05  15856
-27.45 40.55  13893
-27.45 41.05  17860
-27.45 41.55  16171
-27.45 42.05  22670
-27.45 42.55  25178
-27.45 43.05  20042
-27.45 43.55  14612
-27.45 44.05  11119
-27.45 44.55  14788
-27.45 45.05  19331
-27.45 45.55  17237
-27.45 46.05  9639
-27.45 46.55  13084
-27.45 47.05  19195
-27.45 47.55  20816
-27.45 48.05  15991
-27.45 48.55  21228
-27.45 49.05  21472
-27.45 49.55  16790
-27.45 50.05  15703
-27.45 50.55  13172
-27.45 51.05  11637
-27.45 51.55  3222
-27.45 52.05  35
-24.95 37.55  1861
-24.95 38.05  18933
-24.95 38.55  18418
-24.95 39.05  20519
-24.95 39.55  20363
-24.95 40.05  19671
-24.95 40.55  16201
-24.95 41.05  18688
-24.95 41.55  22324
-24.95 42.05  19062
-24.95 42.55  26464
-24.95 43.05  19644
-24.95 43.55  21288
-24.95 44.05  19692
-24.95 44.55  15258
-24.95 45.05  20594
-24.95 45.55  19344
-24.95 46.05  13477
-24.95 46.55  20172
-24.95 47.05  24284
-24.95 47.55  24625
-24.95 48.05  18290
-24.95 48.55  23522
-24.95 49.05  27074
-24.95 49.55  19088
-24.95 50.05  21391
-24.95 50.55  20190
-24.95 51.05  20373
-24.95 51.55  5497
-24.95 52.05  21
-22.45 37.55  1469
-22.45 38.05  17428
-22.45 38.55  17246
-22.45 39.05  15427
-22.45 39.55  16955
-22.45 40.05  19327
-22.45 40.55  15009
-22.45 41.05  11358
-22.45 41.55  16480
-22.45 42.05  10748
-22.45 42.55  15025
-22.45 43.05  14123
-22.45 43.55  17298
-22.45 44.05  13713
-22.45 44.55  13729
-22.45 45.05  19959
-22.45 45.55  12777
-22.45 46.05  14549
-22.45 46.55  22062
-22.45 47.05  23693
-22.45 47.55  17873
-22.45 48.05  19062
-22.45 48.55  24974
-22.45 49.05  18397
-22.45 49.55  13455
-22.45 50.05  16039
-22.45 50.55  17140
-22.45 51.05  18157
-22.45 51.55  4735
-22.45 52.05  17
-19.95 37.55  2105
-19.95 38.05  19854
-19.95 38.55  19690
-19.95 39.05  14605
-19.95 39.55  20804
-19.95 40.05  23552
-19.95 40.55  21063
-19.95 41.05  13678
-19.95 41.55  19697
-19.95 42.05  18948
-19.95 42.55  19927
-19.95 43.05  19323
-19.95 43.55  22253
-19.95 44.05  19517
-19.95 44.55  17453
-19.95 45.05  20394
-19.95 45.55  19771
-19.95 46.05  20077
-19.95 46.55  21080
-19.95 47.05  18645
-19.95 47.55  21390
-19.95 48.05  17450
-19.95 48.55  20328
-19.95 49.05  22368
-19.95 49.55  16560
-19.95 50.05  19425
-19.95 50.55  21132
-19.95 51.05  19879
-19.95 51.55  4562
-19.95 52.05  13
-17.45 37.55  1848
-17.45 38.05  18471
-17.45 38.55  16879
-17.45 39.05  13271
-17.45 39.55  8852
-17.45 40.05  9530
-17.45 40.55  13172
-17.45 41.05  11020
-17.45 41.55  13894
-17.45 42.05  21307
-17.45 42.55  23344
-17.45 43.05  12571
-17.45 43.55  22531
-17.45 44.05  19169
-17.45 44.55  16504
-17.45 45.05  14907
-17.45 45.55  14930
-17.45 46.05  12389
-17.45 46.55  14543
-17.45 47.05  12374
-17.45 47.55  17387
-17.45 48.05  11790
-17.45 48.55  11678
-17.45 49.05  14040
-17.45 49.55  18449
-17.45 50.05  15560
-17.45 50.55  18199
-17.45 51.05  21422
-17.45 51.55  4310
-17.45 52.05  38
-14.95 37.55  1703
-14.95 38.05  20580
-14.95 38.55  16039
-14.95 39.05  19826
-14.95 39.55  8334
-14.95 40.05  12243
-14.95 40.55  15184
-14.95 41.05  16121
-14.95 41.55  20229
-14.95 42.05  17119
-14.95 42.55  25291
-14.95 43.05  19398
-14.95 43.55  21493
-14.95 44.05  19008
-14.95 44.55  20846
-14.95 45.05  21296
-14.95 45.55  22454
-14.95 46.05  14954
-14.95 46.55  22310
-14.95 47.05  23303
-14.95 47.55  23419
-14.95 48.05  18191
-14.95 48.55  18849
-14.95 49.05  21005
-14.95 49.55  20514
-14.95 50.05  17415
-14.95 50.55  20892
-14.95 51.05  22295
-14.95 51.55  5105
-14.95 52.05  37
-12.45 37.55  1464
-12.45 38.05  14184
-12.45 38.55  15142
-12.45 39.05  27491
-12.45 39.55  24341
-12.45 40.05  26747
-12.45 40.55  19777
-12.45 41.05  17663
-12.45 41.55  18438
-12.45 42.05  11453
-12.45 42.55  17606
-12.45 43.05  18205
-12.45 43.55  10832
-12.45 44.05  14947
-12.45 44.55  15948
-12.45 45.05  17861
-12.45 45.55  13323
-12.45 46.05  11668
-12.45 46.55  18475
-12.45 47.05  25568
-12.45 47.55  18710
-12.45 48.05  13812
-12.45 48.55  14380
-12.45 49.05  17983
-12.45 49.55  11147
-12.45 50.05  11394
-12.45 50.55  15994
-12.45 51.05  16237
-12.45 51.55  4666
-12.45 52.05  22
-9.95 37.55  2353
-9.95 38.05  19513
-9.95 38.55  18264
-9.95 39.05  25393
-9.95 39.55  26720
-9.95 40.05  23576
-9.95 40.55  19925
-9.95 41.05  18976
-9.95 41.55  21351
-9.95 42.05  15367
-9.95 42.55  22217
-9.95 43.05  19943
-9.95 43.55  21801
-9.95 44.05  21393
-9.95 44.55  18643
-9.95 45.05  20754
-9.95 45.55  18881
-9.95 46.05  15067
-9.95 46.55  18552
-9.95 47.05  21605
-9.95 47.55  27916
-9.95 48.05  16887
-9.95 48.55  17595
-9.95 49.05  21288
-9.95 49.55  20437
-9.95 50.05  18006
-9.95 50.55  20623
-9.95 51.05  21916
-9.95 51.55  7193
-9.95 52.05  30
-7.45 37.55  1329
-7.45 38.05  13498
-7.45 38.55  10178
-7.45 39.05  11589
-7.45 39.55  15535
-7.45 40.05  11808
-7.45 40.55  18666
-7.45 41.05  21087
-7.45 41.55  15112
-7.45 42.05  12138
-7.45 42.55  16026
-7.45 43.05  16947
-7.45 43.55  19641
-7.45 44.05  14126
-7.45 44.55  14754
-7.45 45.05  16958
-7.45 45.55  25014
-7.45 46.05  15403
-7.45 46.55  14746
-7.45 47.05  16640
-7.45 47.55  26419
-7.45 48.05  17137
-7.45 48.55  15650
-7.45 49.05  19444
-7.45 49.55  17248
-7.45 50.05  16027
-7.45 50.55  19685
-7.45 51.05  19311
-7.45 51.55  6805
-7.45 52.05  43
-4.95 37.55  767
-4.95 38.05  18903
-4.95 38.55  21609
-4.95 39.05  11942
-4.95 39.55  14268
-4.95 40.05  14383
-4.95 40.55  23179
-4.95 41.05  18863
-4.95 41.55  19241
-4.95 42.05  23635
-4.95 42.55  18096
-4.95 43.05  20293
-4.95 43.55  20046
-4.95 44.05  14871
-4.95 44.55  20726
-4.95 45.05  22433
-4.95 45.55  23792
-4.95 46.05  16852
-4.95 46.55  18717
-4.95 47.05  22293
-4.95 47.55  24722
-4.95 48.05  20913
-4.95 48.55  18119
-4.95 49.05  20792
-4.95 49.55  18922
-4.95 50.05  17697
-4.95 50.55  20291
-4.95 51.05  19872
-4.95 51.55  8163
-4.95 52.05  44
-2.45 37.55  689
-2.45 38.05  17029
-2.45 38.55  26646
-2.45 39.05  19672
-2.45 39.55  19641
-2.45 40.05  14017
-2.45 40.55  16536
-2.45 41.05  13065
-2.45 41.55  20479
-2.45 42.05  22053
-2.45 42.55  15366
-2.45 43.05  17029
-2.45 43.55  22445
-2.45 44.05  14045
-2.45 44.55  17192
-2.45 45.05  23528
-2.45 45.55  17091
-2.45 46.05  10458
-2.45 46.55  13417
-2.45 47.05  14856
-2.45 47.55  15255
-2.45 48.05  14571
-2.45 48.55  16031
-2.45 49.05  16314
-2.45 49.55  13871
-2.45 50.05  12620
-2.45 50.55  11971
-2.45 51.05  14296
-2.45 51.55  5213
-2.45 52.05  29
0.05 37.55  799
0.05 38.05  18045
0.05 38.55  22508
0.05 39.05  22656
0.05 39.55  26890
0.05 40.05  21615
0.05 40.55  16848
0.05 41.05  19611
0.05 41.55  20296
0.05 42.05  21645
0.05 42.55  20581
0.05 43.05  21397
0.05 43.55  22828
0.05 44.05  16409
0.05 44.55  18399
0.05 45.05  19779
0.05 45.55  21641
0.05 46.05  18071
0.05 46.55  25044
0.05 47.05  23482
0.05 47.55  24313
0.05 48.05  16226
0.05 48.55  20279
0.05 49.05  22894
0.05 49.55  19345
0.05 50.05  20874
0.05 50.55  16717
0.05 51.05  20129
0.05 51.55  5818
0.05 52.05  29
2.55 37.55  564
2.55 38.05  10431
2.55 38.55  14078
2.55 39.05  16505
2.55 39.55  24170
2.55 40.05  19884
2.55 40.55  9809
2.55 41.05  10475
2.55 41.55  18148
2.55 42.05  21565
2.55 42.55  20769
2.55 43.05  15559
2.55 43.55  20739
2.55 44.05  13381
2.55 44.55  11210
2.55 45.05  11239
2.55 45.55  18507
2.55 46.05  16662
2.55 46.55  20301
2.55 47.05  20391
2.55 47.55  20757
2.55 48.05  13315
2.55 48.55  15196
2.55 49.05  17181
2.55 49.55  16385
2.55 50.05  21091
2.55 50.55  19034
2.55 51.05  15838
2.55 51.55  4667
2.55 52.05  21
5.05 37.55  496
5.05 38.05  12200
5.05 38.55  20064
5.05 39.05  18436
5.05 39.55  20607
5.05 40.05  19658
5.05 40.55  7497
5.05 41.05  5987
5.05 41.55  23928
5.05 42.05  21095
5.05 42.55  22627
5.05 43.05  20164
5.05 43.55  19871
5.05 44.05  14716
5.05 44.55  15823
5.05 45.05  20780
5.05 45.55  20927
5.05 46.05  17089
5.05 46.55  19434
5.05 47.05  20760
5.05 47.55  24679
5.05 48.05  19094
5.05 48.55  19847
5.05 49.05  20721
5.05 49.55  19611
5.05 50.05  20560
5.05 50.55  21732
5.05 51.05  20948
5.05 51.55  7591
5.05 52.05  50
7.55 37.55  567
7.55 38.05  14533
7.55 38.55  22726
7.55 39.05  17310
7.55 39.55  14916
7.55 40.05  20288
7.55 40.55  17683
7.55 41.05  22637
7.55 41.55  20576
7.55 42.05  17499
7.55 42.55  18278
7.55 43.05  17500
7.55 43.55  14196
7.55 44.05  23733
7.55 44.55  30083
7.55 45.05  18059
7.55 45.55  15265
7.55 46.05  10838
7.55 46.55  13816
7.55 47.05  18805
7.55 47.55  18847
7.55 48.05  15920
7.55 48.55  15378
7.55 49.05  16929
7.55 49.55  18085
7.55 50.05  13046
7.55 50.55  13874
7.55 51.05  16084
7.55 51.55  4887
7.55 52.05  17
10.05 37.55  516
10.05 38.05  14083
10.05 38.55  24058
10.05 39.05  20636
10.05 39.55  22898
10.05 40.05  17978
10.05 40.55  28732
10.05 41.05  31350
10.05 41.55  22009
10.05 42.05  19702
10.05 42.55  22304
10.05 43.05  19826
10.05 43.55  22548
10.05 44.05  18133
10.05 44.55  22255
10.05 45.05  22865
10.05 45.55  24305
10.05 46.05  17583
10.05 46.55  21031
10.05 47.05  23335
10.05 47.55  22571
10.05 48.05  18604
10.05 48.55  19970
10.05 49.05  23503
10.05 49.55  21795
10.05 50.05  16090
10.05 50.55  18311
10.05 51.05  20522
10.05 51.55  6121
10.05 52.05  29
12.55 37.55  671
12.55 38.05  15827
12.55 38.55  22459
12.55 39.05  15801
12.55 39.55  12151
12.55 40.05  14164
12.55 40.55  17810
12.55 41.05  12826
12.55 41.55  17285
12.55 42.05  16204
12.55 42.55  17522
12.55 43.05  13376
12.55 43.55  15725
12.55 44.05  9680
12.55 44.55  10686
12.55 45.05  18173
12.55 45.55  20573
12.55 46.05  20268
12.55 46.55  17630
12.55 47.05  19898
12.55 47.55  18021
12.55 48.05  11315
12.55 48.55  11834
12.55 49.05  27548
12.55 49.55  23586
12.55 50.05  15517
12.55 50.55  17793
12.55 51.05  17576
12.55 51.55  6242
12.55 52.05  56
15.05 37.55  1142
15.05 38.05  18805
15.05 38.55  23199
15.05 39.05  18646
15.05 39.55  19014
15.05 40.05  12054
15.05 40.55  22671
15.05 41.05  16208
15.05 41.55  16298
15.05 42.05  19535
15.05 42.55  23976
15.05 43.05  19696
15.05 43.55  22408
15.05 44.05  17378
15.05 44.55  18676
15.05 45.05  20972
15.05 45.55  17497
15.05 46.05  21556
15.05 46.55  19054
15.05 47.05  22326
15.05 47.55  23850
15.05 48.05  21432
15.05 48.55  20297
15.05 49.05  20090
15.05 49.55  25310
15.05 50.05  16231
15.05 50.55  19751
15.05 51.05  19545
15.05 51.55  7999
15.05 52.05  66
17.55 37.55  1544
17.55 38.05  13588
17.55 38.55  12314
17.55 39.05  18132
17.55 39.55  23353
17.55 40.05  16238
17.55 40.55  22665
17.55 41.05  12478
17.55 41.55  10582
17.55 42.05  14238
17.55 42.55  16716
17.55 43.05  16209
17.55 43.55  17152
17.55 44.05  12978
17.55 44.55  14637
17.55 45.05  15471
17.55 45.55  7417
17.55 46.05  12204
17.55 46.55  17539
17.55 47.05  19315
17.55 47.55  17336
17.55 48.05  23651
17.55 48.55  21468
17.55 49.05  13928
17.55 49.55  17106
17.55 50.05  13215
17.55 50.55  15073
17.55 51.05  16931
17.55 51.55  4815
17.55 52.05  25
20.05 37.55  5181
20.05 38.05  17929
20.05 38.55  9857
20.05 39.05  22095
20.05 39.55  24155
20.05 40.05  22265
20.05 40.55  23434
20.05 41.05  14989
20.05 41.55  20017
20.05 42.05  25878
20.05 42.55  19089
20.05 43.05  19318
20.05 43.55  23308
20.05 44.05  17742
20.05 44.55  20029
20.05 45.05  21718
20.05 45.55  17013
20.05 46.05  20152
20.05 46.55  18544
20.05 47.05  21299
20.05 47.55  23040
20.05 48.05  21686
20.05 48.55  17854
20.05 49.05  21107
20.05 49.55  21670
20.05 50.05  19224
20.05 50.55  20997
20.05 51.05  21187
20.05 51.55  3463
20.05 52.05  4
22.55 37.55  4235
22.55 38.05  21385
22.55 38.55  8356
22.55 39.05  8226
22.55 39.55  12108
22.55 40.05  10059
22.55 40.55  18833
22.55 41.05  16509
22.55 41.55  10952
22.55 42.05  21705
22.55 42.55  19066
22.55 43.05  16337
22.55 43.55  13943
22.55 44.05  11168
22.55 44.55  14369
22.55 45.05  18982
22.55 45.55  17899
22.55 46.05  17374
22.55 46.55  10480
22.55 47.05  14069
22.55 47.55  19453
22.55 48.05  13999
22.55 48.55  12000
22.55 49.05  11323
22.55 49.55  17781
22.55 50.05  16508
22.55 50.55  16246
22.55 51.05  11606
22.55 51.55  2162
22.55 52.05  8
25.05 37.55  1738
25.05 38.05  18668
25.05 38.55  12614
25.05 39.05  9087
25.05 39.55  18413
25.05 40.05  11286
25.05 40.55  11593
25.05 41.05  12435
25.05 41.55  13207
25.05 42.05  17955
25.05 42.55  22309
25.05 43.05  23170
25.05 43.55  21854
25.05 44.05  13707
25.05 44.55  19830
25.05 45.05  20538
25.05 45.55  20213
25.05 46.05  21003
25.05 46.55  17947
25.05 47.05  22144
25.05 47.55  24042
25.05 48.05  17799
25.05 48.55  20022
25.05 49.05  23290
25.05 49.55  23452
25.05 50.05  22901
25.05 50.55  19543
25.05 51.05  20951
25.05 51.55  3967
25.05 52.05  20
27.55 37.55  680
27.55 38.05  10048
27.55 38.55  17481
27.55 39.05  18410
27.55 39.55  21752
27.55 40.05  17400
27.55 40.55  15486
27.55 41.05  17219
27.55 41.55  22884
27.55 42.05  10891
27.55 42.55  11315
27.55 43.05  18895
27.55 43.55  19882
27.55 44.05  19436
27.55 44.55  23804
27.55 45.05  16878
27.55 45.55  13755
27.55 46.05  17054
27.55 46.55  14041
27.55 47.05  17764
27.55 47.55  21072
27.55 48.05  16527
27.55 48.55  18151
27.55 49.05  25117
27.55 49.55  22601
27.55 50.05  18073
27.55 50.55  14920
27.55 51.05  23855
27.55 51.55  4858
27.55 52.05  13
30.05 37.55  1435
30.05 38.05  17207
30.05 38.55  19888
30.05 39.05  20961
30.05 39.55  20841
30.05 40.05  10608
30.05 40.55  14475
30.05 41.05  8421
30.05 41.55  24692
30.05 42.05  15576
30.05 42.55  18233
30.05 43.05  20064
30.05 43.55  19303
30.05 44.05  21314
30.05 44.55  21847
30.05 45.05  21668
30.05 45.55  20411
30.05 46.05  21069
30.05 46.55  14945
30.05 47.05  21330
30.05 47.55  23967
30.05 48.05  18055
30.05 48.55  21000
30.05 49.05  20226
30.05 49.55  18687
30.05 50.05  18618
30.05 50.55  17820
30.05 51.05  21508
30.05 51.55  4290
30.05 52.05  15
32.55 37.55  2297
32.55 38.05  20121
32.55 38.55  22659
32.55 39.05  22221
32.55 39.55  12221
32.55 40.05  14863
32.55 40.55  25775
32.55 41.05  17838
32.55 41.55  18197
32.55 42.05  22255
32.55 42.55  25347
32.55 43.05  16685
32.55 43.55  16517
32.55 44.05  15777
32.55 44.55  15255
32.55 45.05  16511
32.55 45.55  18830
32.55 46.05  14570
32.55 46.55  9932
32.55 47.05  14393
32.55 47.55  16921
32.55 48.05  13518
32.55 48.55  16457
32.55 49.05  13299
32.55 49.55  10391
32.55 50.05  13604
32.55 50.55  16396
32.55 51.05  17444
32.55 51.55  3181
32.55 52.05  11
35.05 37.55  3070
35.05 38.05  21065
35.05 38.55  20840
35.05 39.05  21229
35.05 39.55  15517
35.05 40.05  14792
35.05 40.55  20990
35.05 41.05  25926
35.05 41.55  23604
35.05 42.05  23999
35.05 42.55  20138
35.05 43.05  21657
35.05 43.55  22508
35.05 44.05  17512
35.05 44.55  19226
35.05 45.05  20616
35.05 45.55  21924
35.05 46.05  19822
35.05 46.55  19425
35.05 47.05  24106
35.05 47.55  21659
35.05 48.05  15223
35.05 48.55  19655
35.05 49.05  20858
35.05 49.55  17272
35.05 50.05  20271
35.05 50.55  22344
35.05 51.05  22041
35.05 51.55  3961
35.05 52.05  8
37.55 37.55  1962
37.55 38.05  15544
37.55 38.55  10790
37.55 39.05  16506
37.55 39.55  23541
37.55 40.05  16676
37.55 40.55  18445
37.55 41.05  19848
37.55 41.55  15845
37.55 42.05  15322
37.55 42.55  15796
37.55 43.05  15955
37.55 43.55  15922
37.55 44.05  12755
37.55 44.55  13589
37.55 45.05  16464
37.55 45.55  18984
37.55 46.05  16230
37.55 46.55  17360
37.55 47.05  21426
37.55 47.55  19695
37.55 48.05  12951
37.55 48.55  16427
37.55 49.05  17696
37.55 49.55  14037
37.55 50.05  16117
37.55 50.55  19654
37.55 51.05  15667
37.55 51.55  3900
37.55 52.05  14
40.05 37.55  1938
40.05 38.05  19568
40.05 38.55  10391
40.05 39.05  24862
40.05 39.55  26417
40.05 40.05  20763
40.05 40.55  12314
40.05 41.05  9365
40.05 41.55  20372
40.05 42.05  18887
40.05 42.55  24038
40.05 43.05  20538
40.05 43.55  20256
40.05 44.05  19598
40.05 44.55  18602
40.05 45.05  19435
40.05 45.55  22146
40.05 46.05  20429
40.05 46.55  17729
40.05 47.05  23806
40.05 47.55  24358
40.05 48.05  16478
40.05 48.55  20548
40.05 49.05  22300
40.05 49.55  17069
40.05 50.05  18523
40.05 50.55  21903
40.05 51.05  20729
40.05 51.55  5956
40.05 52.05  34
42.55 37.55  1788
42.55 38.05  15181
42.55 38.55  6881
42.55 39.05  14704
42.55 39.55  18151
42.55 40.05  23928
42.55 40.55  22281
42.55 41.05  23561
42.55 41.55  15711
42.55 42.05  10251
42.55 42.55  15850
42.55 43.05  13319
42.55 43.55  13196
42.55 44.05  22397
42.55 44.55  15212
42.55 45.05  14783
42.55 45.55  18101
42.55 46.05  13490
42.55 46.55  15337
42.55 47.05  23810
42.55 47.55  19266
42.55 48.05  13521
42.55 48.55  14795
42.55 49.05  16076
42.55 49.55  13802
42.55 50.05  13099
42.55 50.55  15689
42.55 51.05  18644
42.55 51.55  6145
42.55 52.05  54
45.05 37.55  2399
45.05 38.05  19526
45.05 38.55  10137
45.05 39.05  12852
45.05 39.55  19732
45.05 40.05  20160
45.05 40.55  26140
45.05 41.05  31896
45.05 41.55  19857
45.05 42.05  15973
45.05 42.55  26510
45.05 43.05  17785
45.05 43.55  20327
45.05 44.05  22920
45.05 44.55  11841
45.05 45.05  21505
45.05 45.55  22543
45.05 46.05  14310
45.05 46.55  20817
45.05 47.05  23230
45.05 47.55  23087
45.05 48.05  19100
45.05 48.55  19535
45.05 49.05  21218
45.05 49.55  19572
45.05 50.05  16197
45.05 50.55  21627
45.05 51.05  20809
45.05 51.55  7618
45.05 52.05  76
47.55 37.55  1419
47.55 38.05  13093
47.55 38.55  14296
47.55 39.05  26299
47.55 39.55  18740
47.55 40.05  17229
47.55 40.55  19396
47.55 41.05  16474
47.55 41.55  17874
47.55 42.05  19353
47.55 42.55  20271
47.55 43.05  10508
47.55 43.55  20292
47.55 44.05  9553
47.55 44.55  7594
47.55 45.05  18484
47.55 45.55  18426
47.55 46.05  13676
47.55 46.55  12322
47.55 47.05  12150
47.55 47.55  15188
47.55 48.05  17312
47.55 48.55  17705
47.55 49.05  17380
47.55 49.55  14768
47.55 50.05  14940
47.55 50.55  15927
47.55 51.05  14941
47.55 51.55  4483
47.55 52.05  29
50.05 37.55  1091
50.05 38.05  16821
50.05 38.55  13228
50.05 39.05  26685
50.05 39.55  19173
50.05 40.05  16108
50.05 40.55  24404
50.05 41.05  19208
50.05 41.55  18388
50.05 42.05  19177
50.05 42.55  17906
50.05 43.05  18751
50.05 43.55  21419
50.05 44.05  15868
50.05 44.55  18096
50.05 45.05  22484
50.05 45.55  20302
50.05 46.05  21340
50.05 46.55  14275
50.05 47.05  21226
50.05 47.55  24631
50.05 48.05  22753
50.05 48.55  19431
50.05 49.05  20515
50.05 49.55  16111
50.05 50.05  21008
50.05 50.55  20689
50.05 51.05  21594
50.05 51.55  5514
50.05 52.05  18
52.55 37.55  718
52.55 38.05  14601
52.55 38.55  11586
52.55 39.05  17124
52.55 39.55  21680
52.55 40.05  8542
52.55 40.55  12116
52.55 41.05  15257
52.55 41.55  20750
52.55 42.05  13809
52.55 42.55  14707
52.55 43.05  25137
52.55 43.55  19052
52.55 44.05  17766
52.55 44.55  16928
52.55 45.05  15576
52.55 45.55  13053
52.55 46.05  14672
52.55 46.55  14310
52.55 47.05  20238
52.55 47.55  19107
52.55 48.05  14860
52.55 48.55  16477
52.55 49.05  22039
52.55 49.55  15534
52.55 50.05  14698
52.55 50.55  15851
52.55 51.05  17176
52.55 51.55  4184
52.55 52.05  25
55.05 37.55  711
55.05 38.05  21809
55.05 38.55  19517
55.05 39.05  13505
55.05 39.55  19308
55.05 40.05  10320
55.05 40.55  15569
55.05 41.05  13554
55.05 41.55  18628
55.05 42.05  22451
55.05 42.55  18969
55.05 43.05  20721
55.05 43.55  21958
55.05 44.05  24330
55.05 44.55  16656
55.05 45.05  21087
55.05 45.55  19110
55.05 46.05  17205
55.05 46.55  20315
55.05 47.05  22057
55.05 47.55  20595
55.05 48.05  17495
55.05 48.55  20894
55.05 49.05  22061
55.05 49.55  20823
55.05 50.05  17160
55.05 50.55  21059
55.05 51.05  22771
55.05 51.55  4924
55.05 52.05  29
57.55 37.55  659
57.55 38.05  12152
57.55 38.55  16652
57.55 39.05  21902
57.55 39.55  29816
57.55 40.05  18758
57.55 40.55  28859
57.55 41.05  24693
57.55 41.55  22508
57.55 42.05  25200
57.55 42.55  17365
57.55 43.05  12277
57.55 43.55  18696
57.55 44.05  17337
57.55 44.55  16386
57.55 45.05  22349
57.55 45.55  17251
57.55 46.05  19167
57.55 46.55  17593
57.55 47.05  15253
57.55 47.55  18311
57.55 48.05  14490
57.55 48.55  16137
57.55 49.05  15901
57.55 49.55  17092
57.55 50.05  14490
57.55 50.55  15944
57.55 51.05  18343
57.55 51.55  5841
57.55 52.05  41
60.05 37.55  1375
60.05 38.05  16298
60.05 38.55  18182
60.05 39.05  19620
60.05 39.55  24501
60.05 40.05  23465
60.05 40.55  21406
60.05 41.05  21545
60.05 41.55  23321
60.05 42.05  21139
60.05 42.55  17644
60.05 43.05  19749
60.05 43.55  24239
60.05 44.05  17425
60.05 44.55  18908
60.05 45.05  20680
60.05 45.55  21905
60.05 46.05  21842
60.05 46.55  19171
60.05 47.05  20251
60.05 47.55  21258
60.05 48.05  15194
60.05 48.55  21300
60.05 49.05  21896
60.05 49.55  20251
60.05 50.05  18692
60.05 50.55  20303
60.05 51.05  20195
60.05 51.55  8297
60.05 52.05  85
62.55 37.55  1562
62.55 38.05  16091
62.55 38.55  17859
62.55 39.05  15036
62.55 39.55  9435
62.55 40.05  18560
62.55 40.55  14135
62.55 41.05  13171
62.55 41.55  15888
62.55 42.05  17714
62.55 42.55  23478
62.55 43.05  23966
62.55 43.55  18616
62.55 44.05  16683
62.55 44.55  16000
62.55 45.05  8313
62.55 45.55  12693
62.55 46.05  16393
62.55 46.55  17372
62.55 47.05  18342
62.55 47.55  17566
62.55 48.05  13228
62.55 48.55  17315
62.55 49.05  16167
62.55 49.55  15126
62.55 50.05  14935
62.55 50.55  19585
62.55 51.05  14851
62.55 51.55  6382
62.55 52.05  93
65.05 37.55  1173
65.05 38.05  12313
65.05 38.55  19439
65.05 39.05  18619
65.05 39.55  22218
65.05 40.05  20627
65.05 40.55  17342
65.05 41.05  20092
65.05 41.55  24029
65.05 42.05  16380
65.05 42.55  24922
65.05 43.05  22490
65.05 43.55  21398
65.05 44.05  19622
65.05 44.55  20354
65.05 45.05  15508
65.05 45.55  21597
65.05 46.05  21106
65.05 46.55  18561
65.05 47.05  22423
65.05 47.55  24721
65.05 48.05  16074
65.05 48.55  20028
65.05 49.05  22013
65.05 49.55  18447
65.05 50.05  16332
65.05 50.55  22336
65.05 51.05  20363
65.05 51.55  8399
65.05 52.05  133
67.55 37.55  1415
67.55 38.05  16581
67.55 38.55  14410
67.55 39.05  12323
67.55 39.55  15182
67.55 40.05  11974
67.55 40.55  13769
67.55 41.05  21252
67.55 41.55  23746
67.55 42.05  17246
67.55 42.55  17098
67.55 43.05  13280
67.55 43.55  18298
67.55 44.05  12975
67.55 44.55  17090
67.55 45.05  32563
67.55 45.55  23409
67.55 46.05  17374
67.55 46.55  15788
67.55 47.05  17468
67.55 47.55  20734
67.55 48.05  13877
67.55 48.55  14920
67.55 49.05  17636
67.55 49.55  15268
67.55 50.05  12336
67.55 50.55  15587
67.55 51.05  17365
67.55 51.55  5735
67.55 52.05  80
70.05 37.55  1494
70.05 38.05  18875
70.05 38.55  20979
70.05 39.05  13055
70.05 39.55  17164
70.05 40.05  20411
70.05 40.55  19251
70.05 41.05  19533
70.05 41.55  20274
70.05 42.05  17518
70.05 42.55  19137
70.05 43.05  21043
70.05 43.55  23959
70.05 44.05  20726
70.05 44.55  16149
70.05 45.05  24771
70.05 45.55  24183
70.05 46.05  17211
70.05 46.55  17871
70.05 47.05  21439
70.05 47.55  22542
70.05 48.05  18590
70.05 48.55  20187
70.05 49.05  21408
70.05 49.55  21241
70.05 50.05  16396
70.05 50.55  21696
70.05 51.05  22043
70.05 51.55  5618
70.05 52.05  39
72.55 37.55  1454
72.55 38.05  18034
72.55 38.55  18479
72.55 39.05  13027
72.55 39.55  24878
72.55 40.05  19501
72.55 40.55  18884
72.55 41.05  19572
72.55 41.55  14831
72.55 42.05  9032
72.55 42.55  17416
72.55 43.05  21018
72.55 43.55  19531
72.55 44.05  16292
72.55 44.55  15402
72.55 45.05  15401
72.55 45.55  17266
72.55 46.05  13247
72.55 46.55  15744
72.55 47.05  19084
72.55 47.55  16368
72.55 48.05  16710
72.55 48.55  16918
72.55 49.05  14578
72.55 49.55  16637
72.55 50.05  14756
72.55 50.55  18084
72.55 51.05  18270
72.55 51.55  4202
72.55 52.05  17
75.05 37.55  614
75.05 38.05  12666
75.05 38.55  16702
75.05 39.05  17352
75.05 39.55  24821
75.05 40.05  19232
75.05 40.55  21163
75.05 41.05  18540
75.05 41.55  20776
75.05 42.05  18921
75.05 42.55  27414
75.05 43.05  18935
75.05 43.55  21110
75.05 44.05  14519
75.05 44.55  22364
75.05 45.05  20839
75.05 45.55  22413
75.05 46.05  16133
75.05 46.55  21623
75.05 47.05  21417
75.05 47.55  22001
75.05 48.05  21175
75.05 48.55  17499
75.05 49.05  21099
75.05 49.55  18014
75.05 50.05  19137
75.05 50.55  22920
75.05 51.05  20985
75.05 51.55  4206
75.05 52.05  38
77.55 37.55  723
77.55 38.05  21490
77.55 38.55  25841
77.55 39.05  18881
77.55 39.55  12763
77.55 40.05  17195
77.55 40.55  16056
77.55 41.05  17664
77.55 41.55  20143
77.55 42.05  17570
77.55 42.55  21768
77.55 43.05  12072
77.55 43.55  12341
77.55 44.05  9189
77.55 44.55  12843
77.55 45.05  13556
77.55 45.55  16110
77.55 46.05  13477
77.55 46.55  15818
77.55 47.05  16563
77.55 47.55  20477
77.55 48.05  15442
77.55 48.55  13226
77.55 49.05  18917
77.55 49.55  14774
77.55 50.05  13790
77.55 50.55  19517
77.55 51.05  17518
77.55 51.55  4512
77.55 52.05  19
80.05 37.55  1399
80.05 38.05  22402
80.05 38.55  21160
80.05 39.05  19138
80.05 39.55  18757
80.05 40.05  19781
80.05 40.55  17434
80.05 41.05  19704
80.05 41.55  24132
80.05 42.05  17897
80.05 42.55  26219
80.05 43.05  19951
80.05 43.55  20864
80.05 44.05  17062
80.05 44.55  20191
80.05 45.05  22153
80.05 45.55  22066
80.05 46.05  17827
80.05 46.55  16774
80.05 47.05  23270
80.05 47.55  22048
80.05 48.05  18070
80.05 48.55  18534
80.05 49.05  21487
80.05 49.55  21210
80.05 50.05  15766
80.05 50.55  22460
80.05 51.05  21227
80.05 51.55  6066
80.05 52.05  25
82.55 37.55  1172
82.55 38.05  15125
82.55 38.55  13347
82.55 39.05  15589
82.55 39.55  20612
82.55 40.05  14505
82.55 40.55  11387
82.55 41.05  13219
82.55 41.55  16369
82.55 42.05  10404
82.55 42.55  15304
82.55 43.05  12413
82.55 43.55  19528
82.55 44.05  15773
82.55 44.55  18428
82.55 45.05  15050
82.55 45.55  11646
82.55 46.05  10995
82.55 46.55  12352
82.55 47.05  20364
82.55 47.55  18508
82.55 48.05  13044
82.55 48.55  15298
82.55 49.05  15079
82.55 49.55  17829
82.55 50.05  15757
82.55 50.55  16007
82.55 51.05  14999
82.55 51.55  5337
82.55 52.05  37
85.05 37.55  2406
85.05 38.05  20147
85.05 38.55  15172
85.05 39.05  19285
85.05 39.55  25860
85.05 40.05  24281
85.05 40.55  15492
85.05 41.05  19447
85.05 41.55  22737
85.05 42.05  15582
85.05 42.55  26548
85.05 43.05  15227
85.05 43.55  22352
85.05 44.05  21977
85.05 44.55  21514
85.05 45.05  20650
85.05 45.55  20787
85.05 46.05  14772
85.05 46.55  18896
85.05 47.05  22073
85.05 47.55  23902
85.05 48.05  16016
85.05 48.55  20317
85.05 49.05  21851
85.05 49.55  21544
85.05 50.05  21356
85.05 50.55  16746
85.05 51.05  18984
85.05 51.55  8780
85.05 52.05  78
87.55 37.55  2127
87.55 38.05  20763
87.55 38.55  18524
87.55 39.05  19301
87.55 39.55  15668
87.55 40.05  17069
87.55 40.55  17235
87.55 41.05  21083
87.55 41.55  15503
87.55 42.05  21914
87.55 42.55  30585
87.55 43.05  14164
87.55 43.55  19250
87.55 44.05  17838
87.55 44.55  17266
87.55 45.05  21665
87.55 45.55  20018
87.55 46.05  15004
87.55 46.55  15067
87.55 47.05  17566
87.55 47.55  17504
87.55 48.05  11140
87.55 48.55  16357
87.55 49.05  20213
87.55 49.55  18144
87.55 50.05  15174
87.55 50.55  15119
87.55 51.05  16193
87.55 51.55  5627
87.55 52.05  48
90.05 37.55  1219
90.05 38.05  19969
90.05 38.55  21422
90.05 39.05  19585
90.05 39.55  18030
90.05 40.05  17740
90.05 40.55  21236
90.05 41.05  19608
90.05 41.55  23688
90.05 42.05  22201
90.05 42.55  25235
90.05 43.05  15219
90.05 43.55  21091
90.05 44.05  20546
90.05 44.55  17339
90.05 45.05  21212
90.05 45.55  22992
90.05 46.05  21344
90.05 46.55  18690
90.05 47.05  24477
90.05 47.55  21791
90.05 48.05  15755
90.05 48.55  19954
90.05 49.05  23055
90.05 49.55  20855
90.05 50.05  16741
90.05 50.55  22043
90.05 51.05  21736
90.05 51.55  5425
90.05 52.05  21
92.55 37.55  1505
92.55 38.05  18941
92.55 38.55  13922
92.55 39.05  11445
92.55 39.55  18053
92.55 40.05  18247
92.55 40.55  19521
92.55 41.05  13091
92.55 41.55  19501
92.55 42.05  13346
92.55 42.55  15746
92.55 43.05  16424
92.55 43.55  12752
92.55 44.05  15160
92.55 44.55  11009
92.55 45.05  11469
92.55 45.55  19892
92.55 46.05  16329
92.55 46.55  15769
92.55 47.05  18612
92.55 47.55  19751
92.55 48.05  15315
92.55 48.55  16214
92.55 49.05  17025
92.55 49.55  16017
92.55 50.05  14503
92.55 50.55  16960
92.55 51.05  16815
92.55 51.55  5297
92.55 52.05  35
95.05 37.55  1394
95.05 38.05  16842
95.05 38.55  18000
95.05 39.05  19483
95.05 39.55  22536
95.05 40.05  24815
95.05 40.55  22408
95.05 41.05  16777
95.05 41.55  21788
95.05 42.05  21405
95.05 42.55  22791
95.05 43.05  24862
95.05 43.55  20084
95.05 44.05  19857
95.05 44.55  14942
95.05 45.05  21277
95.05 45.55  21917
95.05 46.05  18619
95.05 46.55  20119
95.05 47.05  22947
95.05 47.55  23542
95.05 48.05  18630
95.05 48.55  19259
95.05 49.05  20887
95.05 49.55  19359
95.05 50.05  19473
95.05 50.55  21466
95.05 51.05  20422
95.05 51.55  8164
95.05 52.05  70
97.55 37.55  305
97.55 38.05  6078
97.55 38.55  21268
97.55 39.05  27602
97.55 39.55  24572
97.55 40.05  19093
97.55 40.55  17627
97.55 41.05  14752
97.55 41.55  16818
97.55 42.05  24952
97.55 42.55  16154
97.55 43.05  16630
97.55 43.55  20563
97.55 44.05  15635
97.55 44.55  12104
97.55 45.05  22748
97.55 45.55  15128
97.55 46.05  13631
97.55 46.55  16452
97.55 47.05  16200
97.55 47.55  18966
97.55 48.05  12962
97.55 48.55  17710
97.55 49.05  15781
97.55 49.55  13374
97.55 50.05  14403
97.55 50.55  17502
97.55 51.05  16409
97.55 51.55  4423
97.55 52.05  25
100.05 37.55  124
100.05 38.05  9666
100.05 38.55  24508
100.05 39.05  21529
100.05 39.55  19415
100.05 40.05  19664
100.05 40.55  22292
100.05 41.05  19977
100.05 41.55  23390
100.05 42.05  21433
100.05 42.55  16727
100.05 43.05  23803
100.05 43.55  24056
100.05 44.05  24201
100.05 44.55  16140
100.05 45.05  20313
100.05 45.55  21773
100.05 46.05  16633
100.05 46.55  19417
100.05 47.05  22390
100.05 47.55  24423
100.05 48.05  14474
100.05 48.55  25116
100.05 49.05  20868
100.05 49.55  15804
100.05 50.05  19077
100.05 50.55  24115
100.05 51.05  22340
100.05 51.55  4050
100.05 52.05  16
102.55 37.55  761
102.55 38.05  21658
102.55 38.55  20863
102.55 39.05  9210
102.55 39.55  11462
102.55 40.05  11129
102.55 40.55  14338
102.55 41.05  17897
102.55 41.55  18903
102.55 42.05  17975
102.55 42.55  15794
102.55 43.05  19369
102.55 43.55  14157
102.55 44.05  17439
102.55 44.55  16980
102.55 45.05  20946
102.55 45.55  23476
102.55 46.05  9982
102.55 46.55  15255
102.55 47.05  18082
102.55 47.55  17940
102.55 48.05  11130
102.55 48.55  15937
102.55 49.05  17689
102.55 49.55  13792
102.55 50.05  15021
102.55 50.55  19000
102.55 51.05  16766
102.55 51.55  3978
102.55 52.05  29
105.05 37.55  1145
105.05 38.05  20359
105.05 38.55  17877
105.05 39.05  22958
105.05 39.55  22178
105.05 40.05  19502
105.05 40.55  17050
105.05 41.05  20370
105.05 41.55  23744
105.05 42.05  21948
105.05 42.55  20982
105.05 43.05  23653
105.05 43.55  22442
105.05 44.05  17374
105.05 44.55  19904
105.05 45.05  22971
105.05 45.55  19555
105.05 46.05  9988
105.05 46.55  21887
105.05 47.05  23931
105.05 47.55  22936
105.05 48.05  16682
105.05 48.55  19341
105.05 49.05  21515
105.05 49.55  18407
105.05 50.05  18225
105.05 50.55  21420
105.05 51.05  20632
105.05 51.55  7115
105.05 52.05  57
107.55 37.55  617
107.55 38.05  12849
107.55 38.55  13543
107.55 39.05  21130
107.55 39.55  17287
107.55 40.05  21966
107.55 40.55  17061
107.55 41.05  15895
107.55 41.55  18258
107.55 42.05  19617
107.55 42.55  24049
107.55 43.05  20884
107.55 43.55  22807
107.55 44.05  14170
107.55 44.55  15067
107.55 45.05  14315
107.55 45.55  10952
107.55 46.05  10996
107.55 46.55  21286
107.55 47.05  20062
107.55 47.55  17999
107.55 48.05  16219
107.55 48.55  17247
107.55 49.05  17820
107.55 49.55  14160
107.55 50.05  14423
107.55 50.55  16321
107.55 51.05  16840
107.55 51.55  5289
107.55 52.05  26
110.05 37.55  812
110.05 38.05  18360
110.05 38.55  15737
110.05 39.05  26965
110.05 39.55  23230
110.05 40.05  22394
110.05 40.55  23329
110.05 41.05  22500
110.05 41.55  21444
110.05 42.05  17040
110.05 42.55  16141
110.05 43.05  15159
110.05 43.55  19985
110.05 44.05  17330
110.05 44.55  17590
110.05 45.05  20320
110.05 45.55  18837
110.05 46.05  15694
110.05 46.55  21486
110.05 47.05  22681
110.05 47.55  22095
110.05 48.05  20471
110.05 48.55  20109
110.05 49.05  21779
110.05 49.55  19430
110.05 50.05  19896
110.05 50.55  22433
110.05 51.05  21239
110.05 51.55  6035
110.05 52.05  57
112.55 37.55  873
112.55 38.05  18896
112.55 38.55  17761
112.55 39.05  24656
112.55 39.55  26225
112.55 40.05  16136
112.55 40.55  14692
112.55 41.05  12962
112.55 41.55  17909
112.55 42.05  15520
112.55 42.55  15005
112.55 43.05  11016
112.55 43.55  13598
112.55 44.05  15885
112.55 44.55  14934
112.55 45.05  15291
112.55 45.55  15534
112.55 46.05  11470
112.55 46.55  12023
112.55 47.05  17761
112.55 47.55  19129
112.55 48.05  11512
112.55 48.55  9131
112.55 49.05  19300
112.55 49.55  15448
112.55 50.05  16765
112.55 50.55  17238
112.55 51.05  17121
112.55 51.55  6614
112.55 52.05  81
115.05 37.55  869
115.05 38.05  16412
115.05 38.55  19603
115.05 39.05  21849
115.05 39.55  15912
115.05 40.05  16353
115.05 40.55  20531
115.05 41.05  18966
115.05 41.55  21690
115.05 42.05  19460
115.05 42.55  21676
115.05 43.05  15689
115.05 43.55  19366
115.05 44.05  18818
115.05 44.55  19368
115.05 45.05  20867
115.05 45.55  19203
115.05 46.05  17887
115.05 46.55  18240
115.05 47.05  21597
115.05 47.55  21926
115.05 48.05  7420
115.05 48.55  4345
115.05 49.05  18834
115.05 49.55  16650
115.05 50.05  20088
115.05 50.55  19499
115.05 51.05  18122
115.05 51.55  8641
115.05 52.05  127
117.55 37.55  225
117.55 38.05  4240
117.55 38.55  5670
117.55 39.05  6284
117.55 39.55  3122
117.55 40.05  3806
117.55 40.55  7116
117.55 41.05  7934
117.55 41.55  5478
117.55 42.05  3774
117.55 42.55  6004
117.55 43.05  4742
117.55 43.55  6577
117.55 44.05  5872
117.55 44.55  7314
117.55 45.05  8809
117.55 45.55  7949
117.55 46.05  10367
117.55 46.55  10517
117.55 47.05  9157
117.55 47.55  6626
117.55 48.05  2057
117.55 48.55  1313
117.55 49.05  5859
117.55 49.55  6296
117.55 50.05  7417
117.55 50.55  7322
117.55 51.05  6804
117.55 51.55  3163
117.55 52.05  46
120.05 37.55  12
120.05 38.05  253
120.05 38.55  273
120.05 39.05  274
120.05 39.55  80
120.05 40.05  102
120.05 40.55  458
120.05 41.05  662
120.05 41.55  178
120.05 42.05  72
120.05 42.55  185
120.05 43.05  183
120.05 43.55  365
120.05 44.05  245
120.05 44.55  316
120.05 45.05  657
120.05 45.55  624
120.05 46.05  1053
120.05 46.55  1036
120.05 47.05  695
120.05 47.55  386
120.05 48.05  103
120.05 48.55  63
120.05 49.05  318
120.05 49.55  409
120.05 50.05  475
120.05 50.55  471
120.05 51.05  398
120.05 51.55  179
120.05 52.05  5
122.55 38.05  1
122.55 40.05  1
122.55 40.55  2
122.55 41.05  14
122.55 41.55  2
122.55 42.55  2
122.55 43.05  5
122.55 43.55  8
122.55 44.55  3
122.55 45.05  4
122.55 45.55  3
122.55 46.05  2
122.55 46.55  12
122.55 47.05  15
122.55 47.55  25
122.55 48.05  3
122.55 49.05  1
122.55 49.55  5
122.55 50.05  3
122.55 50.55  6
122.55 51.05  2
122.55 51.55  4
