-54.95 39.05  1
-44.95 47.05  1
-39.95 38.05  2
-39.95 38.55  1
-39.95 39.05  4
-39.95 39.55  7
-39.95 40.05  15
-39.95 40.55  12
-39.95 41.05  16
-39.95 41.55  5
-39.95 42.05  35
-39.95 42.55  13
-39.95 43.55  5
-39.95 44.05  2
-39.95 44.55  4
-39.95 45.05  4
-39.95 45.55  4
-39.95 46.05  2
-39.95 46.55  6
-39.95 47.55  10
-39.95 48.05  2
-39.95 49.05  11
-39.95 49.55  12
-39.95 50.05  39
-39.95 50.55  13
-39.95 51.55  1
-37.45 37.55  66
-37.45 38.05  493
-37.45 38.55  770
-37.45 39.05  580
-37.45 39.55  646
-37.45 40.05  1131
-37.45 40.55  1155
-37.45 41.05  1461
-37.45 41.55  274
-37.45 42.05  1092
-37.45 42.55  673
-37.45 43.05  375
-37.45 43.55  578
-37.45 44.05  536
-37.45 44.55  541
-37.45 45.05  589
-37.45 45.55  845
-37.45 46.05  833
-37.45 46.55  554
-37.45 47.05  254
-37.45 47.55  512
-37.45 48.05  283
-37.45 48.55  264
-37.45 49.05  741
-37.45 49.55  764
-37.45 50.05  940
-37.45 50.55  1204
-37.45 51.05  578
-37.45 51.55  221
-37.45 52.05  1
-34.95 37.55  2788
-34.95 38.05  29042
-34.95 38.55  30532
-34.95 39.05  28387
-34.95 39.55  29282
-34.95 40.05  33748
-34.95 40.55  23170
-34.95 41.05  31191
-34.95 41.55  27614
-34.95 42.05  24239
-34.95 42.55  33517
-34.95 43.05  32526
-34.95 43.55  33832
-34.95 44.05  24775
-34.95 44.55  24571
-34.95 45.05  32414
-34.95 45.55  30113
-34.95 46.05  31824
-34.95 46.55  27900
-34.95 47.05  26240
-34.95 47.55  30591
-34.95 48.05  20470
-34.95 48.55  27441
-34.95 49.05  31178
-34.95 49.55  24598
-34.95 50.05  31063
-34.95 50.55  32384
-34.95 51.05  28030
-34.95 51.55  11657
-34.95 52.05  112
-32.45 37.55  1371
-32.45 38.05  18822
-32.45 38.55  10242
-32.45 39.05  7920
-32.45 39.55  17437
-32.45 40.05  20105
-32.45 40.55  12534
-32.45 41.05  12246
-32.45 41.55  21475
-32.45 42.05  18971
-32.45 42.55  16607
-32.45 43.05  13327
-32.45 43.55  18555
-32.45 44.05  13869
-32.45 44.55  11885
-32.45 45.05  18478
-32.45 45.55  12005
-32.45 46.05  15269
-32.45 46.55  19198
-32.45 47.05  19266
-32.45 47.55  19102
-32.45 48.05  11594
-32.45 48.55  14100
-32.45 49.05  14551
-32.45 49.55  13090
-32.45 50.05  15517
-32.45 50.55  13759
-32.45 51.05  16040
-32.45 51.55  6013
-32.45 52.05  51
-29.95 37.55  814
-29.95 38.05  18446
-29.95 38.55  18476
-29.95 39.05  17100
-29.95 39.55  22150
-29.95 40.05  20963
-29.95 40.55  17580
-29.95 41.05  17898
-29.95 41.55  21436
-29.95 42.05  21144
-29.95 42.55  16515
-29.95 43.05  22601
-29.95 43.55  22524
-29.95 44.05  21736
-29.95 44.55  15023
-29.95 45.05  20807
-29.95 45.55  17084
-29.95 46.05  22548
-29.95 46.55  24937
-29.95 47.05  21540
-29.95 47.55  21716
-29.95 48.05  15844
-29.95 48.55  18549
-29.95 49.05  20601
-29.95 49.55  20347
-29.95 50.05  23231
-29.95 50.55  18984
-29.95 51.05  19963
-29.95 51.55  6275
-29.95 52.05  61
-27.45 37.55  410
-27.45 38.05  8206
-27.45 38.55  17331
-27.45 39.05  17244
-27.45 39.55  17800
-27.45 40.05  10284
-27.45 40.55  12984
-27.45 41.05  17271
-27.45 41.55  13944
-27.45 42.05  16160
-27.45 42.55  16972
-27.45 43.05  20232
-27.45 43.55  19132
-27.45 44.05  16919
-27.45 44.55  13626
-27.45 45.05  13195
-27.45 45.55  12946
-27.45 46.05  12438
-27.45 46.55  14579
-27.45 47.05  20026
-27.45 47.55  16511
-27.45 48.05  14339
-27.45 48.55  21406
-27.45 49.05  18170
-27.45 49.55  14034
-27.45 50.05  12816
-27.45 50.55  13235
-27.45 51.05  15144
-27.45 51.55  4350
-27.45 52.05  31
-24.95 37.55  889
-24.95 38.05  15131
-24.95 38.55  22430
-24.95 39.05  19542
-24.95 39.55  20996
-24.95 40.05  17913
-24.95 40.55  17212
-24.95 41.05  20167
-24.95 41.55  20430
-24.95 42.05  22052
-24.95 42.55  22999
-24.95 43.05  21291
-24.95 43.55  21621
-24.95 44.05  19301
-24.95 44.55  18669
-24.95 45.05  21512
-24.95 45.55  23128
-24.95 46.05  18101
-24.95 46.55  16072
-24.95 47.05  21971
-24.95 47.55  23596
-24.95 48.05  18567
-24.95 48.55  22454
-24.95 49.05  22235
-24.95 49.55  22264
-24.95 50.05  18856
-24.95 50.55  21486
-24.95 51.05  21577
-24.95 51.55  5385
-24.95 52.05  25
-22.45 37.55  1540
-22.45 38.05  21365
-22.45 38.55  16832
-22.45 39.05  10673
-22.45 39.55  16348
-22.45 40.05  17960
-22.45 40.55  13510
-22.45 41.05  11951
-22.45 41.55  20030
-22.45 42.05  18624
-22.45 42.55  15544
-22.45 43.05  14863
-22.45 43.55  11519
-22.45 44.05  11306
-22.45 44.55  12945
-22.45 45.05  17076
-22.45 45.55  18444
-22.45 46.05  14960
-22.45 46.55  14002
-22.45 47.05  21628
-22.45 47.55  20559
-22.45 48.05  14385
-22.45 48.55  13599
-22.45 49.05  18205
-22.45 49.55  20008
-22.45 50.05  17083
-22.45 50.55  16907
-22.45 51.05  16121
-22.45 51.55  4767
-22.45 52.05  26
-19.95 37.55  2359
-19.95 38.05  20847
-19.95 38.55  19685
-19.95 39.05  13749
-19.95 39.55  21313
-19.95 40.05  20790
-19.95 40.55  18424
-19.95 41.05  17439
-19.95 41.55  21908
-19.95 42.05  22022
-19.95 42.55  18842
-19.95 43.05  19734
-19.95 43.55  20590
-19.95 44.05  18778
-19.95 44.55  18408
-19.95 45.05  21654
-19.95 45.55  19707
-19.95 46.05  17624
-19.95 46.55  20604
-19.95 47.05  24700
-19.95 47.55  21289
-19.95 48.05  19342
-19.95 48.55  22814
-19.95 49.05  22161
-19.95 49.55  18531
-19.95 50.05  17897
-19.95 50.55  19023
-19.95 51.05  18742
-19.95 51.55  6485
-19.95 52.05  27
-17.45 37.55  1836
-17.45 38.05  12359
-17.45 38.55  17239
-17.45 39.05  14954
-17.45 39.55  12547
-17.45 40.05  13163
-17.45 40.55  13021
-17.45 41.05  16071
-17.45 41.55  14880
-17.45 42.05  15391
-17.45 42.55  14816
-17.45 43.05  15634
-17.45 43.55  19547
-17.45 44.05  14604
-17.45 44.55  15195
-17.45 45.05  17332
-17.45 45.55  14940
-17.45 46.05  14084
-17.45 46.55  18637
-17.45 47.05  13151
-17.45 47.55  15369
-17.45 48.05  16998
-17.45 48.55  22777
-17.45 49.05  16866
-17.45 49.55  10100
-17.45 50.05  13745
-17.45 50.55  13621
-17.45 51.05  21577
-17.45 51.55  6430
-17.45 52.05  28
-14.95 37.55  3441
-14.95 38.05  18544
-14.95 38.55  14263
-14.95 39.05  22260
-14.95 39.55  18355
-14.95 40.05  18301
-14.95 40.55  15352
-14.95 41.05  24000
-14.95 41.55  21798
-14.95 42.05  21205
-14.95 42.55  21241
-14.95 43.05  19938
-14.95 43.55  21584
-14.95 44.05  16444
-14.95 44.55  20918
-14.95 45.05  21079
-14.95 45.55  21455
-14.95 46.05  16490
-14.95 46.55  23595
-14.95 47.05  26076
-14.95 47.55  20849
-14.95 48.05  18684
-14.95 48.55  25282
-14.95 49.05  20517
-14.95 49.55  16221
-14.95 50.05  21610
-14.95 50.55  17722
-14.95 51.05  22347
-14.95 51.55  6578
-14.95 52.05  23
-12.45 37.55  2954
-12.45 38.05  18933
-12.45 38.55  12812
-12.45 39.05  17813
-12.45 39.55  24493
-12.45 40.05  20511
-12.45 40.55  15191
-12.45 41.05  12943
-12.45 41.55  16235
-12.45 42.05  15235
-12.45 42.55  16083
-12.45 43.05  15562
-12.45 43.55  15067
-12.45 44.05  15209
-12.45 44.55  16675
-12.45 45.05  18100
-12.45 45.55  23188
-12.45 46.05  17609
-12.45 46.55  19482
-12.45 47.05  31599
-12.45 47.55  19140
-12.45 48.05  11608
-12.45 48.55  16916
-12.45 49.05  14137
-12.45 49.55  14721
-12.45 50.05  17297
-12.45 50.55  17206
-12.45 51.05  14058
-12.45 51.55  5371
-12.45 52.05  44
-9.95 37.55  1401
-9.95 38.05  19507
-9.95 38.55  22823
-9.95 39.05  15260
-9.95 39.55  23897
-9.95 40.05  23596
-9.95 40.55  21569
-9.95 41.05  16844
-9.95 41.55  20530
-9.95 42.05  17852
-9.95 42.55  20747
-9.95 43.05  20723
-9.95 43.55  22078
-9.95 44.05  19827
-9.95 44.55  18876
-9.95 45.05  21617
-9.95 45.55  22042
-9.95 46.05  20174
-9.95 46.55  16763
-9.95 47.05  17736
-9.95 47.55  25271
-9.95 48.05  12117
-9.95 48.55  21317
-9.95 49.05  21919
-9.95 49.55  17270
-9.95 50.05  18588
-9.95 50.55  23907
-9.95 51.05  19905
-9.95 51.55  8172
-9.95 52.05  83
-7.45 37.55  1426
-7.45 38.05  18848
-7.45 38.55  22637
-7.45 39.05  21342
-7.45 39.55  15714
-7.45 40.05  16098
-7.45 40.55  17405
-7.45 41.05  16419
-7.45 41.55  14289
-7.45 42.05  10883
-7.45 42.55  15341
-7.45 43.05  17175
-7.45 43.55  19773
-7.45 44.05  18170
-7.45 44.55  17045
-7.45 45.05  16831
-7.45 45.55  11026
-7.45 46.05  10707
-7.45 46.55  11210
-7.45 47.05  7626
-7.45 47.55  15458
-7.45 48.05  8026
-7.45 48.55  11647
-7.45 49.05  21088
-7.45 49.55  16175
-7.45 50.05  14598
-7.45 50.55  17110
-7.45 51.05  17040
-7.45 51.55  5014
-7.45 52.05  41
-4.95 37.55  2146
-4.95 38.05  20096
-4.95 38.55  15197
-4.95 39.05  19324
-4.95 39.55  21663
-4.95 40.05  22348
-4.95 40.55  19220
-4.95 41.05  22381
-4.95 41.55  21031
-4.95 42.05  17030
-4.95 42.55  20821
-4.95 43.05  20465
-4.95 43.55  22535
-4.95 44.05  18101
-4.95 44.55  17217
-4.95 45.05  21468
-4.95 45.55  18685
-4.95 46.05  17710
-4.95 46.55  20487
-4.95 47.05  19669
-4.95 47.55  21756
-4.95 48.05  18471
-4.95 48.55  12683
-4.95 49.05  23760
-4.95 49.55  19342
-4.95 50.05  16742
-4.95 50.55  21428
-4.95 51.05  23298
-4.95 51.55  4977
-4.95 52.05  34
-2.45 37.55  1306
-2.45 38.05  13200
-2.45 38.55  8374
-2.45 39.05  10103
-2.45 39.55  16190
-2.45 40.05  17058
-2.45 40.55  12463
-2.45 41.05  18998
-2.45 41.55  23117
-2.45 42.05  20473
-2.45 42.55  20995
-2.45 43.05  18135
-2.45 43.55  18545
-2.45 44.05  9524
-2.45 44.55  6968
-2.45 45.05  13606
-2.45 45.55  18133
-2.45 46.05  14206
-2.45 46.55  15390
-2.45 47.05  19691
-2.45 47.55  16522
-2.45 48.05  24323
-2.45 48.55  22141
-2.45 49.05  20336
-2.45 49.55  13023
-2.45 50.05  10312
-2.45 50.55  12793
-2.45 51.05  17205
-2.45 51.55  4011
-2.45 52.05  17
0.05 37.55  1692
0.05 38.05  21237
0.05 38.55  17966
0.05 39.05  22625
0.05 39.55  25472
0.05 40.05  22103
0.05 40.55  12187
0.05 41.05  21755
0.05 41.55  23683
0.05 42.05  21761
0.05 42.55  23298
0.05 43.05  18861
0.05 43.55  20587
0.05 44.05  16845
0.05 44.55  15260
0.05 45.05  23116
0.05 45.55  25242
0.05 46.05  20710
0.05 46.55  18475
0.05 47.05  22926
0.05 47.55  24227
0.05 48.05  17933
0.05 48.55  18148
0.05 49.05  21054
0.05 49.55  19420
0.05 50.05  20828
0.05 50.55  18364
0.05 51.05  20454
0.05 51.55  6114
0.05 52.05  42
2.55 37.55  1538
2.55 38.05  16435
2.55 38.55  15915
2.55 39.05  19276
2.55 39.55  28043
2.55 40.05  20278
2.55 40.55  8913
2.55 41.05  12167
2.55 41.55  20229
2.55 42.05  15627
2.55 42.55  15353
2.55 43.05  14397
2.55 43.55  20665
2.55 44.05  20044
2.55 44.55  21304
2.55 45.05  19422
2.55 45.55  16703
2.55 46.05  17730
2.55 46.55  18621
2.55 47.05  22033
2.55 47.55  22482
2.55 48.05  10771
2.55 48.55  8043
2.55 49.05  13146
2.55 49.55  20022
2.55 50.05  22750
2.55 50.55  17099
2.55 51.05  16430
2.55 51.55  5992
2.55 52.05  46
5.05 37.55  2046
5.05 38.05  21550
5.05 38.55  19539
5.05 39.05  15208
5.05 39.55  13389
5.05 40.05  17581
5.05 40.55  13613
5.05 41.05  3140
5.05 41.55  20554
5.05 42.05  21066
5.05 42.55  20955
5.05 43.05  20435
5.05 43.55  22420
5.05 44.05  16713
5.05 44.55  26396
5.05 45.05  23054
5.05 45.55  21432
5.05 46.05  20007
5.05 46.55  20620
5.05 47.05  23497
5.05 47.55  26759
5.05 48.05  19807
5.05 48.55  15513
5.05 49.05  21189
5.05 49.55  19087
5.05 50.05  24700
5.05 50.55  17619
5.05 51.05  18311
5.05 51.55  7548
5.05 52.05  50
7.55 37.55  1838
7.55 38.05  20824
7.55 38.55  19492
7.55 39.05  13875
7.55 39.55  8769
7.55 40.05  15337
7.55 40.55  17265
7.55 41.05  16787
7.55 41.55  16727
7.55 42.05  19275
7.55 42.55  17922
7.55 43.05  20347
7.55 43.55  15027
7.55 44.05  17228
7.55 44.55  21126
7.55 45.05  17009
7.55 45.55  17754
7.55 46.05  16977
7.55 46.55  12243
7.55 47.05  12569
7.55 47.55  18416
7.55 48.05  17642
7.55 48.55  17375
7.55 49.05  17327
7.55 49.55  11402
7.55 50.05  13332
7.55 50.55  11210
7.55 51.05  16426
7.55 51.55  6092
7.55 52.05  39
10.05 37.55  1531
10.05 38.05  19907
10.05 38.55  20359
10.05 39.05  19159
10.05 39.55  23185
10.05 40.05  20611
10.05 40.55  29686
10.05 41.05  31945
10.05 41.55  21080
10.05 42.05  23869
10.05 42.55  21680
10.05 43.05  22436
10.05 43.55  20349
10.05 44.05  15433
10.05 44.55  17673
10.05 45.05  21374
10.05 45.55  18651
10.05 46.05  19836
10.05 46.55  19169
10.05 47.05  21522
10.05 47.55  23697
10.05 48.05  20835
10.05 48.55  21141
10.05 49.05  23289
10.05 49.55  22007
10.05 50.05  15907
10.05 50.55  17016
10.05 51.05  20301
10.05 51.55  6217
10.05 52.05  42
12.55 37.55  640
12.55 38.05  8319
12.55 38.55  11007
12.55 39.05  12571
12.55 39.55  20515
12.55 40.05  17124
12.55 40.55  20247
12.55 41.05  18838
12.55 41.55  20385
12.55 42.05  22338
12.55 42.55  21666
12.55 43.05  13677
12.55 43.55  13104
12.55 44.05  9035
12.55 44.55  12046
12.55 45.05  23500
12.55 45.55  17146
12.55 46.05  17079
12.55 46.55  22271
12.55 47.05  20763
12.55 47.55  22421
12.55 48.05  17816
12.55 48.55  15640
12.55 49.05  17797
12.55 49.55  22578
12.55 50.05  17455
12.55 50.55  19270
12.55 51.05  17594
12.55 51.55  4915
12.55 52.05  40
15.05 37.55  1873
15.05 38.05  16253
15.05 38.55  16867
15.05 39.05  16584
15.05 39.55  23390
15.05 40.05  22127
15.05 40.55  18164
15.05 41.05  18281
15.05 41.55  15444
15.05 42.05  17445
15.05 42.55  22959
15.05 43.05  22176
15.05 43.55  21442
15.05 44.05  16421
15.05 44.55  16679
15.05 45.05  21534
15.05 45.55  19698
15.05 46.05  17992
15.05 46.55  24865
15.05 47.05  23028
15.05 47.55  22198
15.05 48.05  20074
15.05 48.55  19252
15.05 49.05  24977
15.05 49.55  22597
15.05 50.05  17398
15.05 50.55  22230
15.05 51.05  20969
15.05 51.55  6156
15.05 52.05  82
17.55 37.55  5396
17.55 38.05  26045
17.55 38.55  12740
17.55 39.05  15278
17.55 39.55  17348
17.55 40.05  17601
17.55 40.55  10059
17.55 41.05  8382
17.55 41.55  11565
17.55 42.05  11382
17.55 42.55  15217
17.55 43.05  17642
17.55 43.55  25576
17.55 44.05  13971
17.55 44.55  16259
17.55 45.05  12640
17.55 45.55  11208
17.55 46.05  11886
17.55 46.55  16719
17.55 47.05  21765
17.55 47.55  21827
17.55 48.05  19091
17.55 48.55  18292
17.55 49.05  23860
17.55 49.55  19405
17.55 50.05  14542
17.55 50.55  15656
17.55 51.05  17081
17.55 51.55  4492
17.55 52.05  45
20.05 37.55  5510
20.05 38.05  19083
20.05 38.55  10539
20.05 39.05  24452
20.05 39.55  21017
20.05 40.05  19691
20.05 40.55  12695
20.05 41.05  16348
20.05 41.55  19575
20.05 42.05  20383
20.05 42.55  24525
20.05 43.05  22687
20.05 43.55  21899
20.05 44.05  12604
20.05 44.55  25547
20.05 45.05  21511
20.05 45.55  23090
20.05 46.05  23380
20.05 46.55  16627
20.05 47.05  17095
20.05 47.55  27297
20.05 48.05  22607
20.05 48.55  20582
20.05 49.05  20269
20.05 49.55  22293
20.05 50.05  17820
20.05 50.55  22202
20.05 51.05  21563
20.05 51.55  5436
20.05 52.05  40
22.55 37.55  2573
22.55 38.05  10596
22.55 38.55  4757
22.55 39.05  11911
22.55 39.55  15779
22.55 40.05  14711
22.55 40.55  17245
22.55 41.05  26140
22.55 41.55  14774
22.55 42.05  19273
22.55 42.55  26214
22.55 43.05  18367
22.55 43.55  9859
22.55 44.05  10111
22.55 44.55  18870
22.55 45.05  17519
22.55 45.55  24539
22.55 46.05  25552
22.55 46.55  15962
22.55 47.05  16182
22.55 47.55  17366
22.55 48.05  16314
22.55 48.55  17059
22.55 49.05  18074
22.55 49.55  20953
22.55 50.05  12540
22.55 50.55  18418
22.55 51.05  15879
22.55 51.55  5319
22.55 52.05  42
25.05 37.55  2538
25.05 38.05  18559
25.05 38.55  8550
25.05 39.05  8633
25.05 39.55  23115
25.05 40.05  18433
25.05 40.55  20828
25.05 41.05  23150
25.05 41.55  23457
25.05 42.05  17204
25.05 42.55  22477
25.05 43.05  22259
25.05 43.55  20586
25.05 44.05  15131
25.05 44.55  18944
25.05 45.05  20959
25.05 45.55  11316
25.05 46.05  14923
25.05 46.55  21674
25.05 47.05  20711
25.05 47.55  21824
25.05 48.05  19445
25.05 48.55  17065
25.05 49.05  22262
25.05 49.55  19243
25.05 50.05  11926
25.05 50.55  23100
25.05 51.05  21522
25.05 51.55  7888
25.05 52.05  67
27.55 37.55  2985
27.55 38.05  22420
27.55 38.55  20770
27.55 39.05  14743
27.55 39.55  19388
27.55 40.05  10818
27.55 40.55  10795
27.55 41.05  16013
27.55 41.55  12297
27.55 42.05  11064
27.55 42.55  17144
27.55 43.05  18024
27.55 43.55  22269
27.55 44.05  13931
27.55 44.55  15843
27.55 45.05  15600
27.55 45.55  6250
27.55 46.05  9599
27.55 46.55  14216
27.55 47.05  15961
27.55 47.55  15986
27.55 48.05  12936
27.55 48.55  9171
27.55 49.05  13034
27.55 49.55  13513
27.55 50.05  10463
27.55 50.55  22204
27.55 51.05  22660
27.55 51.55  6874
27.55 52.05  70
30.05 37.55  3391
30.05 38.05  22267
30.05 38.55  18260
30.05 39.05  15272
30.05 39.55  21955
30.05 40.05  16251
30.05 40.55  12035
30.05 41.05  24375
30.05 41.55  23977
30.05 42.05  16948
30.05 42.55  21943
30.05 43.05  19818
30.05 43.55  22580
30.05 44.05  18098
30.05 44.55  22659
30.05 45.05  20632
30.05 45.55  20372
30.05 46.05  16980
30.05 46.55  17657
30.05 47.05  22603
30.05 47.55  22161
30.05 48.05  21122
30.05 48.55  17161
30.05 49.05  20944
30.05 49.55  23270
30.05 50.05  14162
30.05 50.55  19819
30.05 51.05  20096
30.05 51.55  5979
30.05 52.05  42
32.55 37.55  2089
32.55 38.05  17806
32.55 38.55  18293
32.55 39.05  21041
32.55 39.55  7766
32.55 40.05  19863
32.55 40.55  13540
32.55 41.05  17454
32.55 41.55  24092
32.55 42.05  12352
32.55 42.55  13799
32.55 43.05  15873
32.55 43.55  16536
32.55 44.05  17314
32.55 44.55  18820
32.55 45.05  15065
32.55 45.55  22802
32.55 46.05  11358
32.55 46.55  11802
32.55 47.05  16601
32.55 47.55  17303
32.55 48.05  20143
32.55 48.55  14822
32.55 49.05  15934
32.55 49.55  15902
32.55 50.05  11724
32.55 50.55  13095
32.55 51.05  12513
32.55 51.55  4284
32.55 52.05  21
35.05 37.55  2175
35.05 38.05  18850
35.05 38.55  19947
35.05 39.05  20448
35.05 39.55  16950
35.05 40.05  24575
35.05 40.55  16792
35.05 41.05  21100
35.05 41.55  21326
35.05 42.05  21151
35.05 42.55  25029
35.05 43.05  22433
35.05 43.55  21164
35.05 44.05  15325
35.05 44.55  17961
35.05 45.05  22291
35.05 45.55  23079
35.05 46.05  12913
35.05 46.55  21437
35.05 47.05  22256
35.05 47.55  22999
35.05 48.05  24941
35.05 48.55  16024
35.05 49.05  21164
35.05 49.55  20063
35.05 50.05  18929
35.05 50.55  20084
35.05 51.05  19462
35.05 51.55  6890
35.05 52.05  42
37.55 37.55  1680
37.55 38.05  12360
37.55 38.55  18831
37.55 39.05  21100
37.55 39.55  24285
37.55 40.05  15940
37.55 40.55  12161
37.55 41.05  22134
37.55 41.55  15160
37.55 42.05  20838
37.55 42.55  24753
37.55 43.05  15714
37.55 43.55  18194
37.55 44.05  12318
37.55 44.55  7876
37.55 45.05  18800
37.55 45.55  15877
37.55 46.05  13553
37.55 46.55  20292
37.55 47.05  17651
37.55 47.55  22438
37.55 48.05  14279
37.55 48.55  13417
37.55 49.05  17876
37.55 49.55  15869
37.55 50.05  14504
37.55 50.55  16215
37.55 51.05  16038
37.55 51.55  5737
37.55 52.05  36
40.05 37.55  3149
40.05 38.05  21007
40.05 38.55  18215
40.05 39.05  19722
40.05 39.55  21900
40.05 40.05  20234
40.05 40.55  14446
40.05 41.05  25131
40.05 41.55  20408
40.05 42.05  13980
40.05 42.55  19750
40.05 43.05  17201
40.05 43.55  21304
40.05 44.05  27716
40.05 44.55  9056
40.05 45.05  21560
40.05 45.55  20914
40.05 46.05  20015
40.05 46.55  18753
40.05 47.05  22290
40.05 47.55  24774
40.05 48.05  16803
40.05 48.55  19561
40.05 49.05  22241
40.05 49.55  19845
40.05 50.05  17057
40.05 50.55  21086
40.05 51.05  22218
40.05 51.55  7187
40.05 52.05  41
42.55 37.55  2611
42.55 38.05  18980
42.55 38.55  10303
42.55 39.05  9800
42.55 39.55  15641
42.55 40.05  23310
42.55 40.55  12257
42.55 41.05  18665
42.55 41.55  14998
42.55 42.05  4950
42.55 42.55  11798
42.55 43.05  16046
42.55 43.55  14485
42.55 44.05  20880
42.55 44.55  10292
42.55 45.05  15813
42.55 45.55  18395
42.55 46.05  18098
42.55 46.55  17861
42.55 47.05  17818
42.55 47.55  17345
42.55 48.05  13851
42.55 48.55  16672
42.55 49.05  17244
42.55 49.55  14441
42.55 50.05  11096
42.55 50.55  16627
42.55 51.05  20975
42.55 51.55  6304
42.55 52.05  41
45.05 37.55  2214
45.05 38.05  19706
45.05 38.55  15924
45.05 39.05  17819
45.05 39.55  16932
45.05 40.05  20182
45.05 40.55  13640
45.05 41.05  21820
45.05 41.55  20692
45.05 42.05  17490
45.05 42.55  18553
45.05 43.05  20317
45.05 43.55  22999
45.05 44.05  21578
45.05 44.55  18814
45.05 45.05  19711
45.05 45.55  17297
45.05 46.05  18576
45.05 46.55  23166
45.05 47.05  23611
45.05 47.55  23792
45.05 48.05  17367
45.05 48.55  21891
45.05 49.05  22346
45.05 49.55  18849
45.05 50.05  14857
45.05 50.55  21509
45.05 51.05  20966
45.05 51.55  6469
45.05 52.05  37
47.55 37.55  850
47.55 38.05  9365
47.55 38.55  14839
47.55 39.05  19502
47.55 39.55  19591
47.55 40.05  18279
47.55 40.55  15961
47.55 41.05  14351
47.55 41.55  30239
47.55 42.05  27057
47.55 42.55  19809
47.55 43.05  15143
47.55 43.55  12809
47.55 44.05  15999
47.55 44.55  13672
47.55 45.05  11063
47.55 45.55  7905
47.55 46.05  10170
47.55 46.55  12498
47.55 47.05  20961
47.55 47.55  16784
47.55 48.05  9560
47.55 48.55  14382
47.55 49.05  17972
47.55 49.55  16996
47.55 50.05  14005
47.55 50.55  19485
47.55 51.05  16148
47.55 51.55  5256
47.55 52.05  45
50.05 37.55  397
50.05 38.05  14394
50.05 38.55  19557
50.05 39.05  15930
50.05 39.55  19997
50.05 40.05  17046
50.05 40.55  19196
50.05 41.05  19908
50.05 41.55  22391
50.05 42.05  24975
50.05 42.55  22944
50.05 43.05  21081
50.05 43.55  20913
50.05 44.05  21759
50.05 44.55  15549
50.05 45.05  19848
50.05 45.55  17763
50.05 46.05  21461
50.05 46.55  18186
50.05 47.05  20943
50.05 47.55  26671
50.05 48.05  13802
50.05 48.55  18856
50.05 49.05  22722
50.05 49.55  22183
50.05 50.05  15800
50.05 50.55  20476
50.05 51.05  20726
50.05 51.55  7254
50.05 52.05  53
52.55 37.55  431
52.55 38.05  14350
52.55 38.55  24273
52.55 39.05  18358
52.55 39.55  22081
52.55 40.05  18587
52.55 40.55  11508
52.55 41.05  13325
52.55 41.55  9272
52.55 42.05  8898
52.55 42.55  12300
52.55 43.05  18017
52.55 43.55  27637
52.55 44.05  17312
52.55 44.55  10643
52.55 45.05  21175
52.55 45.55  16832
52.55 46.05  18954
52.55 46.55  17369
52.55 47.05  10663
52.55 47.55  19332
52.55 48.05  15246
52.55 48.55  19871
52.55 49.05  21091
52.55 49.55  17535
52.55 50.05  13380
52.55 50.55  17912
52.55 51.05  19005
52.55 51.55  5448
52.55 52.05  22
55.05 37.55  918
55.05 38.05  20566
55.05 38.55  31083
55.05 39.05  18297
55.05 39.55  21180
55.05 40.05  19876
55.05 40.55  11758
55.05 41.05  21946
55.05 41.55  20339
55.05 42.05  11823
55.05 42.55  14402
55.05 43.05  22807
55.05 43.55  24450
55.05 44.05  21906
55.05 44.55  11203
55.05 45.05  21063
55.05 45.55  20361
55.05 46.05  19099
55.05 46.55  21845
55.05 47.05  21038
55.05 47.55  24208
55.05 48.05  19249
55.05 48.55  20271
55.05 49.05  21230
55.05 49.55  18793
55.05 50.05  15786
55.05 50.55  22854
55.05 51.05  22456
55.05 51.55  4953
55.05 52.05  19
57.55 37.55  762
57.55 38.05  11779
57.55 38.55  19341
57.55 39.05  13120
57.55 39.55  12938
57.55 40.05  11242
57.55 40.55  11913
57.55 41.05  25142
57.55 41.55  21821
57.55 42.05  21690
57.55 42.55  24255
57.55 43.05  16321
57.55 43.55  17414
57.55 44.05  20727
57.55 44.55  16107
57.55 45.05  18556
57.55 45.55  24049
57.55 46.05  17441
57.55 46.55  18874
57.55 47.05  22521
57.55 47.55  20895
57.55 48.05  13959
57.55 48.55  17336
57.55 49.05  15368
57.55 49.55  15452
57.55 50.05  13585
57.55 50.55  15273
57.55 51.05  14451
57.55 51.55  4283
57.55 52.05  17
60.05 37.55  1621
60.05 38.05  17763
60.05 38.55  23402
60.05 39.05  18503
60.05 39.55  23348
60.05 40.05  16520
60.05 40.55  17521
60.05 41.05  22978
60.05 41.55  24602
60.05 42.05  24944
60.05 42.55  28473
60.05 43.05  20848
60.05 43.55  22988
60.05 44.05  20267
60.05 44.55  23576
60.05 45.05  19399
60.05 45.55  20458
60.05 46.05  17256
60.05 46.55  23232
60.05 47.05  22779
60.05 47.55  24304
60.05 48.05  14954
60.05 48.55  24330
60.05 49.05  23645
60.05 49.55  18742
60.05 50.05  16596
60.05 50.55  20959
60.05 51.05  20765
60.05 51.55  7526
60.05 52.05  32
62.55 37.55  2883
62.55 38.05  25468
62.55 38.55  16727
62.55 39.05  12343
62.55 39.55  12609
62.55 40.05  10589
62.55 40.55  14419
62.55 41.05  14804
62.55 41.55  16409
62.55 42.05  15576
62.55 42.55  19963
62.55 43.05  13875
62.55 43.55  14124
62.55 44.05  12973
62.55 44.55  11507
62.55 45.05  6942
62.55 45.55  13526
62.55 46.05  14305
62.55 46.55  14823
62.55 47.05  17664
62.55 47.55  18763
62.55 48.05  12338
62.55 48.55  18788
62.55 49.05  16587
62.55 49.55  14121
62.55 50.05  15013
62.55 50.55  19938
62.55 51.05  19243
62.55 51.55  5770
62.55 52.05  33
65.05 37.55  2429
65.05 38.05  21912
65.05 38.55  18220
65.05 39.05  23210
65.05 39.55  16159
65.05 40.05  14123
65.05 40.55  17066
65.05 41.05  17612
65.05 41.55  20059
65.05 42.05  14634
65.05 42.55  28445
65.05 43.05  21131
65.05 43.55  19978
65.05 44.05  21961
65.05 44.55  19548
65.05 45.05  17908
65.05 45.55  21933
65.05 46.05  24632
65.05 46.55  17290
65.05 47.05  23358
65.05 47.55  21913
65.05 48.05  15750
65.05 48.55  21596
65.05 49.05  22572
65.05 49.55  17318
65.05 50.05  19019
65.05 50.55  22729
65.05 51.05  22380
65.05 51.55  5826
65.05 52.05  20
67.55 37.55  1556
67.55 38.05  16133
67.55 38.55  16767
67.55 39.05  21260
67.55 39.55  17661
67.55 40.05  19668
67.55 40.55  16935
67.55 41.05  15326
67.55 41.55  18091
67.55 42.05  11633
67.55 42.55  19980
67.55 43.05  17905
67.55 43.55  17987
67.55 44.05  19626
67.55 44.55  19893
67.55 45.05  24312
67.55 45.55  22584
67.55 46.05  20086
67.55 46.55  15205
67.55 47.05  15010
67.55 47.55  16341
67.55 48.05  12387
67.55 48.55  15308
67.55 49.05  16613
67.55 49.55  14575
67.55 50.05  14180
67.55 50.55  16238
67.55 51.05  14779
67.55 51.55  4458
67.55 52.05  34
70.05 37.55  2215
70.05 38.05  20128
70.05 38.55  22126
70.05 39.05  15743
70.05 39.55  21141
70.05 40.05  23087
70.05 40.55  20415
70.05 41.05  19157
70.05 41.55  21639
70.05 42.05  16396
70.05 42.55  24181
70.05 43.05  20973
70.05 43.55  23676
70.05 44.05  18976
70.05 44.55  17426
70.05 45.05  24417
70.05 45.55  20128
70.05 46.05  15037
70.05 46.55  17391
70.05 47.05  20785
70.05 47.55  22815
70.05 48.05  17017
70.05 48.55  20618
70.05 49.05  22069
70.05 49.55  20322
70.05 50.05  18175
70.05 50.55  19915
70.05 51.05  20175
70.05 51.55  7244
70.05 52.05  48
72.55 37.55  726
72.55 38.05  7730
72.55 38.55  14032
72.55 39.05  15784
72.55 39.55  27894
72.55 40.05  17935
72.55 40.55  12868
72.55 41.05  12676
72.55 41.55  15329
72.55 42.05  14221
72.55 42.55  18147
72.55 43.05  15764
72.55 43.55  18642
72.55 44.05  10873
72.55 44.55  15838
72.55 45.05  26537
72.55 45.55  14834
72.55 46.05  10148
72.55 46.55  14355
72.55 47.05  17303
72.55 47.55  20270
72.55 48.05  15485
72.55 48.55  15073
72.55 49.05  18828
72.55 49.55  16545
72.55 50.05  15699
72.55 50.55  16844
72.55 51.05  17740
72.55 51.55  6033
72.55 52.05  37
75.05 37.55  219
75.05 38.05  8847
75.05 38.55  20888
75.05 39.05  17133
75.05 39.55  19674
75.05 40.05  19335
75.05 40.55  17865
75.05 41.05  19315
75.05 41.55  22159
75.05 42.05  20067
75.05 42.55  19452
75.05 43.05  21589
75.05 43.55  21057
75.05 44.05  14477
75.05 44.55  18948
75.05 45.05  21689
75.05 45.55  23235
75.05 46.05  14954
75.05 46.55  20762
75.05 47.05  24626
75.05 47.55  22161
75.05 48.05  21030
75.05 48.55  18974
75.05 49.05  21892
75.05 49.55  19454
75.05 50.05  19209
75.05 50.55  20167
75.05 51.05  21500
75.05 51.55  6085
75.05 52.05  27
77.55 37.55  780
77.55 38.05  21145
77.55 38.55  20630
77.55 39.05  9500
77.55 39.55  7180
77.55 40.05  15036
77.55 40.55  14701
77.55 41.05  15988
77.55 41.55  18473
77.55 42.05  22498
77.55 42.55  20609
77.55 43.05  16848
77.55 43.55  11695
77.55 44.05  14463
77.55 44.55  10884
77.55 45.05  7952
77.55 45.55  14174
77.55 46.05  13700
77.55 46.55  16213
77.55 47.05  21270
77.55 47.55  15434
77.55 48.05  15501
77.55 48.55  15815
77.55 49.05  18562
77.55 49.55  15472
77.55 50.05  13786
77.55 50.55  15944
77.55 51.05  16435
77.55 51.55  5509
77.55 52.05  30
80.05 37.55  2309
80.05 38.05  26684
80.05 38.55  21320
80.05 39.05  17215
80.05 39.55  18509
80.05 40.05  20428
80.05 40.55  17784
80.05 41.05  22821
80.05 41.55  23609
80.05 42.05  26825
80.05 42.55  26325
80.05 43.05  21002
80.05 43.55  21978
80.05 44.05  22618
80.05 44.55  15791
80.05 45.05  17631
80.05 45.55  17777
80.05 46.05  20454
80.05 46.55  20657
80.05 47.05  21934
80.05 47.55  21391
80.05 48.05  18481
80.05 48.55  20265
80.05 49.05  22400
80.05 49.55  19289
80.05 50.05  15981
80.05 50.55  22460
80.05 51.05  20894
80.05 51.55  6774
80.05 52.05  29
82.55 37.55  1790
82.55 38.05  16127
82.55 38.55  16000
82.55 39.05  15580
82.55 39.55  18624
82.55 40.05  19017
82.55 40.55  17093
82.55 41.05  21039
82.55 41.55  13926
82.55 42.05  19501
82.55 42.55  24482
82.55 43.05  15764
82.55 43.55  21921
82.55 44.05  16953
82.55 44.55  13929
82.55 45.05  20556
82.55 45.55  18219
82.55 46.05  13675
82.55 46.55  16816
82.55 47.05  18673
82.55 47.55  17329
82.55 48.05  13099
82.55 48.55  15395
82.55 49.05  17668
82.55 49.55  17254
82.55 50.05  14449
82.55 50.55  16879
82.55 51.05  15102
82.55 51.55  5785
82.55 52.05  37
85.05 37.55  2775
85.05 38.05  22187
85.05 38.55  19450
85.05 39.05  18578
85.05 39.55  21784
85.05 40.05  22394
85.05 40.55  19030
85.05 41.05  20735
85.05 41.55  22887
85.05 42.05  14833
85.05 42.55  20849
85.05 43.05  20677
85.05 43.55  23878
85.05 44.05  20648
85.05 44.55  16334
85.05 45.05  22132
85.05 45.55  22714
85.05 46.05  14668
85.05 46.55  21029
85.05 47.05  22683
85.05 47.55  23812
85.05 48.05  15694
85.05 48.55  19816
85.05 49.05  22922
85.05 49.55  21687
85.05 50.05  17711
85.05 50.55  19357
85.05 51.05  20144
85.05 51.55  8347
85.05 52.05  72
87.55 37.55  2864
87.55 38.05  19374
87.55 38.55  12617
87.55 39.05  18830
87.55 39.55  22374
87.55 40.05  17972
87.55 40.55  14274
87.55 41.05  16508
87.55 41.55  25081
87.55 42.05  10410
87.55 42.55  15888
87.55 43.05  19035
87.55 43.55  21540
87.55 44.05  18588
87.55 44.55  15032
87.55 45.05  19852
87.55 45.55  14843
87.55 46.05  14558
87.55 46.55  13950
87.55 47.05  16685
87.55 47.55  23007
87.55 48.05  15653
87.55 48.55  14710
87.55 49.05  17111
87.55 49.55  15317
87.55 50.05  13184
87.55 50.55  16449
87.55 51.05  16786
87.55 51.55  6904
87.55 52.05  50
90.05 37.55  3445
90.05 38.05  24040
90.05 38.55  13877
90.05 39.05  22843
90.05 39.55  22486
90.05 40.05  20582
90.05 40.55  21723
90.05 41.05  20033
90.05 41.55  21166
90.05 42.05  19122
90.05 42.55  22345
90.05 43.05  16922
90.05 43.55  19594
90.05 44.05  22261
90.05 44.55  17334
90.05 45.05  20664
90.05 45.55  18314
90.05 46.05  23996
90.05 46.55  17201
90.05 47.05  22126
90.05 47.55  23737
90.05 48.05  22835
90.05 48.55  16859
90.05 49.05  21092
90.05 49.55  20599
90.05 50.05  16377
90.05 50.55  20499
90.05 51.05  21070
90.05 51.55  7076
90.05 52.05  45
92.55 37.55  2131
92.55 38.05  16898
92.55 38.55  18612
92.55 39.05  17178
92.55 39.55  15103
92.55 40.05  20010
92.55 40.55  15754
92.55 41.05  13700
92.55 41.55  13016
92.55 42.05  13357
92.55 42.55  17381
92.55 43.05  13066
92.55 43.55  12218
92.55 44.05  14235
92.55 44.55  12615
92.55 45.05  15360
92.55 45.55  14172
92.55 46.05  16642
92.55 46.55  13216
92.55 47.05  18659
92.55 47.55  19347
92.55 48.05  16723
92.55 48.55  15105
92.55 49.05  15246
92.55 49.55  15992
92.55 50.05  13768
92.55 50.55  14117
92.55 51.05  16152
92.55 51.55  5737
92.55 52.05  38
95.05 37.55  2174
95.05 38.05  20522
95.05 38.55  21042
95.05 39.05  14729
95.05 39.55  21941
95.05 40.05  19535
95.05 40.55  17035
95.05 41.05  21896
95.05 41.55  20465
95.05 42.05  16876
95.05 42.55  26596
95.05 43.05  24611
95.05 43.55  22240
95.05 44.05  18865
95.05 44.55  18226
95.05 45.05  20311
95.05 45.55  20373
95.05 46.05  21014
95.05 46.55  17767
95.05 47.05  22364
95.05 47.55  25421
95.05 48.05  17401
95.05 48.55  22171
95.05 49.05  21243
95.05 49.55  18973
95.05 50.05  18842
95.05 50.55  19221
95.05 51.05  19571
95.05 51.55  7959
95.05 52.05  67
97.55 37.55  1449
97.55 38.05  21293
97.55 38.55  19722
97.55 39.05  18155
97.55 39.55  27395
97.55 40.05  10639
97.55 40.55  15771
97.55 41.05  21480
97.55 41.55  17563
97.55 42.05  18967
97.55 42.55  24307
97.55 43.05  20560
97.55 43.55  20345
97.55 44.05  18838
97.55 44.55  10451
97.55 45.05  12360
97.55 45.55  16174
97.55 46.05  14151
97.55 46.55  14513
97.55 47.05  15078
97.55 47.55  19547
97.55 48.05  13323
97.55 48.55  18413
97.55 49.05  17031
97.55 49.55  13677
97.55 50.05  15943
97.55 50.55  19219
97.55 51.05  16902
97.55 51.55  5095
97.55 52.05  43
100.05 37.55  1117
100.05 38.05  16054
100.05 38.55  15872
100.05 39.05  16386
100.05 39.55  23974
100.05 40.05  19393
100.05 40.55  19965
100.05 41.05  20326
100.05 41.55  22785
100.05 42.05  15648
100.05 42.55  19969
100.05 43.05  20306
100.05 43.55  22548
100.05 44.05  25206
100.05 44.55  10012
100.05 45.05  21618
100.05 45.55  25249
100.05 46.05  16772
100.05 46.55  21272
100.05 47.05  25550
100.05 47.55  25461
100.05 48.05  14917
100.05 48.55  21869
100.05 49.05  22080
100.05 49.55  15753
100.05 50.05  17433
100.05 50.55  23385
100.05 51.05  22730
100.05 51.55  4278
100.05 52.05  22
102.55 37.55  1211
102.55 38.05  12533
102.55 38.55  9247
102.55 39.05  8714
102.55 39.55  17974
102.55 40.05  17358
102.55 40.55  15574
102.55 41.05  17728
102.55 41.55  20571
102.55 42.05  15458
102.55 42.55  16849
102.55 43.05  15463
102.55 43.55  15399
102.55 44.05  14529
102.55 44.55  9899
102.55 45.05  20849
102.55 45.55  29438
102.55 46.05  14417
102.55 46.55  18033
102.55 47.05  21037
102.55 47.55  21015
102.55 48.05  14013
102.55 48.55  16956
102.55 49.05  18964
102.55 49.55  13572
102.55 50.05  13113
102.55 50.55  17571
102.55 51.05  17541
102.55 51.55  4229
102.55 52.05  21
105.05 37.55  2313
105.05 38.05  20919
105.05 38.55  20551
105.05 39.05  18120
105.05 39.55  20441
105.05 40.05  22044
105.05 40.55  21028
105.05 41.05  22976
105.05 41.55  24925
105.05 42.05  22612
105.05 42.55  19105
105.05 43.05  19616
105.05 43.55  20673
105.05 44.05  18680
105.05 44.55  17173
105.05 45.05  22096
105.05 45.55  16859
105.05 46.05  12237
105.05 46.55  22330
105.05 47.05  23012
105.05 47.55  24413
105.05 48.05  18377
105.05 48.55  19983
105.05 49.05  21980
105.05 49.55  18494
105.05 50.05  17566
105.05 50.55  22512
105.05 51.05  21725
105.05 51.55  6785
105.05 52.05  53
107.55 37.55  1096
107.55 38.05  17434
107.55 38.55  20908
107.55 39.05  21629
107.55 39.55  13879
107.55 40.05  21902
107.55 40.55  19944
107.55 41.05  20120
107.55 41.55  22822
107.55 42.05  18014
107.55 42.55  13698
107.55 43.05  12152
107.55 43.55  17620
107.55 44.05  16291
107.55 44.55  16413
107.55 45.05  22426
107.55 45.55  11758
107.55 46.05  11896
107.55 46.55  17798
107.55 47.05  19901
107.55 47.55  18449
107.55 48.05  11912
107.55 48.55  16228
107.55 49.05  17976
107.55 49.55  14020
107.55 50.05  14962
107.55 50.55  18675
107.55 51.05  18210
107.55 51.55  6038
107.55 52.05  45
110.05 37.55  968
110.05 38.05  16435
110.05 38.55  17635
110.05 39.05  22898
110.05 39.55  23976
110.05 40.05  21703
110.05 40.55  17852
110.05 41.05  18990
110.05 41.55  22036
110.05 42.05  19785
110.05 42.55  20868
110.05 43.05  18257
110.05 43.55  20393
110.05 44.05  19654
110.05 44.55  17528
110.05 45.05  21396
110.05 45.55  19295
110.05 46.05  19175
110.05 46.55  19406
110.05 47.05  22409
110.05 47.55  23356
110.05 48.05  15612
110.05 48.55  23898
110.05 49.05  20607
110.05 49.55  15345
110.05 50.05  17940
110.05 50.55  21464
110.05 51.05  21985
110.05 51.55  6797
110.05 52.05  58
112.55 37.55  429
112.55 38.05  11880
112.55 38.55  17697
112.55 39.05  13992
112.55 39.55  21724
112.55 40.05  19447
112.55 40.55  16726
112.55 41.05  18315
112.55 41.55  23613
112.55 42.05  13823
112.55 42.55  17084
112.55 43.05  15816
112.55 43.55  16614
112.55 44.05  16519
112.55 44.55  11068
112.55 45.05  14084
112.55 45.55  17001
112.55 46.05  14752
112.55 46.55  12994
112.55 47.05  13484
112.55 47.55  18018
112.55 48.05  13696
112.55 48.55  18494
112.55 49.05  17275
112.55 49.55  13407
112.55 50.05  14423
112.55 50.55  14768
112.55 51.05  15127
112.55 51.55  5553
112.55 52.05  50
115.05 37.55  379
115.05 38.05  14476
115.05 38.55  23919
115.05 39.05  16053
115.05 39.55  16426
115.05 40.05  20673
115.05 40.55  16923
115.05 41.05  15282
115.05 41.55  11900
115.05 42.05  16059
115.05 42.55  19508
115.05 43.05  18577
115.05 43.55  21043
115.05 44.05  24869
115.05 44.55  12985
115.05 45.05  19907
115.05 45.55  20430
115.05 46.05  19327
115.05 46.55  20220
115.05 47.05  21902
115.05 47.55  20937
115.05 48.05  16172
115.05 48.55  20800
115.05 49.05  21806
115.05 49.55  19519
115.05 50.05  20725
115.05 50.55  17132
115.05 51.05  18635
115.05 51.55  8174
115.05 52.05  51
117.55 37.55  146
117.55 38.05  2953
117.55 38.55  5935
117.55 39.05  4656
117.55 39.55  2904
117.55 40.05  3206
117.55 40.55  3165
117.55 41.05  3265
117.55 41.55  1075
117.55 42.05  5491
117.55 42.55  8058
117.55 43.05  7823
117.55 43.55  7940
117.55 44.05  10139
117.55 44.55  5373
117.55 45.05  6745
117.55 45.55  6644
117.55 46.05  7256
117.55 46.55  9144
117.55 47.05  11084
117.55 47.55  7647
117.55 48.05  6214
117.55 48.55  8291
117.55 49.05  6815
117.55 49.55  8089
117.55 50.05  8702
117.55 50.55  6684
117.55 51.05  7316
117.55 51.55  3166
117.55 52.05  26
120.05 37.55  4
120.05 38.05  93
120.05 38.55  376
120.05 39.05  271
120.05 39.55  66
120.05 40.05  83
120.05 40.55  120
120.05 41.05  143
120.05 41.55  16
120.05 42.05  269
120.05 42.55  746
120.05 43.05  667
120.05 43.55  578
120.05 44.05  534
120.05 44.55  338
120.05 45.05  366
120.05 45.55  392
120.05 46.05  442
120.05 46.55  597
120.05 47.05  830
120.05 47.55  402
120.05 48.05  417
120.05 48.55  574
120.05 49.05  334
120.05 49.55  583
120.05 50.05  622
120.05 50.55  445
120.05 51.05  514
120.05 51.55  216
122.55 38.55  3
122.55 39.05  1
122.55 40.55  1
122.55 42.05  1
122.55 42.55  12
122.55 43.05  7
122.55 43.55  12
122.55 44.05  4
122.55 44.55  1
122.55 45.05  1
122.55 45.55  2
122.55 46.05  8
122.55 46.55  9
122.55 47.05  13
122.55 47.55  2
122.55 48.05  5
122.55 48.55  6
122.55 49.05  1
122.55 49.55  5
122.55 50.05  4
122.55 50.55  4
122.55 51.05  5
122.55 51.55  2
