-42.45  43.55  9.01431
-42.45  48.05  9.31487
-39.95  38.05  13.8098
-39.95  38.55  13.3426
-39.95  39.55  12.2455
-39.95  40.05  11.2822
-39.95  40.55  11.5074
-39.95  41.05  11.6771
-39.95  41.55  11.3926
-39.95  42.05  10.1563
-39.95  42.55  9.81178
-39.95  43.05  10.1094
-39.95  43.55  11.293
-39.95  44.05  10.7254
-39.95  44.55  10.3702
-39.95  45.05  10.9783
-39.95  45.55  10.3232
-39.95  46.05  9.27976
-39.95  46.55  10.1473
-39.95  47.05  10.6955
-39.95  47.55  11.3289
-39.95  48.05  11.1828
-39.95  48.55  12.8749
-39.95  49.05  12.9115
-39.95  49.55  13.1411
-39.95  50.05  12.7384
-39.95  50.55  13.0572
-39.95  51.05  13.4136
-39.95  51.55  13.949
-37.45  37.55  11.9283
-37.45  38.05  11.9546
-37.45  38.55  11.7586
-37.45  39.05  11.6418
-37.45  39.55  11.1727
-37.45  40.05  10.5541
-37.45  40.55  10.2327
-37.45  41.05  10.3522
-37.45  41.55  10.1972
-37.45  42.05  9.72737
-37.45  42.55  9.51717
-37.45  43.05  9.61852
-37.45  43.55  10.3435
-37.45  44.05  9.82572
-37.45  44.55  9.80539
-37.45  45.05  10.0631
-37.45  45.55  9.52053
-37.45  46.05  9.25772
-37.45  46.55  9.45296
-37.45  47.05  9.82602
-37.45  47.55  10.4607
-37.45  48.05  10.5853
-37.45  48.55  11.1606
-37.45  49.05  11.7196
-37.45  49.55  11.826
-37.45  50.05  11.8004
-37.45  50.55  12.3337
-37.45  51.05  12.8226
-37.45  51.55  12.8755
-34.95  37.55  10.1425
-34.95  38.05  10.2238
-34.95  38.55  9.73948
-34.95  39.05  9.77336
-34.95  39.55  9.64114
-34.95  40.05  8.98413
-34.95  40.55  8.78202
-34.95  41.05  8.86093
-34.95  41.55  8.5364
-34.95  42.05  8.11102
-34.95  42.55  7.90913
-34.95  43.05  7.98568
-34.95  43.55  8.48461
-34.95  44.05  8.17922
-34.95  44.55  8.27183
-34.95  45.05  8.41058
-34.95  45.55  8.00257
-34.95  46.05  7.70009
-34.95  46.55  7.85315
-34.95  47.05  8.63753
-34.95  47.55  8.8381
-34.95  48.05  8.91046
-34.95  48.55  9.31859
-34.95  49.05  10.1009
-34.95  49.55  9.95073
-34.95  50.05  10.0846
-34.95  50.55  10.6402
-34.95  51.05  10.9521
-34.95  51.55  10.9789
-34.95  52.05  10.2488
-32.45  37.55  9.93767
-32.45  38.05  10.15
-32.45  38.55  9.81101
-32.45  39.05  9.85838
-32.45  39.55  9.7144
-32.45  40.05  9.1207
-32.45  40.55  9.11986
-32.45  41.05  9.18322
-32.45  41.55  8.72955
-32.45  42.05  8.22518
-32.45  42.55  7.94273
-32.45  43.05  8.01313
-32.45  43.55  8.52292
-32.45  44.05  8.4474
-32.45  44.55  8.46803
-32.45  45.05  8.87375
-32.45  45.55  8.3785
-32.45  46.05  7.92928
-32.45  46.55  7.81391
-32.45  47.05  8.57488
-32.45  47.55  8.81715
-32.45  48.05  8.8592
-32.45  48.55  9.1693
-32.45  49.05  10.2797
-32.45  49.55  10.2408
-32.45  50.05  10.327
-32.45  50.55  10.8046
-32.45  51.05  11.0124
-32.45  51.55  10.9513
-32.45  52.05  10.1365
-29.95  37.55  9.94972
-29.95  38.05  10.2983
-29.95  38.55  9.88923
-29.95  39.05  9.85704
-29.95  39.55  9.79236
-29.95  40.05  9.15687
-29.95  40.55  9.18468
-29.95  41.05  9.23125
-29.95  41.55  8.77808
-29.95  42.05  8.19846
-29.95  42.55  8.00408
-29.95  43.05  8.05317
-29.95  43.55  8.58139
-29.95  44.05  8.45919
-29.95  44.55  8.30817
-29.95  45.05  8.66071
-29.95  45.55  8.06749
-29.95  46.05  7.88382
-29.95  46.55  7.85281
-29.95  47.05  8.40307
-29.95  47.55  8.58962
-29.95  48.05  8.91422
-29.95  48.55  9.19797
-29.95  49.05  10.1379
-29.95  49.55  10.2976
-29.95  50.05  10.3796
-29.95  50.55  10.8673
-29.95  51.05  11.0654
-29.95  51.55  10.9791
-29.95  52.05  10.0058
-27.45  37.55  9.90993
-27.45  38.05  10.2915
-27.45  38.55  9.34622
-27.45  39.05  9.22059
-27.45  39.55  9.8186
-27.45  40.05  9.17984
-27.45  40.55  8.98953
-27.45  41.05  9.0204
-27.45  41.55  8.64914
-27.45  42.05  7.94413
-27.45  42.55  7.901
-27.45  43.05  8.045
-27.45  43.55  8.44946
-27.45  44.05  8.26705
-27.45  44.55  8.17599
-27.45  45.05  8.23708
-27.45  45.55  7.73079
-27.45  46.05  7.70684
-27.45  46.55  7.95617
-27.45  47.05  8.03337
-27.45  47.55  8.29502
-27.45  48.05  8.58101
-27.45  48.55  8.92208
-27.45  49.05  9.77051
-27.45  49.55  10.0963
-27.45  50.05  10.2127
-27.45  50.55  10.7929
-27.45  51.05  10.9218
-27.45  51.55  10.8352
-27.45  52.05  10.0172
-24.95  37.55  9.73413
-24.95  38.05  9.93968
-24.95  38.55  9.31335
-24.95  39.05  9.2807
-24.95  39.55  9.78226
-24.95  40.05  9.2336
-24.95  40.55  8.89607
-24.95  41.05  8.89049
-24.95  41.55  8.64317
-24.95  42.05  7.96581
-24.95  42.55  7.96345
-24.95  43.05  7.98067
-24.95  43.55  8.32224
-24.95  44.05  8.07124
-24.95  44.55  8.1279
-24.95  45.05  8.19181
-24.95  45.55  7.8061
-24.95  46.05  7.64998
-24.95  46.55  7.81801
-24.95  47.05  8.16771
-24.95  47.55  8.34443
-24.95  48.05  8.20946
-24.95  48.55  8.47634
-24.95  49.05  9.53872
-24.95  49.55  9.77733
-24.95  50.05  9.89594
-24.95  50.55  10.7706
-24.95  51.05  11.0364
-24.95  51.55  10.919
-24.95  52.05  10.0908
-22.45  37.55  9.21712
-22.45  38.05  9.54056
-22.45  38.55  9.11033
-22.45  39.05  9.18914
-22.45  39.55  9.40459
-22.45  40.05  8.96386
-22.45  40.55  8.63616
-22.45  41.05  8.68891
-22.45  41.55  8.50736
-22.45  42.05  7.9269
-22.45  42.55  7.84929
-22.45  43.05  7.83065
-22.45  43.55  7.99291
-22.45  44.05  7.64764
-22.45  44.55  7.62355
-22.45  45.05  7.91781
-22.45  45.55  7.81633
-22.45  46.05  7.62194
-22.45  46.55  7.68192
-22.45  47.05  7.98703
-22.45  47.55  8.07285
-22.45  48.05  7.94567
-22.45  48.55  8.24623
-22.45  49.05  9.17308
-22.45  49.55  9.39232
-22.45  50.05  9.56466
-22.45  50.55  10.4218
-22.45  51.05  10.8956
-22.45  51.55  10.8287
-22.45  52.05  9.86368
-19.95  37.55  8.86287
-19.95  38.05  9.43334
-19.95  38.55  9.08838
-19.95  39.05  9.25283
-19.95  39.55  9.4486
-19.95  40.05  9.04185
-19.95  40.55  8.76419
-19.95  41.05  8.86162
-19.95  41.55  8.54794
-19.95  42.05  7.95364
-19.95  42.55  7.84916
-19.95  43.05  7.92818
-19.95  43.55  8.08205
-19.95  44.05  7.60057
-19.95  44.55  7.59434
-19.95  45.05  7.96062
-19.95  45.55  7.84534
-19.95  46.05  7.76972
-19.95  46.55  7.88563
-19.95  47.05  8.08799
-19.95  47.55  8.10196
-19.95  48.05  7.97164
-19.95  48.55  8.2583
-19.95  49.05  9.24526
-19.95  49.55  9.4133
-19.95  50.05  9.66043
-19.95  50.55  10.3629
-19.95  51.05  10.7628
-19.95  51.55  10.7599
-19.95  52.05  10.3691
-17.45  37.55  8.91021
-17.45  38.05  9.33262
-17.45  38.55  8.85734
-17.45  39.05  9.02652
-17.45  39.55  9.50644
-17.45  40.05  9.00219
-17.45  40.55  8.67714
-17.45  41.05  8.90734
-17.45  41.55  8.42519
-17.45  42.05  7.85045
-17.45  42.55  7.74731
-17.45  43.05  7.71763
-17.45  43.55  7.91388
-17.45  44.05  7.59673
-17.45  44.55  7.57604
-17.45  45.05  7.72661
-17.45  45.55  7.65484
-17.45  46.05  7.85016
-17.45  46.55  7.87536
-17.45  47.05  8.1643
-17.45  47.55  7.97534
-17.45  48.05  7.77161
-17.45  48.55  8.18238
-17.45  49.05  9.30317
-17.45  49.55  9.35149
-17.45  50.05  9.50902
-17.45  50.55  10.1481
-17.45  51.05  10.409
-17.45  51.55  10.4846
-17.45  52.05  10.1226
-14.95  37.55  9.28694
-14.95  38.05  9.44848
-14.95  38.55  8.88966
-14.95  39.05  8.67888
-14.95  39.55  9.38103
-14.95  40.05  8.704
-14.95  40.55  8.29769
-14.95  41.05  8.62724
-14.95  41.55  8.57145
-14.95  42.05  8.00946
-14.95  42.55  7.96189
-14.95  43.05  8.00174
-14.95  43.55  7.87877
-14.95  44.05  7.52944
-14.95  44.55  7.37428
-14.95  45.05  7.52054
-14.95  45.55  7.50514
-14.95  46.05  7.89366
-14.95  46.55  7.67527
-14.95  47.05  7.82023
-14.95  47.55  7.93986
-14.95  48.05  7.81354
-14.95  48.55  8.30299
-14.95  49.05  9.2766
-14.95  49.55  9.39291
-14.95  50.05  9.44256
-14.95  50.55  10.0619
-14.95  51.05  10.3109
-14.95  51.55  10.3893
-14.95  52.05  9.92405
-12.45  37.55  9.63034
-12.45  38.05  9.5912
-12.45  38.55  8.79282
-12.45  39.05  8.35807
-12.45  39.55  8.50921
-12.45  40.05  8.09779
-12.45  40.55  7.87906
-12.45  41.05  8.13846
-12.45  41.55  8.45337
-12.45  42.05  8.01021
-12.45  42.55  7.90312
-12.45  43.05  7.82184
-12.45  43.55  7.64644
-12.45  44.05  7.10337
-12.45  44.55  7.09493
-12.45  45.05  7.36244
-12.45  45.55  7.15639
-12.45  46.05  7.46038
-12.45  46.55  7.33172
-12.45  47.05  7.35628
-12.45  47.55  7.65692
-12.45  48.05  7.74773
-12.45  48.55  8.17907
-12.45  49.05  9.01548
-12.45  49.55  9.1745
-12.45  50.05  9.23177
-12.45  50.55  9.92423
-12.45  51.05  10.1686
-12.45  51.55  10.1709
-12.45  52.05  9.55097
-9.95  37.55  10.272
-9.95  38.05  9.84619
-9.95  38.55  8.77033
-9.95  39.05  8.35319
-9.95  39.55  8.37438
-9.95  40.05  8.02024
-9.95  40.55  7.7558
-9.95  41.05  7.98702
-9.95  41.55  8.12438
-9.95  42.05  7.84166
-9.95  42.55  7.66173
-9.95  43.05  7.57532
-9.95  43.55  7.51214
-9.95  44.05  7.061
-9.95  44.55  7.22998
-9.95  45.05  7.35755
-9.95  45.55  7.23314
-9.95  46.05  7.42735
-9.95  46.55  7.45429
-9.95  47.05  7.7882
-9.95  47.55  7.72893
-9.95  48.05  7.89796
-9.95  48.55  8.29911
-9.95  49.05  9.02644
-9.95  49.55  9.07103
-9.95  50.05  9.12765
-9.95  50.55  9.63103
-9.95  51.05  10.2911
-9.95  51.55  10.273
-9.95  52.05  9.38273
-7.45  37.55  9.57306
-7.45  38.05  9.67421
-7.45  38.55  8.74632
-7.45  39.05  8.24249
-7.45  39.55  8.47142
-7.45  40.05  7.9557
-7.45  40.55  7.53545
-7.45  41.05  7.65969
-7.45  41.55  7.64658
-7.45  42.05  7.31117
-7.45  42.55  7.23024
-7.45  43.05  7.26012
-7.45  43.55  7.3064
-7.45  44.05  6.95971
-7.45  44.55  7.00246
-7.45  45.05  7.13906
-7.45  45.55  7.22028
-7.45  46.05  7.18614
-7.45  46.55  7.26485
-7.45  47.05  7.84658
-7.45  47.55  7.63736
-7.45  48.05  7.60769
-7.45  48.55  8.16382
-7.45  49.05  8.80266
-7.45  49.55  8.82072
-7.45  50.05  8.90721
-7.45  50.55  9.39617
-7.45  51.05  10.1838
-7.45  51.55  10.2145
-7.45  52.05  9.61154
-4.95  37.55  9.2698
-4.95  38.05  9.69044
-4.95  38.55  9.06304
-4.95  39.05  8.53174
-4.95  39.55  8.4793
-4.95  40.05  7.8959
-4.95  40.55  7.57839
-4.95  41.05  7.80209
-4.95  41.55  7.63015
-4.95  42.05  6.9893
-4.95  42.55  6.93888
-4.95  43.05  7.11346
-4.95  43.55  7.2248
-4.95  44.05  6.96878
-4.95  44.55  6.96288
-4.95  45.05  7.13395
-4.95  45.55  7.21523
-4.95  46.05  7.24377
-4.95  46.55  7.36679
-4.95  47.05  7.70559
-4.95  47.55  7.57737
-4.95  48.05  7.40383
-4.95  48.55  8.11726
-4.95  49.05  8.67111
-4.95  49.55  8.74991
-4.95  50.05  8.97707
-4.95  50.55  9.55188
-4.95  51.05  10.2461
-4.95  51.55  10.298
-4.95  52.05  9.81412
-2.45  37.55  9.34041
-2.45  38.05  9.68307
-2.45  38.55  9.01006
-2.45  39.05  8.61149
-2.45  39.55  8.18119
-2.45  40.05  7.74175
-2.45  40.55  7.60523
-2.45  41.05  7.85552
-2.45  41.55  7.45771
-2.45  42.05  6.60166
-2.45  42.55  6.63534
-2.45  43.05  6.91369
-2.45  43.55  6.92448
-2.45  44.05  6.67644
-2.45  44.55  6.68145
-2.45  45.05  6.92628
-2.45  45.55  7.07302
-2.45  46.05  7.18641
-2.45  46.55  7.26115
-2.45  47.05  7.30418
-2.45  47.55  7.37741
-2.45  48.05  7.35385
-2.45  48.55  7.74403
-2.45  49.05  8.49068
-2.45  49.55  8.59717
-2.45  50.05  8.84989
-2.45  50.55  9.47532
-2.45  51.05  10.1586
-2.45  51.55  10.3097
-2.45  52.05  9.74338
0.05  37.55  9.79443
0.05  38.05  9.83538
0.05  38.55  9.05278
0.05  39.05  8.63952
0.05  39.55  8.25657
0.05  40.05  7.86363
0.05  40.55  7.85322
0.05  41.05  8.07928
0.05  41.55  7.34238
0.05  42.05  6.69101
0.05  42.55  6.81789
0.05  43.05  6.94647
0.05  43.55  6.88162
0.05  44.05  6.61742
0.05  44.55  6.57277
0.05  45.05  6.92796
0.05  45.55  6.8274
0.05  46.05  6.92668
0.05  46.55  7.15092
0.05  47.05  7.22096
0.05  47.55  7.182
0.05  48.05  7.50635
0.05  48.55  7.7025
0.05  49.05  8.70411
0.05  49.55  8.51976
0.05  50.05  8.60022
0.05  50.55  9.19565
0.05  51.05  9.8912
0.05  51.55  10.4075
0.05  52.05  10.1317
2.55  37.55  9.49898
2.55  38.05  9.88417
2.55  38.55  9.03777
2.55  39.05  8.60544
2.55  39.55  8.28423
2.55  40.05  7.92822
2.55  40.55  8.09745
2.55  41.05  8.37676
2.55  41.55  7.06202
2.55  42.05  6.6513
2.55  42.55  6.6771
2.55  43.05  6.74795
2.55  43.55  6.64083
2.55  44.05  6.40228
2.55  44.55  6.28083
2.55  45.05  6.66065
2.55  45.55  6.32086
2.55  46.05  6.35212
2.55  46.55  6.73077
2.55  47.05  7.09139
2.55  47.55  6.83693
2.55  48.05  7.18873
2.55  48.55  7.62502
2.55  49.05  8.58682
2.55  49.55  8.11834
2.55  50.05  8.26176
2.55  50.55  8.90563
2.55  51.05  9.48624
2.55  51.55  9.80139
2.55  52.05  9.14386
5.05  37.55  8.84167
5.05  38.05  9.65211
5.05  38.55  9.32229
5.05  39.05  9.01309
5.05  39.55  8.96602
5.05  40.05  8.14977
5.05  40.55  8.25963
5.05  41.05  8.86971
5.05  41.55  7.28239
5.05  42.05  6.65213
5.05  42.55  6.69863
5.05  43.05  6.83836
5.05  43.55  6.82139
5.05  44.05  6.50353
5.05  44.55  6.22957
5.05  45.05  6.61522
5.05  45.55  6.27772
5.05  46.05  6.37518
5.05  46.55  6.78324
5.05  47.05  7.10129
5.05  47.55  6.78289
5.05  48.05  7.00462
5.05  48.55  7.45178
5.05  49.05  8.28348
5.05  49.55  8.20224
5.05  50.05  8.45526
5.05  50.55  9.05328
5.05  51.05  9.60937
5.05  51.55  9.69819
5.05  52.05  8.78811
7.55  37.55  8.47827
7.55  38.05  9.21379
7.55  38.55  9.17102
7.55  39.05  9.19344
7.55  39.55  9.07484
7.55  40.05  8.07597
7.55  40.55  7.57137
7.55  41.05  7.59539
7.55  41.55  7.17939
7.55  42.05  6.4615
7.55  42.55  6.50285
7.55  43.05  6.66963
7.55  43.55  6.85471
7.55  44.05  6.1697
7.55  44.55  5.9365
7.55  45.05  6.60595
7.55  45.55  6.28523
7.55  46.05  6.23239
7.55  46.55  6.73489
7.55  47.05  7.04277
7.55  47.55  6.77791
7.55  48.05  6.74028
7.55  48.55  7.06868
7.55  49.05  7.66302
7.55  49.55  7.95567
7.55  50.05  8.37975
7.55  50.55  9.13908
7.55  51.05  9.52777
7.55  51.55  9.59786
7.55  52.05  8.91542
10.05  37.55  8.84894
10.05  38.05  9.44273
10.05  38.55  9.09705
10.05  39.05  9.05277
10.05  39.55  8.82629
10.05  40.05  7.96161
10.05  40.55  7.11224
10.05  41.05  7.13718
10.05  41.55  7.1716
10.05  42.05  6.51207
10.05  42.55  6.54682
10.05  43.05  6.61796
10.05  43.55  6.8208
10.05  44.05  6.37303
10.05  44.55  6.32802
10.05  45.05  6.69482
10.05  45.55  6.54304
10.05  46.05  6.2433
10.05  46.55  6.55421
10.05  47.05  6.94932
10.05  47.55  6.87467
10.05  48.05  6.80377
10.05  48.55  7.17309
10.05  49.05  7.6202
10.05  49.55  7.65645
10.05  50.05  8.24679
10.05  50.55  9.225
10.05  51.05  9.62956
10.05  51.55  9.66859
10.05  52.05  9.084
12.55  37.55  9.13758
12.55  38.05  9.71424
12.55  38.55  9.1659
12.55  39.05  8.99406
12.55  39.55  8.57796
12.55  40.05  7.5808
12.55  40.55  7.09935
12.55  41.05  7.35132
12.55  41.55  7.11602
12.55  42.05  6.39679
12.55  42.55  6.27333
12.55  43.05  6.44216
12.55  43.55  6.84291
12.55  44.05  6.51992
12.55  44.55  6.41103
12.55  45.05  6.62162
12.55  45.55  6.58627
12.55  46.05  6.02821
12.55  46.55  6.23973
12.55  47.05  6.79498
12.55  47.55  6.67125
12.55  48.05  6.79153
12.55  48.55  7.40966
12.55  49.05  7.6672
12.55  49.55  7.41198
12.55  50.05  7.88154
12.55  50.55  8.75559
12.55  51.05  9.41349
12.55  51.55  9.43671
12.55  52.05  8.69486
15.05  37.55  9.38506
15.05  38.05  9.76152
15.05  38.55  9.1909
15.05  39.05  9.11679
15.05  39.55  8.74377
15.05  40.05  7.93961
15.05  40.55  7.60651
15.05  41.05  7.5471
15.05  41.55  7.43137
15.05  42.05  6.55629
15.05  42.55  6.24112
15.05  43.05  6.4488
15.05  43.55  6.86651
15.05  44.05  6.63025
15.05  44.55  6.57368
15.05  45.05  6.93161
15.05  45.55  6.83694
15.05  46.05  6.42653
15.05  46.55  6.59658
15.05  47.05  6.96744
15.05  47.55  6.83636
15.05  48.05  6.86153
15.05  48.55  7.37487
15.05  49.05  7.73788
15.05  49.55  7.58647
15.05  50.05  7.94453
15.05  50.55  8.71115
15.05  51.05  9.40215
15.05  51.55  9.4286
15.05  52.05  8.59444
17.55  37.55  9.22922
17.55  38.05  9.55933
17.55  38.55  9.10557
17.55  39.05  8.83807
17.55  39.55  8.73887
17.55  40.05  8.23875
17.55  40.55  7.78395
17.55  41.05  7.70134
17.55  41.55  7.41666
17.55  42.05  6.44934
17.55  42.55  6.28019
17.55  43.05  6.39448
17.55  43.55  6.82207
17.55  44.05  6.43894
17.55  44.55  6.39093
17.55  45.05  7.04389
17.55  45.55  6.96165
17.55  46.05  6.58783
17.55  46.55  6.61332
17.55  47.05  7.20509
17.55  47.55  6.95418
17.55  48.05  6.83628
17.55  48.55  7.26899
17.55  49.05  7.67343
17.55  49.55  7.52518
17.55  50.05  7.91635
17.55  50.55  8.6812
17.55  51.05  9.23359
17.55  51.55  9.45253
17.55  52.05  8.93986
20.05  37.55  9.29717
20.05  38.05  9.68659
20.05  38.55  9.33902
20.05  39.05  8.8844
20.05  39.55  8.81536
20.05  40.05  8.38182
20.05  40.55  7.6575
20.05  41.05  7.80799
20.05  41.55  7.69146
20.05  42.05  6.5319
20.05  42.55  6.29113
20.05  43.05  6.50176
20.05  43.55  7.09501
20.05  44.05  6.39458
20.05  44.55  6.31737
20.05  45.05  7.08798
20.05  45.55  7.03054
20.05  46.05  6.73181
20.05  46.55  6.88062
20.05  47.05  7.45158
20.05  47.55  7.09725
20.05  48.05  6.90191
20.05  48.55  7.32312
20.05  49.05  7.74569
20.05  49.55  7.62661
20.05  50.05  8.0165
20.05  50.55  8.6322
20.05  51.05  9.34946
20.05  51.55  9.7314
20.05  52.05  9.18913
22.55  37.55  8.89431
22.55  38.05  9.36293
22.55  38.55  9.43349
22.55  39.05  9.1615
22.55  39.55  8.64108
22.55  40.05  8.20176
22.55  40.55  7.68468
22.55  41.05  7.96621
22.55  41.55  7.49122
22.55  42.05  6.36132
22.55  42.55  6.04423
22.55  43.05  6.33173
22.55  43.55  7.15655
22.55  44.05  6.48644
22.55  44.55  6.30177
22.55  45.05  6.9421
22.55  45.55  6.74674
22.55  46.05  6.61765
22.55  46.55  6.92761
22.55  47.05  7.46594
22.55  47.55  7.14499
22.55  48.05  7.04187
22.55  48.55  7.52911
22.55  49.05  7.79366
22.55  49.55  7.61035
22.55  50.05  7.99729
22.55  50.55  8.55997
22.55  51.05  9.12918
22.55  51.55  9.2442
22.55  52.05  8.36225
25.05  37.55  8.88019
25.05  38.05  9.36462
25.05  38.55  9.20075
25.05  39.05  9.40181
25.05  39.55  9.05963
25.05  40.05  8.35125
25.05  40.55  7.93629
25.05  41.05  7.98925
25.05  41.55  7.24863
25.05  42.05  6.58339
25.05  42.55  6.30327
25.05  43.05  6.38101
25.05  43.55  6.91229
25.05  44.05  6.63605
25.05  44.55  6.46158
25.05  45.05  6.95653
25.05  45.55  6.86426
25.05  46.05  6.73338
25.05  46.55  6.87849
25.05  47.05  7.50738
25.05  47.55  7.56924
25.05  48.05  7.29069
25.05  48.55  7.60739
25.05  49.05  7.96276
25.05  49.55  7.73049
25.05  50.05  8.0555
25.05  50.55  8.53944
25.05  51.05  8.85396
25.05  51.55  8.75284
25.05  52.05  7.88727
27.55  37.55  8.54881
27.55  38.05  9.0982
27.55  38.55  8.6116
27.55  39.05  8.80938
27.55  39.55  8.91169
27.55  40.05  8.54038
27.55  40.55  8.1029
27.55  41.05  7.96091
27.55  41.55  7.05701
27.55  42.05  6.51639
27.55  42.55  6.15164
27.55  43.05  6.22116
27.55  43.55  6.44324
27.55  44.05  6.32156
27.55  44.55  6.40473
27.55  45.05  6.89665
27.55  45.55  6.84554
27.55  46.05  6.70415
27.55  46.55  6.88045
27.55  47.05  7.53793
27.55  47.55  7.52446
27.55  48.05  7.06628
27.55  48.55  7.29759
27.55  49.05  8.01447
27.55  49.55  7.70117
27.55  50.05  7.93593
27.55  50.55  8.34574
27.55  51.05  8.6053
27.55  51.55  8.65265
27.55  52.05  8.0577
30.05  37.55  8.55451
30.05  38.05  8.93711
30.05  38.55  8.61661
30.05  39.05  8.83619
30.05  39.55  9.15545
30.05  40.05  9.19211
30.05  40.55  8.36622
30.05  41.05  7.83595
30.05  41.55  6.95725
30.05  42.05  6.43258
30.05  42.55  6.1872
30.05  43.05  6.41481
30.05  43.55  6.50722
30.05  44.05  6.25341
30.05  44.55  6.34124
30.05  45.05  6.79224
30.05  45.55  6.70276
30.05  46.05  6.87347
30.05  46.55  7.23491
30.05  47.05  7.67494
30.05  47.55  7.47483
30.05  48.05  7.32506
30.05  48.55  7.67757
30.05  49.05  8.1556
30.05  49.55  7.9526
30.05  50.05  8.1624
30.05  50.55  8.68603
30.05  51.05  8.97125
30.05  51.55  9.1878
30.05  52.05  9.167
32.55  37.55  8.06025
32.55  38.05  8.50998
32.55  38.55  7.87548
32.55  39.05  7.96827
32.55  39.55  9.22481
32.55  40.05  8.17792
32.55  40.55  7.38955
32.55  41.05  7.40732
32.55  41.55  6.86071
32.55  42.05  6.13737
32.55  42.55  6.26491
32.55  43.05  6.34152
32.55  43.55  6.33954
32.55  44.05  6.11079
32.55  44.55  6.23666
32.55  45.05  6.63367
32.55  45.55  6.42467
32.55  46.05  6.94537
32.55  46.55  7.42928
32.55  47.05  7.53685
32.55  47.55  7.23382
32.55  48.05  7.28468
32.55  48.55  7.68064
32.55  49.05  7.99793
32.55  49.55  8.00762
32.55  50.05  8.30732
32.55  50.55  8.79866
32.55  51.05  9.15857
32.55  51.55  9.21609
32.55  52.05  8.5805
35.05  37.55  7.68023
35.05  38.05  8.24209
35.05  38.55  7.64671
35.05  39.05  7.69595
35.05  39.55  8.23179
35.05  40.05  7.0061
35.05  40.55  6.60541
35.05  41.05  7.02243
35.05  41.55  6.7539
35.05  42.05  6.04096
35.05  42.55  6.2232
35.05  43.05  6.22743
35.05  43.55  6.55344
35.05  44.05  6.3249
35.05  44.55  6.48398
35.05  45.05  6.81944
35.05  45.55  6.76687
35.05  46.05  7.00433
35.05  46.55  7.19882
35.05  47.05  7.52701
35.05  47.55  7.3113
35.05  48.05  7.3616
35.05  48.55  7.58801
35.05  49.05  7.9943
35.05  49.55  8.03957
35.05  50.05  8.35804
35.05  50.55  8.84977
35.05  51.05  9.07806
35.05  51.55  9.05703
35.05  52.05  8.34079
37.55  37.55  7.55212
37.55  38.05  7.9991
37.55  38.55  7.39339
37.55  39.05  7.28174
37.55  39.55  7.2547
37.55  40.05  6.58546
37.55  40.55  6.44793
37.55  41.05  6.73573
37.55  41.55  6.57758
37.55  42.05  5.89591
37.55  42.55  5.84607
37.55  43.05  6.07734
37.55  43.55  6.46858
37.55  44.05  6.25887
37.55  44.55  6.54503
37.55  45.05  6.66466
37.55  45.55  6.75359
37.55  46.05  6.38898
37.55  46.55  6.76719
37.55  47.05  7.45498
37.55  47.55  7.27876
37.55  48.05  7.25063
37.55  48.55  7.51866
37.55  49.05  7.99351
37.55  49.55  7.96921
37.55  50.05  8.22848
37.55  50.55  8.77456
37.55  51.05  8.85863
37.55  51.55  8.76766
37.55  52.05  8.08421
40.05  37.55  7.46193
40.05  38.05  7.89691
40.05  38.55  7.42613
40.05  39.05  7.23162
40.05  39.55  6.98927
40.05  40.05  6.61154
40.05  40.55  6.62175
40.05  41.05  6.41836
40.05  41.55  6.33377
40.05  42.05  6.02418
40.05  42.55  5.88865
40.05  43.05  6.03513
40.05  43.55  6.377
40.05  44.05  6.06919
40.05  44.55  6.63563
40.05  45.05  6.8454
40.05  45.55  6.72294
40.05  46.05  6.43683
40.05  46.55  6.94131
40.05  47.05  7.52964
40.05  47.55  7.36568
40.05  48.05  7.40888
40.05  48.55  7.7377
40.05  49.05  8.51371
40.05  49.55  8.17496
40.05  50.05  8.31797
40.05  50.55  8.78825
40.05  51.05  8.78531
40.05  51.55  8.63808
40.05  52.05  8.02961
42.55  37.55  7.16996
42.55  38.05  7.67894
42.55  38.55  7.38836
42.55  39.05  7.27303
42.55  39.55  6.89256
42.55  40.05  5.91836
42.55  40.55  5.6927
42.55  41.05  5.45789
42.55  41.55  5.97858
42.55  42.05  5.85122
42.55  42.55  5.61427
42.55  43.05  5.76726
42.55  43.55  6.25899
42.55  44.05  5.92127
42.55  44.55  6.25896
42.55  45.05  6.68554
42.55  45.55  6.55858
42.55  46.05  6.3995
42.55  46.55  6.55238
42.55  47.05  7.4454
42.55  47.55  7.25474
42.55  48.05  7.3038
42.55  48.55  7.72781
42.55  49.05  8.39238
42.55  49.55  8.06492
42.55  50.05  8.14541
42.55  50.55  8.49937
42.55  51.05  8.53559
42.55  51.55  8.48159
42.55  52.05  7.62065
45.05  37.55  7.28245
45.05  38.05  7.8418
45.05  38.55  7.45723
45.05  39.05  6.99603
45.05  39.55  6.76097
45.05  40.05  5.86444
45.05  40.55  5.45828
45.05  41.05  5.30664
45.05  41.55  5.78567
45.05  42.05  5.48037
45.05  42.55  5.34366
45.05  43.05  5.78116
45.05  43.55  6.09368
45.05  44.05  5.98531
45.05  44.55  6.16479
45.05  45.05  6.68834
45.05  45.55  6.6114
45.05  46.05  6.71536
45.05  46.55  6.81447
45.05  47.05  7.31777
45.05  47.55  7.31892
45.05  48.05  7.44341
45.05  48.55  7.79511
45.05  49.05  8.20554
45.05  49.55  7.97912
45.05  50.05  8.01823
45.05  50.55  8.43722
45.05  51.05  8.56362
45.05  51.55  8.5879
45.05  52.05  7.71436
47.55  37.55  7.42944
47.55  38.05  7.84096
47.55  38.55  6.92502
47.55  39.05  6.18007
47.55  39.55  6.24868
47.55  40.05  5.77579
47.55  40.55  5.22913
47.55  41.05  5.62384
47.55  41.55  5.39731
47.55  42.05  5.04375
47.55  42.55  5.11975
47.55  43.05  5.50397
47.55  43.55  5.75362
47.55  44.05  5.75904
47.55  44.55  6.0009
47.55  45.05  6.60802
47.55  45.55  6.55356
47.55  46.05  6.48332
47.55  46.55  6.78635
47.55  47.05  7.00478
47.55  47.55  7.18064
47.55  48.05  7.43129
47.55  48.55  7.72216
47.55  49.05  7.89383
47.55  49.55  7.64902
47.55  50.05  7.74257
47.55  50.55  8.2626
47.55  51.05  8.41467
47.55  51.55  8.45784
47.55  52.05  7.58812
50.05  37.55  7.63241
50.05  38.05  7.61923
50.05  38.55  6.90878
50.05  39.05  5.9533
50.05  39.55  6.0435
50.05  40.05  6.0887
50.05  40.55  5.27256
50.05  41.05  5.56388
50.05  41.55  5.5125
50.05  42.05  4.95723
50.05  42.55  4.9451
50.05  43.05  5.00813
50.05  43.55  5.42871
50.05  44.05  5.31777
50.05  44.55  5.61342
50.05  45.05  6.15626
50.05  45.55  6.29534
50.05  46.05  6.08946
50.05  46.55  6.62534
50.05  47.05  6.9599
50.05  47.55  6.98314
50.05  48.05  7.27227
50.05  48.55  7.54614
50.05  49.05  7.70285
50.05  49.55  7.52139
50.05  50.05  7.72637
50.05  50.55  8.23408
50.05  51.05  8.40026
50.05  51.55  8.44828
50.05  52.05  7.7942
52.55  37.55  7.31653
52.55  38.05  7.25053
52.55  38.55  6.501
52.55  39.05  5.62581
52.55  39.55  5.27762
52.55  40.05  5.5402
52.55  40.55  5.309
52.55  41.05  5.35569
52.55  41.55  4.81481
52.55  42.05  4.68703
52.55  42.55  4.83968
52.55  43.05  4.74386
52.55  43.55  4.99395
52.55  44.05  5.0375
52.55  44.55  5.23991
52.55  45.05  5.61597
52.55  45.55  5.75736
52.55  46.05  5.77067
52.55  46.55  6.24833
52.55  47.05  6.78259
52.55  47.55  6.65939
52.55  48.05  6.73151
52.55  48.55  6.9922
52.55  49.05  7.44046
52.55  49.55  7.27816
52.55  50.05  7.53198
52.55  50.55  7.98791
52.55  51.05  8.17488
52.55  51.55  8.28843
52.55  52.05  7.36886
55.05  37.55  6.79359
55.05  38.05  6.78859
55.05  38.55  5.72464
55.05  39.05  5.39443
55.05  39.55  5.33368
55.05  40.05  5.18652
55.05  40.55  5.42634
55.05  41.05  5.25517
55.05  41.55  4.60356
55.05  42.05  4.45506
55.05  42.55  4.59098
55.05  43.05  4.60137
55.05  43.55  4.80169
55.05  44.05  5.0483
55.05  44.55  5.29452
55.05  45.05  5.55087
55.05  45.55  5.49321
55.05  46.05  5.54394
55.05  46.55  5.84329
55.05  47.05  6.63733
55.05  47.55  6.69147
55.05  48.05  6.72493
55.05  48.55  7.07429
55.05  49.05  7.81829
55.05  49.55  7.34274
55.05  50.05  7.49455
55.05  50.55  7.95066
55.05  51.05  8.09332
55.05  51.55  8.2399
55.05  52.05  7.45319
57.55  37.55  6.25591
57.55  38.05  6.31293
57.55  38.55  5.41002
57.55  39.05  5.2911
57.55  39.55  5.6335
57.55  40.05  5.21755
57.55  40.55  4.64417
57.55  41.05  4.2904
57.55  41.55  4.01855
57.55  42.05  3.85406
57.55  42.55  4.11051
57.55  43.05  4.25926
57.55  43.55  4.60212
57.55  44.05  4.76913
57.55  44.55  4.86511
57.55  45.05  5.3584
57.55  45.55  5.24449
57.55  46.05  5.1275
57.55  46.55  5.69692
57.55  47.05  6.38616
57.55  47.55  6.57396
57.55  48.05  6.63649
57.55  48.55  6.94906
57.55  49.05  7.74861
57.55  49.55  7.19826
57.55  50.05  7.25929
57.55  50.55  7.78098
57.55  51.05  7.83729
57.55  51.55  7.8127
57.55  52.05  6.94116
60.05  37.55  5.98146
60.05  38.05  6.15757
60.05  38.55  5.31168
60.05  39.05  5.11539
60.05  39.55  5.43908
60.05  40.05  5.01914
60.05  40.55  4.28155
60.05  41.05  4.28755
60.05  41.55  3.868
60.05  42.05  3.85262
60.05  42.55  4.02947
60.05  43.05  3.92448
60.05  43.55  4.52439
60.05  44.05  4.70121
60.05  44.55  4.7288
60.05  45.05  5.4954
60.05  45.55  5.43832
60.05  46.05  5.56251
60.05  46.55  6.42867
60.05  47.05  6.74658
60.05  47.55  6.79619
60.05  48.05  6.84103
60.05  48.55  6.98753
60.05  49.05  7.62941
60.05  49.55  7.53286
60.05  50.05  7.48715
60.05  50.55  7.87577
60.05  51.05  7.8806
60.05  51.55  7.77712
60.05  52.05  6.93037
62.55  37.55  5.38585
62.55  38.05  5.65298
62.55  38.55  4.9844
62.55  39.05  4.76005
62.55  39.55  5.05153
62.55  40.05  4.56373
62.55  40.55  4.10786
62.55  41.05  4.34974
62.55  41.55  3.77619
62.55  42.05  3.38551
62.55  42.55  3.59779
62.55  43.05  3.79081
62.55  43.55  4.31022
62.55  44.05  4.44276
62.55  44.55  4.89748
62.55  45.05  5.72386
62.55  45.55  5.42397
62.55  46.05  5.68527
62.55  46.55  6.38269
62.55  47.05  6.61336
62.55  47.55  6.81485
62.55  48.05  6.72195
62.55  48.55  6.77092
62.55  49.05  7.42544
62.55  49.55  7.50042
62.55  50.05  7.51983
62.55  50.55  7.79224
62.55  51.05  7.71208
62.55  51.55  7.67852
62.55  52.05  6.75076
65.05  37.55  5.33661
65.05  38.05  5.79698
65.05  38.55  4.90054
65.05  39.05  4.45822
65.05  39.55  4.99766
65.05  40.05  4.47802
65.05  40.55  4.29665
65.05  41.05  4.15091
65.05  41.55  3.6798
65.05  42.05  3.35238
65.05  42.55  3.50359
65.05  43.05  3.75447
65.05  43.55  4.37425
65.05  44.05  4.1973
65.05  44.55  4.60011
65.05  45.05  5.27466
65.05  45.55  5.46027
65.05  46.05  5.5513
65.05  46.55  6.17464
65.05  47.05  6.74609
65.05  47.55  6.82755
65.05  48.05  6.65746
65.05  48.55  6.75097
65.05  49.05  7.48402
65.05  49.55  7.54457
65.05  50.05  7.59965
65.05  50.55  7.88839
65.05  51.05  7.89408
65.05  51.55  7.89492
65.05  52.05  6.98297
67.55  37.55  4.47553
67.55  38.05  4.80928
67.55  38.55  4.25415
67.55  39.05  4.07593
67.55  39.55  4.60812
67.55  40.05  4.24461
67.55  40.55  3.69818
67.55  41.05  3.18399
67.55  41.55  3.26079
67.55  42.05  3.07596
67.55  42.55  3.16663
67.55  43.05  3.45957
67.55  43.55  4.32326
67.55  44.05  4.0777
67.55  44.55  4.22444
67.55  45.05  4.7155
67.55  45.55  5.35236
67.55  46.05  5.36628
67.55  46.55  5.89946
67.55  47.05  6.67196
67.55  47.55  6.55208
67.55  48.05  6.4164
67.55  48.55  6.60817
67.55  49.05  7.32188
67.55  49.55  7.32967
67.55  50.05  7.44141
67.55  50.55  7.78876
67.55  51.05  7.82323
67.55  51.55  7.86339
67.55  52.05  7.10103
70.05  37.55  3.86426
70.05  38.05  4.36801
70.05  38.55  4.00126
70.05  39.05  3.92151
70.05  39.55  4.22247
70.05  40.05  3.68587
70.05  40.55  3.20676
70.05  41.05  2.83187
70.05  41.55  3.15189
70.05  42.05  3.11379
70.05  42.55  3.10622
70.05  43.05  3.38689
70.05  43.55  4.39709
70.05  44.05  4.28908
70.05  44.55  4.39549
70.05  45.05  4.85179
70.05  45.55  5.18667
70.05  46.05  5.3349
70.05  46.55  5.78816
70.05  47.05  6.59537
70.05  47.55  6.57233
70.05  48.05  6.48282
70.05  48.55  6.62252
70.05  49.05  7.20962
70.05  49.55  7.21519
70.05  50.05  7.41152
70.05  50.55  7.75632
70.05  51.05  7.86908
70.05  51.55  7.92179
70.05  52.05  7.41483
72.55  37.55  3.51223
72.55  38.05  4.04012
72.55  38.55  3.49301
72.55  39.05  3.40896
72.55  39.55  3.5451
72.55  40.05  3.03719
72.55  40.55  2.72791
72.55  41.05  2.71607
72.55  41.55  2.97447
72.55  42.05  2.74665
72.55  42.55  2.79002
72.55  43.05  3.25179
72.55  43.55  4.48937
72.55  44.05  4.31067
72.55  44.55  4.50913
72.55  45.05  4.79533
72.55  45.55  4.98708
72.55  46.05  5.17602
72.55  46.55  5.66031
72.55  47.05  6.41255
72.55  47.55  6.52816
72.55  48.05  6.34515
72.55  48.55  6.48318
72.55  49.05  6.98366
72.55  49.55  7.06898
72.55  50.05  7.07816
72.55  50.55  7.57161
72.55  51.05  7.80674
72.55  51.55  7.86777
72.55  52.05  7.36873
75.05  37.55  3.99031
75.05  38.05  4.1141
75.05  38.55  3.30835
75.05  39.05  3.18296
75.05  39.55  3.41922
75.05  40.05  2.76028
75.05  40.55  2.20838
75.05  41.05  2.33216
75.05  41.55  2.70565
75.05  42.05  2.56989
75.05  42.55  2.75967
75.05  43.05  3.29572
75.05  43.55  4.11955
75.05  44.05  4.31963
75.05  44.55  4.67115
75.05  45.05  4.8879
75.05  45.55  4.88397
75.05  46.05  4.98536
75.05  46.55  5.46504
75.05  47.05  6.35537
75.05  47.55  6.48858
75.05  48.05  6.32885
75.05  48.55  6.62359
75.05  49.05  7.21089
75.05  49.55  7.15809
75.05  50.05  7.04269
75.05  50.55  7.73945
75.05  51.05  7.87704
75.05  51.55  7.94417
75.05  52.05  7.29158
77.55  37.55  2.97868
77.55  38.05  3.23364
77.55  38.55  2.9251
77.55  39.05  2.95509
77.55  39.55  3.12927
77.55  40.05  2.26085
77.55  40.55  1.80512
77.55  41.05  1.85554
77.55  41.55  2.41932
77.55  42.05  2.42234
77.55  42.55  2.65919
77.55  43.05  3.10349
77.55  43.55  3.86923
77.55  44.05  4.19702
77.55  44.55  4.58136
77.55  45.05  5.01328
77.55  45.55  4.93417
77.55  46.05  4.85687
77.55  46.55  5.26646
77.55  47.05  5.89269
77.55  47.55  6.15469
77.55  48.05  6.22882
77.55  48.55  6.56165
77.55  49.05  7.13431
77.55  49.55  6.97405
77.55  50.05  7.07383
77.55  50.55  7.59488
77.55  51.05  7.63677
77.55  51.55  7.71651
77.55  52.05  7.04382
80.05  37.55  2.44035
80.05  38.05  2.96104
80.05  38.55  2.72588
80.05  39.05  2.72174
80.05  39.55  2.88888
80.05  40.05  1.95127
80.05  40.55  1.59936
80.05  41.05  1.85332
80.05  41.55  2.52822
80.05  42.05  2.23833
80.05  42.55  2.53744
80.05  43.05  3.10361
80.05  43.55  3.90442
80.05  44.05  4.04649
80.05  44.55  4.37969
80.05  45.05  4.92237
80.05  45.55  5.04472
80.05  46.05  4.80284
80.05  46.55  5.27305
80.05  47.05  5.85157
80.05  47.55  6.23662
80.05  48.05  6.43088
80.05  48.55  6.66746
80.05  49.05  7.16808
80.05  49.55  6.96178
80.05  50.05  7.26023
80.05  50.55  7.6041
80.05  51.05  7.71496
80.05  51.55  7.85503
80.05  52.05  7.20033
82.55  37.55  2.45097
82.55  38.05  2.90367
82.55  38.55  2.62458
82.55  39.05  2.47093
82.55  39.55  2.24526
82.55  40.05  1.51246
82.55  40.55  1.37244
82.55  41.05  1.61928
82.55  41.55  2.50498
82.55  42.05  2.23863
82.55  42.55  2.46682
82.55  43.05  3.19371
82.55  43.55  3.8074
82.55  44.05  3.76282
82.55  44.55  4.16879
82.55  45.05  4.79956
82.55  45.55  4.90262
82.55  46.05  4.84827
82.55  46.55  5.12459
82.55  47.05  5.75748
82.55  47.55  6.14651
82.55  48.05  6.26026
82.55  48.55  6.51463
82.55  49.05  7.0366
82.55  49.55  6.76337
82.55  50.05  7.07224
82.55  50.55  7.56306
82.55  51.05  7.62481
82.55  51.55  7.61216
82.55  52.05  6.69723
85.05  37.55  2.3045
85.05  38.05  2.73017
85.05  38.55  2.43199
85.05  39.05  2.0698
85.05  39.55  2.07864
85.05  40.05  1.48546
85.05  40.55  1.5705
85.05  41.05  1.85116
85.05  41.55  2.63273
85.05  42.05  2.85016
85.05  42.55  2.88169
85.05  43.05  3.4209
85.05  43.55  4.03776
85.05  44.05  3.89044
85.05  44.55  4.21488
85.05  45.05  4.86774
85.05  45.55  4.94101
85.05  46.05  5.07342
85.05  46.55  5.18623
85.05  47.05  5.91424
85.05  47.55  6.18072
85.05  48.05  6.20146
85.05  48.55  6.51728
85.05  49.05  6.97463
85.05  49.55  6.78747
85.05  50.05  7.11184
85.05  50.55  7.66141
85.05  51.05  7.72411
85.05  51.55  7.59745
85.05  52.05  6.81866
87.55  37.55  1.73852
87.55  38.05  2.20794
87.55  38.55  1.76733
87.55  39.05  1.60299
87.55  39.55  1.83941
87.55  40.05  1.39881
87.55  40.55  1.50035
87.55  41.05  1.81446
87.55  41.55  2.5589
87.55  42.05  2.79093
87.55  42.55  3.06407
87.55  43.05  3.55322
87.55  43.55  4.05807
87.55  44.05  3.88408
87.55  44.55  4.2441
87.55  45.05  4.71225
87.55  45.55  4.7968
87.55  46.05  4.85661
87.55  46.55  5.05568
87.55  47.05  5.79858
87.55  47.55  5.9772
87.55  48.05  5.89234
87.55  48.55  6.39141
87.55  49.05  6.81707
87.55  49.55  6.68394
87.55  50.05  7.03481
87.55  50.55  7.46927
87.55  51.05  7.55118
87.55  51.55  7.50186
87.55  52.05  6.55912
90.05  37.55  1.6774
90.05  38.05  2.2142
90.05  38.55  1.86529
90.05  39.05  1.82119
90.05  39.55  1.96309
90.05  40.05  1.62482
90.05  40.55  1.59997
90.05  41.05  1.92121
90.05  41.55  2.89536
90.05  42.05  3.01903
90.05  42.55  3.18658
90.05  43.05  3.43927
90.05  43.55  4.09035
90.05  44.05  4.09982
90.05  44.55  4.48967
90.05  45.05  4.83968
90.05  45.55  4.86086
90.05  46.05  4.84316
90.05  46.55  5.09601
90.05  47.05  5.86357
90.05  47.55  5.98349
90.05  48.05  5.92263
90.05  48.55  6.48451
90.05  49.05  6.92731
90.05  49.55  6.75925
90.05  50.05  7.1566
90.05  50.55  7.50237
90.05  51.05  7.6012
90.05  51.55  7.60296
90.05  52.05  6.77944
92.55  37.55  1.6887
92.55  38.05  2.35145
92.55  38.55  2.20185
92.55  39.05  2.07835
92.55  39.55  1.82275
92.55  40.05  1.4586
92.55  40.55  1.67125
92.55  41.05  2.09149
92.55  41.55  3.14082
92.55  42.05  2.81001
92.55  42.55  2.74815
92.55  43.05  2.97716
92.55  43.55  4.01765
92.55  44.05  4.16614
92.55  44.55  4.53222
92.55  45.05  4.94018
92.55  45.55  4.81748
92.55  46.05  4.72442
92.55  46.55  5.03789
92.55  47.05  5.68985
92.55  47.55  5.68384
92.55  48.05  5.73406
92.55  48.55  6.25189
92.55  49.05  6.78637
92.55  49.55  6.7236
92.55  50.05  6.93133
92.55  50.55  7.34599
92.55  51.05  7.5286
92.55  51.55  7.45177
92.55  52.05  6.70105
95.05  37.55  1.97052
95.05  38.05  2.66307
95.05  38.55  2.36601
95.05  39.05  2.03435
95.05  39.55  1.94751
95.05  40.05  1.93227
95.05  40.55  1.78359
95.05  41.05  2.05393
95.05  41.55  2.72213
95.05  42.05  2.69342
95.05  42.55  2.74581
95.05  43.05  3.10502
95.05  43.55  4.04147
95.05  44.05  4.26887
95.05  44.55  4.69992
95.05  45.05  5.10696
95.05  45.55  4.92246
95.05  46.05  4.75168
95.05  46.55  5.1621
95.05  47.05  5.83735
95.05  47.55  5.67838
95.05  48.05  5.6983
95.05  48.55  6.11192
95.05  49.05  6.87148
95.05  49.55  6.80307
95.05  50.05  6.94982
95.05  50.55  7.48464
95.05  51.05  7.57824
95.05  51.55  7.44902
95.05  52.05  6.77657
97.55  37.55  2.16642
97.55  38.05  2.77959
97.55  38.55  2.26177
97.55  39.05  1.90775
97.55  39.55  1.80436
97.55  40.05  1.93937
97.55  40.55  1.40974
97.55  41.05  1.49349
97.55  41.55  2.38553
97.55  42.05  2.66478
97.55  42.55  2.74508
97.55  43.05  3.0697
97.55  43.55  3.85965
97.55  44.05  4.24187
97.55  44.55  4.74422
97.55  45.05  5.14762
97.55  45.55  4.88173
97.55  46.05  4.73465
97.55  46.55  5.01688
97.55  47.05  5.60038
97.55  47.55  5.37896
97.55  48.05  5.44875
97.55  48.55  5.78752
97.55  49.05  6.70966
97.55  49.55  6.67507
97.55  50.05  6.78921
97.55  50.55  7.36926
97.55  51.05  7.41151
97.55  51.55  7.46246
97.55  52.05  6.71337
100.05  37.55  2.11299
100.05  38.05  2.83323
100.05  38.55  2.32834
100.05  39.05  2.15236
100.05  39.55  2.08593
100.05  40.05  1.70891
100.05  40.55  1.5112
100.05  41.05  1.7011
100.05  41.55  2.4531
100.05  42.05  2.85401
100.05  42.55  3.05943
100.05  43.05  3.39656
100.05  43.55  4.30044
100.05  44.05  4.4399
100.05  44.55  4.71723
100.05  45.05  5.13134
100.05  45.55  4.78569
100.05  46.05  4.85046
100.05  46.55  5.03059
100.05  47.05  5.50856
100.05  47.55  5.31739
100.05  48.05  5.45733
100.05  48.55  5.73828
100.05  49.05  6.68901
100.05  49.55  6.82564
100.05  50.05  6.89407
100.05  50.55  7.36984
100.05  51.05  7.48733
100.05  51.55  7.7843
100.05  52.05  7.49216
102.55  37.55  2.11324
102.55  38.05  2.85494
102.55  38.55  2.35243
102.55  39.05  1.90686
102.55  39.55  2.10224
102.55  40.05  1.56145
102.55  40.55  1.44195
102.55  41.05  1.73193
102.55  41.55  2.36977
102.55  42.05  2.81668
102.55  42.55  3.21499
102.55  43.05  3.51095
102.55  43.55  4.67809
102.55  44.05  4.70238
102.55  44.55  4.76759
102.55  45.05  5.00618
102.55  45.55  4.50524
102.55  46.05  4.58566
102.55  46.55  4.92811
102.55  47.05  5.34334
102.55  47.55  5.1897
102.55  48.05  5.25468
102.55  48.55  5.56054
102.55  49.05  6.39488
102.55  49.55  6.71396
102.55  50.05  6.8059
102.55  50.55  7.23025
102.55  51.05  7.37802
102.55  51.55  7.50707
102.55  52.05  6.73837
105.05  37.55  2.84254
105.05  38.05  2.98526
105.05  38.55  2.25567
105.05  39.05  1.78609
105.05  39.55  2.17408
105.05  40.05  1.89524
105.05  40.55  1.74314
105.05  41.05  2.01964
105.05  41.55  2.59538
105.05  42.05  2.95101
105.05  42.55  3.55228
105.05  43.05  3.74146
105.05  43.55  4.7686
105.05  44.05  4.84968
105.05  44.55  4.92163
105.05  45.05  5.03684
105.05  45.55  4.70691
105.05  46.05  4.70822
105.05  46.55  4.99671
105.05  47.05  5.43361
105.05  47.55  5.19155
105.05  48.05  5.20388
105.05  48.55  5.63224
105.05  49.05  6.4599
105.05  49.55  6.82778
105.05  50.05  6.93346
105.05  50.55  7.38786
105.05  51.05  7.52622
105.05  51.55  7.47931
105.05  52.05  6.77531
107.55  37.55  2.65301
107.55  38.05  2.61501
107.55  38.55  1.95859
107.55  39.05  1.75769
107.55  39.55  2.16661
107.55  40.05  2.10181
107.55  40.55  1.89069
107.55  41.05  2.03974
107.55  41.55  2.7856
107.55  42.05  3.09022
107.55  42.55  3.62908
107.55  43.05  3.89981
107.55  43.55  4.66663
107.55  44.05  4.61144
107.55  44.55  4.61119
107.55  45.05  4.75172
107.55  45.55  4.76533
107.55  46.05  4.65766
107.55  46.55  4.90022
107.55  47.05  5.30234
107.55  47.55  5.07527
107.55  48.05  5.09482
107.55  48.55  5.42348
107.55  49.05  6.25427
107.55  49.55  6.68137
107.55  50.05  6.76555
107.55  50.55  7.30726
107.55  51.05  7.46953
107.55  51.55  7.45515
107.55  52.05  6.72219
110.05  37.55  2.70498
110.05  38.05  2.68921
110.05  38.55  2.00671
110.05  39.05  1.91884
110.05  39.55  2.3764
110.05  40.05  2.27272
110.05  40.55  2.13058
110.05  41.05  2.41567
110.05  41.55  3.16665
110.05  42.05  3.38065
110.05  42.55  3.78622
110.05  43.05  4.08766
110.05  43.55  4.80897
110.05  44.05  4.58612
110.05  44.55  4.62491
110.05  45.05  5.01728
110.05  45.55  4.88034
110.05  46.05  4.71824
110.05  46.55  4.93904
110.05  47.05  5.33752
110.05  47.55  5.12173
110.05  48.05  5.09334
110.05  48.55  5.25492
110.05  49.05  6.20142
110.05  49.55  6.67996
110.05  50.05  6.76823
110.05  50.55  7.34272
110.05  51.05  7.49258
110.05  51.55  7.55751
110.05  52.05  6.76549
112.55  37.55  2.79237
112.55  38.05  2.77518
112.55  38.55  2.12997
112.55  39.05  2.22691
112.55  39.55  2.44269
112.55  40.05  2.42411
112.55  40.55  2.3441
112.55  41.05  2.7011
112.55  41.55  3.41084
112.55  42.05  3.53261
112.55  42.55  3.73407
112.55  43.05  4.25545
112.55  43.55  4.77458
112.55  44.05  4.38464
112.55  44.55  4.53763
112.55  45.05  5.20163
112.55  45.55  4.86908
112.55  46.05  4.66898
112.55  46.55  4.78409
112.55  47.05  5.23995
112.55  47.55  4.90671
112.55  48.05  4.76582
112.55  48.55  4.90308
112.55  49.05  5.95856
112.55  49.55  6.42147
112.55  50.05  6.68608
112.55  50.55  7.18123
112.55  51.05  7.33884
112.55  51.55  7.33936
112.55  52.05  6.51621
115.05  37.55  3.25355
115.05  38.05  3.39534
115.05  38.55  2.56166
115.05  39.05  2.54356
115.05  39.55  2.68512
115.05  40.05  2.6364
115.05  40.55  2.72349
115.05  41.05  3.26769
115.05  41.55  4.03193
115.05  42.05  4.05761
115.05  42.55  4.14524
115.05  43.05  4.76928
115.05  43.55  4.76213
115.05  44.05  4.42568
115.05  44.55  4.66786
115.05  45.05  5.26504
115.05  45.55  5.02231
115.05  46.05  4.92092
115.05  46.55  4.89117
115.05  47.05  5.2397
115.05  47.55  5.06898
115.05  48.05  4.71543
115.05  48.55  4.62311
115.05  49.05  5.85334
115.05  49.55  6.35752
115.05  50.05  6.79969
115.05  50.55  7.26008
115.05  51.05  7.41146
115.05  51.55  7.41585
115.05  52.05  6.71025
117.55  37.55  3.67657
117.55  38.05  4.00677
117.55  38.55  2.85153
117.55  39.05  2.64949
117.55  39.55  3.04087
117.55  40.05  2.89173
117.55  40.55  3.00581
117.55  41.05  3.61683
117.55  41.55  4.44812
117.55  42.05  4.42646
117.55  42.55  4.37439
117.55  43.05  4.86552
117.55  43.55  4.56197
117.55  44.05  4.37333
117.55  44.55  4.57955
117.55  45.05  4.96122
117.55  45.55  4.88685
117.55  46.05  4.93028
117.55  46.55  4.88573
117.55  47.05  5.00618
117.55  47.55  5.13759
117.55  48.05  4.64251
117.55  48.55  4.4659
117.55  49.05  5.7995
117.55  49.55  6.22907
117.55  50.05  6.65439
117.55  50.55  7.12203
117.55  51.05  7.24968
117.55  51.55  7.30372
117.55  52.05  6.88359
120.05  37.55  4.07832
120.05  38.05  5.05773
120.05  38.55  2.83172
120.05  39.05  2.79952
120.05  39.55  3.63982
120.05  40.05  3.42162
120.05  40.55  3.41834
120.05  41.05  3.67221
120.05  41.55  5.00657
120.05  42.05  5.01177
120.05  42.55  4.34284
120.05  43.05  4.63798
120.05  43.55  4.25279
120.05  44.05  4.12321
120.05  44.55  4.22683
120.05  45.05  4.48557
120.05  45.55  4.53802
120.05  46.05  4.54229
120.05  46.55  4.79582
120.05  47.05  4.636
120.05  47.55  4.88486
120.05  48.05  4.34375
120.05  48.55  4.0982
120.05  49.05  5.45642
120.05  49.55  5.85625
120.05  50.05  6.24227
120.05  50.55  6.84763
120.05  51.05  6.86234
120.05  51.55  7.01987
120.05  52.05  6.50314
122.55  38.55  2.73838
122.55  39.05  1.78087
122.55  40.05  2.86044
122.55  42.55  4.40179
122.55  43.05  4.01076
122.55  43.55  3.44384
122.55  44.05  3.97893
122.55  44.55  4.74692
122.55  45.05  4.40768
122.55  45.55  4.01119
122.55  46.05  4.25298
122.55  46.55  4.70247
122.55  47.05  3.58953
122.55  47.55  4.18803
122.55  48.05  3.41294
122.55  48.55  3.24708
122.55  49.05  5.62994
122.55  49.55  5.35899
122.55  50.05  5.95415
122.55  50.55  6.13969
122.55  51.05  6.92479
122.55  51.55  6.95316
125.05  48.55  -0
