-79.95  40.05  inf
-39.95  38.05  10.9584
-39.95  38.55  11.1841
-39.95  39.05  10.6343
-39.95  39.55  10.314
-39.95  40.05  8.91807
-39.95  40.55  8.9342
-39.95  41.05  9.79318
-39.95  41.55  9.4936
-39.95  42.05  7.45224
-39.95  42.55  8.12937
-39.95  43.55  11.3077
-39.95  44.05  10.5693
-39.95  44.55  10.2684
-39.95  45.05  10.0254
-39.95  45.55  7.91727
-39.95  46.05  7.73811
-39.95  46.55  8.95631
-39.95  47.05  10.0615
-39.95  47.55  10.07
-39.95  48.05  10.5945
-39.95  48.55  11.3118
-39.95  49.55  11.0604
-39.95  50.05  10.7318
-39.95  50.55  10.5445
-39.95  51.05  11.7451
-37.45  37.55  9.65848
-37.45  38.05  9.77805
-37.45  38.55  9.09637
-37.45  39.05  9.19787
-37.45  39.55  9.18834
-37.45  40.05  8.24516
-37.45  40.55  8.30863
-37.45  41.05  8.9268
-37.45  41.55  9.30368
-37.45  42.05  7.25145
-37.45  42.55  7.72041
-37.45  43.05  9.04234
-37.45  43.55  10.2132
-37.45  44.05  9.35262
-37.45  44.55  9.22855
-37.45  45.05  9.20819
-37.45  45.55  7.90974
-37.45  46.05  7.67761
-37.45  46.55  8.13824
-37.45  47.05  9.33032
-37.45  47.55  9.29392
-37.45  48.05  9.65786
-37.45  48.55  10.1103
-37.45  49.05  10.8435
-37.45  49.55  10.4412
-37.45  50.05  10.2153
-37.45  50.55  10.3054
-37.45  51.05  11.2103
-37.45  51.55  11.2855
-37.45  52.05  10.3315
-34.95  37.55  8.01276
-34.95  38.05  8.18237
-34.95  38.55  7.52701
-34.95  39.05  7.50695
-34.95  39.55  7.61606
-34.95  40.05  6.92794
-34.95  40.55  6.7706
-34.95  41.05  7.08057
-34.95  41.55  7.16627
-34.95  42.05  6.4552
-34.95  42.55  6.52619
-34.95  43.05  6.76661
-34.95  43.55  7.79471
-34.95  44.05  7.53008
-34.95  44.55  7.34715
-34.95  45.05  7.30282
-34.95  45.55  6.62891
-34.95  46.05  6.12029
-34.95  46.55  6.36028
-34.95  47.05  7.05922
-34.95  47.55  7.56548
-34.95  48.05  7.78438
-34.95  48.55  8.13558
-34.95  49.05  8.85758
-34.95  49.55  8.73446
-34.95  50.05  8.64566
-34.95  50.55  9.1786
-34.95  51.05  9.51353
-34.95  51.55  9.39566
-34.95  52.05  8.47979
-32.45  37.55  8.30929
-32.45  38.05  8.4068
-32.45  38.55  7.69901
-32.45  39.05  7.69425
-32.45  39.55  7.7516
-32.45  40.05  7.10564
-32.45  40.55  6.87823
-32.45  41.05  7.12907
-32.45  41.55  6.80238
-32.45  42.05  6.77583
-32.45  42.55  6.97518
-32.45  43.05  6.93928
-32.45  43.55  7.56336
-32.45  44.05  7.58082
-32.45  44.55  7.561
-32.45  45.05  7.48133
-32.45  45.55  6.63553
-32.45  46.05  6.52634
-32.45  46.55  6.4818
-32.45  47.05  6.87285
-32.45  47.55  7.57613
-32.45  48.05  7.76641
-32.45  48.55  8.11645
-32.45  49.05  8.9892
-32.45  49.55  8.82175
-32.45  50.05  8.75225
-32.45  50.55  9.41596
-32.45  51.05  9.65716
-32.45  51.55  9.52474
-32.45  52.05  8.70698
-29.95  37.55  8.73224
-29.95  38.05  8.6555
-29.95  38.55  7.90844
-29.95  39.05  7.70272
-29.95  39.55  7.89503
-29.95  40.05  7.46718
-29.95  40.55  7.16829
-29.95  41.05  7.25553
-29.95  41.55  6.93726
-29.95  42.05  6.79729
-29.95  42.55  6.96731
-29.95  43.05  7.01919
-29.95  43.55  7.47575
-29.95  44.05  7.49118
-29.95  44.55  7.51914
-29.95  45.05  7.57051
-29.95  45.55  6.95944
-29.95  46.05  6.96772
-29.95  46.55  6.61605
-29.95  47.05  7.06723
-29.95  47.55  7.58872
-29.95  48.05  7.87964
-29.95  48.55  8.11766
-29.95  49.05  8.80708
-29.95  49.55  8.73248
-29.95  50.05  8.73989
-29.95  50.55  9.54216
-29.95  51.05  9.90196
-29.95  51.55  9.87189
-29.95  52.05  9.37521
-27.45  37.55  8.77806
-27.45  38.05  8.64649
-27.45  38.55  7.69918
-27.45  39.05  7.53388
-27.45  39.55  7.91281
-27.45  40.05  7.63315
-27.45  40.55  7.06572
-27.45  41.05  7.03072
-27.45  41.55  6.9857
-27.45  42.05  6.63705
-27.45  42.55  6.81164
-27.45  43.05  7.0022
-27.45  43.55  7.26122
-27.45  44.05  7.01222
-27.45  44.55  7.08776
-27.45  45.05  7.39117
-27.45  45.55  6.98769
-27.45  46.05  6.99878
-27.45  46.55  6.90095
-27.45  47.05  7.22319
-27.45  47.55  7.50965
-27.45  48.05  7.63045
-27.45  48.55  7.85034
-27.45  49.05  8.4675
-27.45  49.55  8.38198
-27.45  50.05  8.64935
-27.45  50.55  9.457
-27.45  51.05  9.89371
-27.45  51.55  10.0118
-27.45  52.05  9.42858
-24.95  37.55  8.54277
-24.95  38.05  8.4292
-24.95  38.55  7.61451
-24.95  39.05  7.67439
-24.95  39.55  8.0131
-24.95  40.05  7.51944
-24.95  40.55  7.09583
-24.95  41.05  7.14952
-24.95  41.55  7.16025
-24.95  42.05  6.71779
-24.95  42.55  6.88039
-24.95  43.05  7.13354
-24.95  43.55  7.45257
-24.95  44.05  6.85629
-24.95  44.55  6.9407
-24.95  45.05  7.25088
-24.95  45.55  6.88874
-24.95  46.05  6.84693
-24.95  46.55  6.99564
-24.95  47.05  7.36013
-24.95  47.55  7.60008
-24.95  48.05  7.52216
-24.95  48.55  7.74501
-24.95  49.05  8.26465
-24.95  49.55  8.14517
-24.95  50.05  8.68054
-24.95  50.55  9.29053
-24.95  51.05  9.87489
-24.95  51.55  10.086
-24.95  52.05  9.61907
-22.45  37.55  7.60574
-22.45  38.05  7.96921
-22.45  38.55  7.476
-22.45  39.05  7.55764
-22.45  39.55  7.80721
-22.45  40.05  7.32894
-22.45  40.55  7.03833
-22.45  41.05  7.16974
-22.45  41.55  7.20877
-22.45  42.05  6.7079
-22.45  42.55  6.891
-22.45  43.05  7.19366
-22.45  43.55  7.54023
-22.45  44.05  6.70469
-22.45  44.55  6.54973
-22.45  45.05  6.96169
-22.45  45.55  6.62409
-22.45  46.05  6.50201
-22.45  46.55  6.71566
-22.45  47.05  7.20209
-22.45  47.55  7.3137
-22.45  48.05  7.39371
-22.45  48.55  7.7854
-22.45  49.05  8.01856
-22.45  49.55  7.80227
-22.45  50.05  8.51177
-22.45  50.55  9.10088
-22.45  51.05  9.77285
-22.45  51.55  9.93789
-22.45  52.05  9.60495
-19.95  37.55  6.99515
-19.95  38.05  7.73537
-19.95  38.55  7.48382
-19.95  39.05  7.42804
-19.95  39.55  7.77459
-19.95  40.05  7.45452
-19.95  40.55  7.22803
-19.95  41.05  7.31691
-19.95  41.55  7.4444
-19.95  42.05  7.01074
-19.95  42.55  7.09274
-19.95  43.05  7.26391
-19.95  43.55  7.39421
-19.95  44.05  6.70593
-19.95  44.55  6.46511
-19.95  45.05  6.87021
-19.95  45.55  6.75824
-19.95  46.05  6.58467
-19.95  46.55  6.8244
-19.95  47.05  7.2502
-19.95  47.55  7.21012
-19.95  48.05  7.26146
-19.95  48.55  7.61388
-19.95  49.05  8.11081
-19.95  49.55  8.1214
-19.95  50.05  8.78465
-19.95  50.55  9.13165
-19.95  51.05  9.66763
-19.95  51.55  9.7744
-19.95  52.05  9.23839
-17.45  37.55  6.76428
-17.45  38.05  7.4911
-17.45  38.55  7.08082
-17.45  39.05  7.09419
-17.45  39.55  7.73462
-17.45  40.05  7.34102
-17.45  40.55  7.20835
-17.45  41.05  7.49096
-17.45  41.55  7.48839
-17.45  42.05  6.92185
-17.45  42.55  6.98393
-17.45  43.05  6.97425
-17.45  43.55  7.17812
-17.45  44.05  6.65163
-17.45  44.55  6.37432
-17.45  45.05  6.7658
-17.45  45.55  6.6949
-17.45  46.05  6.59499
-17.45  46.55  6.86767
-17.45  47.05  7.21922
-17.45  47.55  7.00296
-17.45  48.05  6.89692
-17.45  48.55  7.17207
-17.45  49.05  8.01681
-17.45  49.55  8.3439
-17.45  50.05  8.53183
-17.45  50.55  8.93845
-17.45  51.05  9.35711
-17.45  51.55  9.4939
-17.45  52.05  9.06373
-14.95  37.55  6.7481
-14.95  38.05  7.59444
-14.95  38.55  7.31297
-14.95  39.05  7.31239
-14.95  39.55  7.65359
-14.95  40.05  7.2157
-14.95  40.55  7.0167
-14.95  41.05  7.3764
-14.95  41.55  7.55332
-14.95  42.05  6.79369
-14.95  42.55  6.94967
-14.95  43.05  6.88216
-14.95  43.55  7.0129
-14.95  44.05  6.7752
-14.95  44.55  6.50083
-14.95  45.05  6.80753
-14.95  45.55  6.56178
-14.95  46.05  6.5543
-14.95  46.55  6.83207
-14.95  47.05  6.96912
-14.95  47.55  6.98669
-14.95  48.05  6.96762
-14.95  48.55  7.1333
-14.95  49.05  8.05843
-14.95  49.55  8.40425
-14.95  50.05  8.55247
-14.95  50.55  9.29912
-14.95  51.05  9.44159
-14.95  51.55  9.57426
-14.95  52.05  9.13063
-12.45  37.55  6.53508
-12.45  38.05  7.35036
-12.45  38.55  7.33643
-12.45  39.05  7.28511
-12.45  39.55  7.1207
-12.45  40.05  6.77783
-12.45  40.55  6.68692
-12.45  41.05  7.09141
-12.45  41.55  7.29576
-12.45  42.05  6.64949
-12.45  42.55  6.70775
-12.45  43.05  6.68712
-12.45  43.55  6.79419
-12.45  44.05  6.61125
-12.45  44.55  6.50368
-12.45  45.05  6.67958
-12.45  45.55  6.21892
-12.45  46.05  6.27492
-12.45  46.55  6.61565
-12.45  47.05  6.69158
-12.45  47.55  6.83935
-12.45  48.05  6.83761
-12.45  48.55  6.88363
-12.45  49.05  7.77545
-12.45  49.55  8.19184
-12.45  50.05  8.43584
-12.45  50.55  9.2179
-12.45  51.05  9.36415
-12.45  51.55  9.35112
-12.45  52.05  8.78333
-9.95  37.55  7.07219
-9.95  38.05  7.38574
-9.95  38.55  6.91984
-9.95  39.05  7.29546
-9.95  39.55  7.29986
-9.95  40.05  6.79446
-9.95  40.55  6.53217
-9.95  41.05  7.07338
-9.95  41.55  7.10972
-9.95  42.05  6.73449
-9.95  42.55  6.71184
-9.95  43.05  6.71768
-9.95  43.55  6.92722
-9.95  44.05  6.62911
-9.95  44.55  6.59254
-9.95  45.05  6.72114
-9.95  45.55  6.40399
-9.95  46.05  6.43358
-9.95  46.55  6.83422
-9.95  47.05  7.1381
-9.95  47.55  6.81759
-9.95  48.05  6.98204
-9.95  48.55  7.0127
-9.95  49.05  7.66474
-9.95  49.55  7.96209
-9.95  50.05  8.24296
-9.95  50.55  8.85854
-9.95  51.05  9.47481
-9.95  51.55  9.4042
-9.95  52.05  8.53026
-7.45  37.55  6.6211
-7.45  38.05  7.13116
-7.45  38.55  6.64361
-7.45  39.05  7.04284
-7.45  39.55  7.40289
-7.45  40.05  6.72366
-7.45  40.55  6.1732
-7.45  41.05  6.6256
-7.45  41.55  6.83973
-7.45  42.05  6.46666
-7.45  42.55  6.49882
-7.45  43.05  6.49707
-7.45  43.55  6.69089
-7.45  44.05  6.4048
-7.45  44.55  6.45683
-7.45  45.05  6.55834
-7.45  45.55  6.33921
-7.45  46.05  6.40882
-7.45  46.55  6.78223
-7.45  47.05  7.14468
-7.45  47.55  6.39768
-7.45  48.05  6.6328
-7.45  48.55  7.02059
-7.45  49.05  7.49846
-7.45  49.55  7.63129
-7.45  50.05  7.83694
-7.45  50.55  8.47413
-7.45  51.05  9.41938
-7.45  51.55  9.54094
-7.45  52.05  9.06485
-4.95  37.55  6.59148
-4.95  38.05  7.28399
-4.95  38.55  6.92
-4.95  39.05  7.26215
-4.95  39.55  7.34092
-4.95  40.05  6.73922
-4.95  40.55  6.38798
-4.95  41.05  6.7375
-4.95  41.55  6.65869
-4.95  42.05  6.35061
-4.95  42.55  6.33554
-4.95  43.05  6.32786
-4.95  43.55  6.4838
-4.95  44.05  6.33529
-4.95  44.55  6.47753
-4.95  45.05  6.61249
-4.95  45.55  6.01112
-4.95  46.05  5.84143
-4.95  46.55  6.22903
-4.95  47.05  6.7699
-4.95  47.55  6.56278
-4.95  48.05  6.51826
-4.95  48.55  7.03823
-4.95  49.05  7.55311
-4.95  49.55  7.63378
-4.95  50.05  7.88982
-4.95  50.55  8.64481
-4.95  51.05  9.4855
-4.95  51.55  9.87729
-4.95  52.05  9.84922
-2.45  37.55  6.83662
-2.45  38.05  7.40245
-2.45  38.55  6.84636
-2.45  39.05  7.07756
-2.45  39.55  7.2403
-2.45  40.05  6.84843
-2.45  40.55  6.80495
-2.45  41.05  6.89384
-2.45  41.55  6.32684
-2.45  42.05  6.06383
-2.45  42.55  6.01253
-2.45  43.05  6.07895
-2.45  43.55  6.20418
-2.45  44.05  6.17054
-2.45  44.55  6.22979
-2.45  45.05  6.46417
-2.45  45.55  5.62391
-2.45  46.05  5.29602
-2.45  46.55  5.59858
-2.45  47.05  6.32191
-2.45  47.55  6.48527
-2.45  48.05  6.16325
-2.45  48.55  6.61214
-2.45  49.05  7.34943
-2.45  49.55  7.48745
-2.45  50.05  7.93897
-2.45  50.55  8.68478
-2.45  51.05  9.45592
-2.45  51.55  9.85126
-2.45  52.05  10.0207
0.05  37.55  7.37761
0.05  38.05  7.3556
0.05  38.55  6.57884
0.05  39.05  6.59864
0.05  39.55  6.83075
0.05  40.05  6.869
0.05  40.55  7.04676
0.05  41.05  6.9226
0.05  41.55  6.28208
0.05  42.05  5.99959
0.05  42.55  5.97953
0.05  43.05  6.10901
0.05  43.55  6.27261
0.05  44.05  6.0868
0.05  44.55  6.03209
0.05  45.05  6.14456
0.05  45.55  5.5285
0.05  46.05  5.27864
0.05  46.55  5.44133
0.05  47.05  5.97624
0.05  47.55  6.08585
0.05  48.05  6.25375
0.05  48.55  6.78712
0.05  49.05  7.43564
0.05  49.55  7.27607
0.05  50.05  7.65528
0.05  50.55  8.40954
0.05  51.05  9.33652
0.05  51.55  9.73
0.05  52.05  9.18532
2.55  37.55  6.54376
2.55  38.05  6.83478
2.55  38.55  6.27736
2.55  39.05  6.18324
2.55  39.55  6.15667
2.55  40.05  6.50276
2.55  40.55  6.95026
2.55  41.05  6.9525
2.55  41.55  6.03156
2.55  42.05  5.83488
2.55  42.55  5.90671
2.55  43.05  5.93136
2.55  43.55  6.05694
2.55  44.05  5.83127
2.55  44.55  5.81996
2.55  45.05  5.80522
2.55  45.55  5.19614
2.55  46.05  5.05133
2.55  46.55  5.25139
2.55  47.05  5.59485
2.55  47.55  5.54469
2.55  48.05  5.97193
2.55  48.55  6.70759
2.55  49.05  7.11654
2.55  49.55  6.98483
2.55  50.05  7.24789
2.55  50.55  7.99216
2.55  51.05  8.66662
2.55  51.55  8.87935
2.55  52.05  8.40794
5.05  37.55  6.20602
5.05  38.05  6.772
5.05  38.55  6.42128
5.05  39.05  6.31617
5.05  39.55  6.65583
5.05  40.05  6.58644
5.05  40.55  7.15556
5.05  41.05  7.76984
5.05  41.55  6.30968
5.05  42.05  5.83847
5.05  42.55  5.90814
5.05  43.05  5.90505
5.05  43.55  6.15049
5.05  44.05  5.84683
5.05  44.55  5.75277
5.05  45.05  5.72098
5.05  45.55  4.84084
5.05  46.05  4.6753
5.05  46.55  4.97144
5.05  47.05  5.54892
5.05  47.55  5.78677
5.05  48.05  5.84609
5.05  48.55  6.29832
5.05  49.05  6.79954
5.05  49.55  6.78098
5.05  50.05  7.21973
5.05  50.55  8.18713
5.05  51.05  8.59111
5.05  51.55  8.57999
5.05  52.05  7.91524
7.55  37.55  6.16629
7.55  38.05  6.75864
7.55  38.55  6.49223
7.55  39.05  6.2437
7.55  39.55  6.87236
7.55  40.05  6.0927
7.55  40.55  6.07576
7.55  41.05  6.3003
7.55  41.55  6.10179
7.55  42.05  5.6053
7.55  42.55  5.53473
7.55  43.05  5.7106
7.55  43.55  6.21916
7.55  44.05  5.44683
7.55  44.55  5.22433
7.55  45.05  5.45195
7.55  45.55  4.5174
7.55  46.05  4.27423
7.55  46.55  4.67294
7.55  47.05  5.44344
7.55  47.55  5.66356
7.55  48.05  5.38931
7.55  48.55  5.61008
7.55  49.05  6.36857
7.55  49.55  6.38276
7.55  50.05  7.03683
7.55  50.55  8.14542
7.55  51.05  8.4048
7.55  51.55  8.44122
7.55  52.05  7.59054
10.05  37.55  6.57146
10.05  38.05  7.14067
10.05  38.55  6.83331
10.05  39.05  6.4731
10.05  39.55  6.67146
10.05  40.05  6.03178
10.05  40.55  5.46434
10.05  41.05  5.40004
10.05  41.55  5.64998
10.05  42.05  5.29646
10.05  42.55  5.2206
10.05  43.05  5.65162
10.05  43.55  5.94767
10.05  44.05  5.39856
10.05  44.55  5.28797
10.05  45.05  5.43436
10.05  45.55  4.6884
10.05  46.05  4.28417
10.05  46.55  4.75933
10.05  47.05  5.39804
10.05  47.55  5.28578
10.05  48.05  5.21272
10.05  48.55  5.31565
10.05  49.05  6.08574
10.05  49.55  6.16167
10.05  50.05  6.67767
10.05  50.55  7.61722
10.05  51.05  8.31749
10.05  51.55  8.35836
10.05  52.05  7.99987
12.55  37.55  6.8735
12.55  38.05  7.33323
12.55  38.55  6.83716
12.55  39.05  6.49506
12.55  39.55  6.49777
12.55  40.05  6.1999
12.55  40.55  5.69131
12.55  41.05  5.54442
12.55  41.55  5.44212
12.55  42.05  4.95101
12.55  42.55  5.03091
12.55  43.05  5.6602
12.55  43.55  5.66754
12.55  44.05  5.19798
12.55  44.55  5.12783
12.55  45.05  5.29042
12.55  45.55  4.68817
12.55  46.05  4.2257
12.55  46.55  4.5051
12.55  47.05  5.35083
12.55  47.55  4.95377
12.55  48.05  4.87983
12.55  48.55  5.09206
12.55  49.05  5.78581
12.55  49.55  5.74607
12.55  50.05  6.17848
12.55  50.55  7.00083
12.55  51.05  8.02725
12.55  51.55  8.17873
12.55  52.05  7.68212
15.05  37.55  6.49495
15.05  38.05  7.02885
15.05  38.55  6.67103
15.05  39.05  6.56036
15.05  39.55  6.54435
15.05  40.05  6.16439
15.05  40.55  6.05371
15.05  41.05  5.87954
15.05  41.55  5.84151
15.05  42.05  5.15999
15.05  42.55  5.06568
15.05  43.05  5.68894
15.05  43.55  5.69873
15.05  44.05  5.18451
15.05  44.55  5.15233
15.05  45.05  5.48386
15.05  45.55  5.16662
15.05  46.05  4.71474
15.05  46.55  4.70968
15.05  47.05  5.31365
15.05  47.55  4.99975
15.05  48.05  4.8667
15.05  48.55  4.98742
15.05  49.05  5.65106
15.05  49.55  5.60004
15.05  50.05  6.02437
15.05  50.55  6.86344
15.05  51.05  7.92061
15.05  51.55  8.2252
15.05  52.05  7.95796
17.55  37.55  5.65393
17.55  38.05  6.53841
17.55  38.55  6.5412
17.55  39.05  6.35805
17.55  39.55  6.48109
17.55  40.05  5.91276
17.55  40.55  5.99471
17.55  41.05  6.20018
17.55  41.55  5.71771
17.55  42.05  5.04873
17.55  42.55  4.98057
17.55  43.05  5.32144
17.55  43.55  5.45794
17.55  44.05  4.95896
17.55  44.55  4.92265
17.55  45.05  5.57224
17.55  45.55  5.8256
17.55  46.05  5.00961
17.55  46.55  4.83647
17.55  47.05  4.98548
17.55  47.55  4.82824
17.55  48.05  4.70412
17.55  48.55  4.84791
17.55  49.05  5.51615
17.55  49.55  5.4367
17.55  50.05  5.83827
17.55  50.55  6.84404
17.55  51.05  7.73136
17.55  51.55  7.95195
17.55  52.05  7.37117
20.05  37.55  5.86861
20.05  38.05  6.94815
20.05  38.55  7.04876
20.05  39.05  6.49207
20.05  39.55  6.62171
20.05  40.05  6.01649
20.05  40.55  5.94476
20.05  41.05  6.18961
20.05  41.55  5.80699
20.05  42.05  4.93972
20.05  42.55  4.97242
20.05  43.05  5.07471
20.05  43.55  5.36587
20.05  44.05  4.95091
20.05  44.55  4.87437
20.05  45.05  5.45823
20.05  45.55  5.4705
20.05  46.05  5.13044
20.05  46.55  5.35764
20.05  47.05  5.45441
20.05  47.55  4.88416
20.05  48.05  4.94184
20.05  48.55  5.3328
20.05  49.05  5.81129
20.05  49.55  5.6597
20.05  50.05  5.96359
20.05  50.55  6.84687
20.05  51.05  7.75349
20.05  51.55  8.0512
20.05  52.05  8.11912
22.55  37.55  6.53843
22.55  38.05  7.42264
22.55  38.55  7.37407
22.55  39.05  6.79393
22.55  39.55  6.4061
22.55  40.05  5.76497
22.55  40.55  5.23862
22.55  41.05  5.17916
22.55  41.55  5.64232
22.55  42.05  4.73833
22.55  42.55  4.73364
22.55  43.05  4.75645
22.55  43.55  5.36943
22.55  44.05  4.88328
22.55  44.55  4.76723
22.55  45.05  5.0703
22.55  45.55  5.04198
22.55  46.05  4.96686
22.55  46.55  5.22095
22.55  47.05  5.51458
22.55  47.55  5.07182
22.55  48.05  5.11101
22.55  48.55  5.4532
22.55  49.05  5.96562
22.55  49.55  5.869
22.55  50.05  6.06329
22.55  50.55  6.65852
22.55  51.05  7.45172
22.55  51.55  7.71675
22.55  52.05  7.33007
25.05  37.55  6.59881
25.05  38.05  6.97909
25.05  38.55  7.34196
25.05  39.05  7.14228
25.05  39.55  6.29152
25.05  40.05  5.65238
25.05  40.55  5.07998
25.05  41.05  5.08217
25.05  41.55  5.29277
25.05  42.05  5.03051
25.05  42.55  4.93977
25.05  43.05  4.78355
25.05  43.55  5.19231
25.05  44.05  4.95088
25.05  44.55  4.81346
25.05  45.05  5.19429
25.05  45.55  5.34943
25.05  46.05  5.12168
25.05  46.55  5.3171
25.05  47.05  5.50868
25.05  47.55  5.40994
25.05  48.05  5.43619
25.05  48.55  5.59716
25.05  49.05  6.17776
25.05  49.55  6.12307
25.05  50.05  6.31367
25.05  50.55  6.85569
25.05  51.05  7.36207
25.05  51.55  7.60443
25.05  52.05  7.18908
27.55  37.55  5.79793
27.55  38.05  6.35829
27.55  38.55  6.3532
27.55  39.05  6.1852
27.55  39.55  5.9474
27.55  40.05  5.401
27.55  40.55  4.84298
27.55  41.05  4.69204
27.55  41.55  5.20708
27.55  42.05  5.04139
27.55  42.55  4.74452
27.55  43.05  4.76722
27.55  43.55  4.79651
27.55  44.05  4.69544
27.55  44.55  4.56106
27.55  45.05  5.10732
27.55  45.55  5.36941
27.55  46.05  5.26813
27.55  46.55  5.56646
27.55  47.05  5.54116
27.55  47.55  5.33398
27.55  48.05  5.33085
27.55  48.55  5.84624
27.55  49.05  6.50533
27.55  49.55  6.10978
27.55  50.05  6.3476
27.55  50.55  6.87448
27.55  51.05  7.19365
27.55  51.55  7.35581
27.55  52.05  6.68214
30.05  37.55  5.71666
30.05  38.05  6.28955
30.05  38.55  5.74318
30.05  39.05  5.60493
30.05  39.55  5.73865
30.05  40.05  5.23712
30.05  40.55  5.04367
30.05  41.05  4.69158
30.05  41.55  4.96902
30.05  42.05  4.92258
30.05  42.55  4.67979
30.05  43.05  4.88934
30.05  43.55  5.09968
30.05  44.05  4.82443
30.05  44.55  4.57121
30.05  45.05  5.16923
30.05  45.55  5.21698
30.05  46.05  5.30485
30.05  46.55  5.77138
30.05  47.05  5.63503
30.05  47.55  5.37478
30.05  48.05  5.31677
30.05  48.55  5.92449
30.05  49.05  6.54853
30.05  49.55  6.40095
30.05  50.05  6.60331
30.05  50.55  6.94375
30.05  51.05  7.10274
30.05  51.55  7.1179
30.05  52.05  6.26463
32.55  37.55  5.45678
32.55  38.05  6.01166
32.55  38.55  5.34632
32.55  39.05  5.0938
32.55  39.55  5.61614
32.55  40.05  5.07672
32.55  40.55  4.90748
32.55  41.05  4.58818
32.55  41.55  4.55609
32.55  42.05  4.59964
32.55  42.55  4.58664
32.55  43.05  4.68562
32.55  43.55  5.14458
32.55  44.05  4.88684
32.55  44.55  4.69607
32.55  45.05  5.2412
32.55  45.55  4.97756
32.55  46.05  5.00152
32.55  46.55  5.60993
32.55  47.05  5.38865
32.55  47.55  5.26356
32.55  48.05  5.19762
32.55  48.55  5.70748
32.55  49.05  6.36206
32.55  49.55  6.44126
32.55  50.05  6.60043
32.55  50.55  6.87881
32.55  51.05  6.80919
32.55  51.55  6.84077
32.55  52.05  6.1406
35.05  37.55  5.299
35.05  38.05  5.9036
35.05  38.55  5.34117
35.05  39.05  5.08674
35.05  39.55  5.51673
35.05  40.05  5.18651
35.05  40.55  4.81974
35.05  41.05  4.5871
35.05  41.55  4.64192
35.05  42.05  4.19259
35.05  42.55  4.3247
35.05  43.05  4.6939
35.05  43.55  5.1085
35.05  44.05  4.97664
35.05  44.55  4.82685
35.05  45.05  5.28373
35.05  45.55  5.15532
35.05  46.05  5.11512
35.05  46.55  5.17948
35.05  47.05  5.33845
35.05  47.55  5.31197
35.05  48.05  5.24653
35.05  48.55  5.66727
35.05  49.05  6.40107
35.05  49.55  6.40438
35.05  50.05  6.49293
35.05  50.55  6.88994
35.05  51.05  6.8505
35.05  51.55  6.96631
35.05  52.05  6.2946
37.55  37.55  5.07632
37.55  38.05  5.78941
37.55  38.55  5.25538
37.55  39.05  5.06468
37.55  39.55  5.27761
37.55  40.05  4.48556
37.55  40.55  4.22574
37.55  41.05  4.29549
37.55  41.55  4.55945
37.55  42.05  3.93649
37.55  42.55  4.12311
37.55  43.05  4.73431
37.55  43.55  4.90153
37.55  44.05  4.65623
37.55  44.55  4.85961
37.55  45.05  5.19052
37.55  45.55  4.96612
37.55  46.05  4.82165
37.55  46.55  4.82948
37.55  47.05  5.35071
37.55  47.55  5.16539
37.55  48.05  5.24082
37.55  48.55  5.66567
37.55  49.05  6.21346
37.55  49.55  6.1021
37.55  50.05  6.29261
37.55  50.55  6.70802
37.55  51.05  6.70645
37.55  51.55  6.81585
37.55  52.05  6.23789
40.05  37.55  5.06779
40.05  38.05  5.81943
40.05  38.55  5.48303
40.05  39.05  5.38444
40.05  39.55  5.2874
40.05  40.05  4.41729
40.05  40.55  4.23112
40.05  41.05  4.28873
40.05  41.55  4.6788
40.05  42.05  4.65082
40.05  42.55  4.52221
40.05  43.05  4.8141
40.05  43.55  5.19129
40.05  44.05  4.55568
40.05  44.55  4.95651
40.05  45.05  5.31335
40.05  45.55  4.79115
40.05  46.05  4.5394
40.05  46.55  4.92637
40.05  47.05  5.36149
40.05  47.55  5.22644
40.05  48.05  5.33592
40.05  48.55  5.64729
40.05  49.05  6.16625
40.05  49.55  6.0373
40.05  50.05  6.36251
40.05  50.55  6.76413
40.05  51.05  6.71737
40.05  51.55  6.75351
40.05  52.05  6.31336
42.55  37.55  5.15558
42.55  38.05  5.76573
42.55  38.55  5.62123
42.55  39.05  5.64006
42.55  39.55  5.38571
42.55  40.05  4.33923
42.55  40.55  4.2366
42.55  41.05  4.02261
42.55  41.55  4.86015
42.55  42.05  4.6183
42.55  42.55  4.20594
42.55  43.05  4.52079
42.55  43.55  5.0971
42.55  44.05  4.45856
42.55  44.55  4.76086
42.55  45.05  5.21415
42.55  45.55  4.50843
42.55  46.05  4.20749
42.55  46.55  4.52197
42.55  47.05  5.10805
42.55  47.55  5.09546
42.55  48.05  5.15183
42.55  48.55  5.45775
42.55  49.05  5.88131
42.55  49.55  5.88593
42.55  50.05  6.22574
42.55  50.55  6.61836
42.55  51.05  6.61535
42.55  51.55  6.59458
42.55  52.05  6.00271
45.05  37.55  5.4887
45.05  38.05  5.93578
45.05  38.55  5.56844
45.05  39.05  5.56599
45.05  39.55  5.32924
45.05  40.05  4.24146
45.05  40.55  4.12703
45.05  41.05  3.887
45.05  41.55  4.45894
45.05  42.05  3.96919
45.05  42.55  3.94326
45.05  43.05  4.4516
45.05  43.55  4.91439
45.05  44.05  4.52647
45.05  44.55  4.65176
45.05  45.05  5.09742
45.05  45.55  4.80006
45.05  46.05  4.4014
45.05  46.55  4.5492
45.05  47.05  4.97733
45.05  47.55  5.05016
45.05  48.05  5.20642
45.05  48.55  5.55247
45.05  49.05  5.89248
45.05  49.55  5.82768
45.05  50.05  6.21474
45.05  50.55  6.70997
45.05  51.05  6.76933
45.05  51.55  6.71336
45.05  52.05  5.88689
47.55  37.55  5.48556
47.55  38.05  5.91142
47.55  38.55  5.09843
47.55  39.05  4.95338
47.55  39.55  4.86468
47.55  40.05  3.75399
47.55  40.55  3.43958
47.55  41.05  3.64298
47.55  41.55  3.71049
47.55  42.05  3.43085
47.55  42.55  3.62749
47.55  43.05  4.06358
47.55  43.55  4.64654
47.55  44.05  4.28078
47.55  44.55  4.36391
47.55  45.05  4.85718
47.55  45.55  4.76565
47.55  46.05  4.33718
47.55  46.55  4.41476
47.55  47.05  4.68288
47.55  47.55  4.95354
47.55  48.05  5.0952
47.55  48.55  5.4084
47.55  49.05  5.77879
47.55  49.55  5.62027
47.55  50.05  5.99644
47.55  50.55  6.59918
47.55  51.05  6.71464
47.55  51.55  6.63647
47.55  52.05  5.92135
50.05  37.55  5.93397
50.05  38.05  5.67044
50.05  38.55  4.67072
50.05  39.05  4.92525
50.05  39.55  4.71228
50.05  40.05  4.11287
50.05  40.55  3.71231
50.05  41.05  3.75339
50.05  41.55  3.73172
50.05  42.05  3.29382
50.05  42.55  3.50829
50.05  43.05  3.74457
50.05  43.55  4.26864
50.05  44.05  4.11024
50.05  44.55  4.24283
50.05  45.05  4.64014
50.05  45.55  4.53765
50.05  46.05  4.20452
50.05  46.55  4.40699
50.05  47.05  4.6143
50.05  47.55  4.80078
50.05  48.05  4.97694
50.05  48.55  5.33173
50.05  49.05  5.82919
50.05  49.55  5.72019
50.05  50.05  6.04063
50.05  50.55  6.66158
50.05  51.05  6.82391
50.05  51.55  6.69128
50.05  52.05  6.09147
52.55  37.55  4.68431
52.55  38.05  4.55777
52.55  38.55  3.74216
52.55  39.05  3.99334
52.55  39.55  4.09333
52.55  40.05  3.92799
52.55  40.55  3.90591
52.55  41.05  3.82588
52.55  41.55  3.89455
52.55  42.05  3.41434
52.55  42.55  3.43854
52.55  43.05  3.33985
52.55  43.55  3.62758
52.55  44.05  3.8052
52.55  44.55  3.94632
52.55  45.05  4.24926
52.55  45.55  4.43508
52.55  46.05  4.13055
52.55  46.55  4.28294
52.55  47.05  4.62979
52.55  47.55  4.42248
52.55  48.05  4.64253
52.55  48.55  5.09902
52.55  49.05  5.72452
52.55  49.55  5.63698
52.55  50.05  5.91573
52.55  50.55  6.51757
52.55  51.05  6.65282
52.55  51.55  6.61809
52.55  52.05  5.86146
55.05  37.55  3.66883
55.05  38.05  3.82655
55.05  38.55  3.18624
55.05  39.05  3.33607
55.05  39.55  4.00351
55.05  40.05  3.8439
55.05  40.55  3.80577
55.05  41.05  3.48471
55.05  41.55  3.56373
55.05  42.05  3.39159
55.05  42.55  3.18467
55.05  43.05  3.08328
55.05  43.55  3.56483
55.05  44.05  3.64062
55.05  44.55  3.66309
55.05  45.05  3.99596
55.05  45.55  3.96449
55.05  46.05  3.97782
55.05  46.55  4.11414
55.05  47.05  4.59346
55.05  47.55  4.57778
55.05  48.05  4.67967
55.05  48.55  5.11656
55.05  49.05  5.83006
55.05  49.55  5.68545
55.05  50.05  5.97007
55.05  50.55  6.49393
55.05  51.05  6.68969
55.05  51.55  6.72926
55.05  52.05  5.89352
57.55  37.55  3.47668
57.55  38.05  3.7843
57.55  38.55  2.92692
57.55  39.05  3.05261
57.55  39.55  3.66604
57.55  40.05  3.52302
57.55  40.55  3.36813
57.55  41.05  3.15058
57.55  41.55  3.15578
57.55  42.05  2.83721
57.55  42.55  2.6676
57.55  43.05  2.80682
57.55  43.55  3.30686
57.55  44.05  3.23365
57.55  44.55  3.26268
57.55  45.05  3.71649
57.55  45.55  3.51459
57.55  46.05  3.62663
57.55  46.55  3.91348
57.55  47.05  4.39962
57.55  47.55  4.56749
57.55  48.05  4.59596
57.55  48.55  4.97649
57.55  49.05  5.78605
57.55  49.55  5.58509
57.55  50.05  5.78052
57.55  50.55  6.31342
57.55  51.05  6.59114
57.55  51.55  6.61742
57.55  52.05  5.93052
60.05  37.55  3.08519
60.05  38.05  3.35978
60.05  38.55  2.75145
60.05  39.05  2.90802
60.05  39.55  3.43938
60.05  40.05  3.42129
60.05  40.55  3.1424
60.05  41.05  3.00701
60.05  41.55  2.94177
60.05  42.05  2.75297
60.05  42.55  2.61688
60.05  43.05  2.77287
60.05  43.55  3.4823
60.05  44.05  3.29977
60.05  44.55  3.29443
60.05  45.05  3.95754
60.05  45.55  3.56525
60.05  46.05  3.43737
60.05  46.55  3.8743
60.05  47.05  4.40046
60.05  47.55  4.47065
60.05  48.05  4.55007
60.05  48.55  4.91935
60.05  49.05  5.61727
60.05  49.55  5.69639
60.05  50.05  5.91305
60.05  50.55  6.50863
60.05  51.05  6.6528
60.05  51.55  6.60108
60.05  52.05  5.99428
62.55  37.55  2.16346
62.55  38.05  2.61498
62.55  38.55  2.49034
62.55  39.05  2.74794
62.55  39.55  3.1653
62.55  40.05  3.34209
62.55  40.55  2.85498
62.55  41.05  2.6231
62.55  41.55  2.66971
62.55  42.05  2.27635
62.55  42.55  2.1183
62.55  43.05  2.5339
62.55  43.55  3.47063
62.55  44.05  3.09621
62.55  44.55  3.31883
62.55  45.05  4.07144
62.55  45.55  3.27201
62.55  46.05  3.10557
62.55  46.55  3.57068
62.55  47.05  4.20986
62.55  47.55  4.39713
62.55  48.05  4.40439
62.55  48.55  4.69718
62.55  49.05  5.37739
62.55  49.55  5.62918
62.55  50.05  5.80073
62.55  50.55  6.39305
62.55  51.05  6.42506
62.55  51.55  6.36997
62.55  52.05  5.56158
65.05  37.55  2.02961
65.05  38.05  2.7261
65.05  38.55  2.60009
65.05  39.05  2.6296
65.05  39.55  3.07656
65.05  40.05  2.83147
65.05  40.55  2.57506
65.05  41.05  2.58259
65.05  41.55  2.74481
65.05  42.05  2.48207
65.05  42.55  2.14425
65.05  43.05  2.37434
65.05  43.55  2.99315
65.05  44.05  2.7969
65.05  44.55  3.19125
65.05  45.05  3.76794
65.05  45.55  3.2449
65.05  46.05  3.24311
65.05  46.55  3.76026
65.05  47.05  4.44426
65.05  47.55  4.64878
65.05  48.05  4.6549
65.05  48.55  4.82429
65.05  49.05  5.49548
65.05  49.55  5.75907
65.05  50.05  5.79926
65.05  50.55  6.26602
65.05  51.05  6.47028
65.05  51.55  6.52518
65.05  52.05  5.92586
67.55  37.55  2.18933
67.55  38.05  2.80946
67.55  38.55  2.22366
67.55  39.05  2.09766
67.55  39.55  2.48545
67.55  40.05  2.30845
67.55  40.55  2.18197
67.55  41.05  2.41021
67.55  41.55  2.47978
67.55  42.05  2.24799
67.55  42.55  2.15379
67.55  43.05  2.35127
67.55  43.55  2.69716
67.55  44.05  2.56097
67.55  44.55  2.55409
67.55  45.05  2.94757
67.55  45.55  3.00767
67.55  46.05  3.31705
67.55  46.55  3.7857
67.55  47.05  4.5285
67.55  47.55  4.5487
67.55  48.05  4.59316
67.55  48.55  4.78455
67.55  49.05  5.33898
67.55  49.55  5.4772
67.55  50.05  5.61814
67.55  50.55  6.09023
67.55  51.05  6.43963
67.55  51.55  6.3891
67.55  52.05  5.77712
70.05  37.55  2.28756
70.05  38.05  2.79467
70.05  38.55  2.15718
70.05  39.05  2.07824
70.05  39.55  2.25679
70.05  40.05  1.98457
70.05  40.55  1.835
70.05  41.05  1.88292
70.05  41.55  2.37072
70.05  42.05  2.18548
70.05  42.55  2.27894
70.05  43.05  2.34082
70.05  43.55  2.8182
70.05  44.05  2.7606
70.05  44.55  2.56671
70.05  45.05  2.89927
70.05  45.55  3.39989
70.05  46.05  3.57481
70.05  46.55  3.8498
70.05  47.05  4.51989
70.05  47.55  4.50597
70.05  48.05  4.54857
70.05  48.55  4.81425
70.05  49.05  5.32895
70.05  49.55  5.2642
70.05  50.05  5.57355
70.05  50.55  6.11311
70.05  51.05  6.51019
70.05  51.55  6.34609
70.05  52.05  5.50936
72.55  37.55  2.28611
72.55  38.05  2.72668
72.55  38.55  2.09933
72.55  39.05  1.875
72.55  39.55  1.70481
72.55  40.05  1.53239
72.55  40.55  1.51848
72.55  41.05  1.57988
72.55  41.55  2.04659
72.55  42.05  2.03202
72.55  42.55  2.24052
72.55  43.05  2.11493
72.55  43.55  2.6776
72.55  44.05  2.97851
72.55  44.55  2.86551
72.55  45.05  2.96939
72.55  45.55  3.57599
72.55  46.05  3.24134
72.55  46.55  3.57288
72.55  47.05  4.35824
72.55  47.55  4.29307
72.55  48.05  4.29338
72.55  48.55  4.6786
72.55  49.05  5.1625
72.55  49.55  5.06022
72.55  50.05  5.28709
72.55  50.55  5.94589
72.55  51.05  6.33705
72.55  51.55  6.2771
72.55  52.05  5.34598
75.05  37.55  2.73336
75.05  38.05  2.71559
75.05  38.55  1.83223
75.05  39.05  1.67214
75.05  39.55  1.78449
75.05  40.05  1.38267
75.05  40.55  1.39693
75.05  41.05  1.43583
75.05  41.55  1.83305
75.05  42.05  1.72366
75.05  42.55  2.07063
75.05  43.05  2.11106
75.05  43.55  2.73226
75.05  44.05  2.90052
75.05  44.55  2.91674
75.05  45.05  3.26506
75.05  45.55  3.46455
75.05  46.05  3.20007
75.05  46.55  3.66042
75.05  47.05  4.1595
75.05  47.55  4.1314
75.05  48.05  4.06804
75.05  48.55  4.60414
75.05  49.05  5.24086
75.05  49.55  5.09109
75.05  50.05  5.24493
75.05  50.55  5.98157
75.05  51.05  6.31637
75.05  51.55  6.33075
75.05  52.05  5.73743
77.55  37.55  1.78754
77.55  38.05  1.91209
77.55  38.55  1.40612
77.55  39.05  1.5879
77.55  39.55  1.88417
77.55  40.05  1.06151
77.55  40.55  1.09015
77.55  41.05  1.37074
77.55  41.55  1.57157
77.55  42.05  1.10527
77.55  42.55  1.4617
77.55  43.05  1.90924
77.55  43.55  2.50414
77.55  44.05  2.56011
77.55  44.55  2.68361
77.55  45.05  3.30029
77.55  45.55  3.413
77.55  46.05  3.10531
77.55  46.55  3.53318
77.55  47.05  3.89753
77.55  47.55  3.9872
77.55  48.05  3.74605
77.55  48.55  4.25498
77.55  49.05  5.07028
77.55  49.55  4.99584
77.55  50.05  5.16545
77.55  50.55  5.78815
77.55  51.05  6.04511
77.55  51.55  6.13108
77.55  52.05  5.55221
80.05  37.55  1.00075
80.05  38.05  1.49401
80.05  38.55  1.13658
80.05  39.05  1.40292
80.05  39.55  1.68716
80.05  40.05  0.986401
80.05  40.55  0.995926
80.05  41.05  1.1716
80.05  41.55  1.50461
80.05  42.05  1.02686
80.05  42.55  1.3403
80.05  43.05  1.80111
80.05  43.55  2.4144
80.05  44.05  2.40201
80.05  44.55  2.82785
80.05  45.05  3.4924
80.05  45.55  3.36919
80.05  46.05  2.98395
80.05  46.55  3.43429
80.05  47.05  3.9279
80.05  47.55  4.05431
80.05  48.05  3.91843
80.05  48.55  4.39115
80.05  49.05  5.14848
80.05  49.55  5.01881
80.05  50.05  5.21383
80.05  50.55  5.76142
80.05  51.05  5.97611
80.05  51.55  6.08492
80.05  52.05  5.38254
82.55  37.55  0.61751
82.55  38.05  1.15757
82.55  38.55  0.832907
82.55  39.05  0.932618
82.55  39.55  1.21583
82.55  40.05  0.743413
82.55  40.55  0.790566
82.55  41.05  1.01218
82.55  41.55  1.59293
82.55  42.05  0.927995
82.55  42.55  1.19152
82.55  43.05  1.76925
82.55  43.55  2.19025
82.55  44.05  2.26534
82.55  44.55  2.80066
82.55  45.05  3.3809
82.55  45.55  3.06842
82.55  46.05  2.92187
82.55  46.55  3.30268
82.55  47.05  3.807
82.55  47.55  3.91355
82.55  48.05  3.86231
82.55  48.55  4.35642
82.55  49.05  5.05093
82.55  49.55  4.81751
82.55  50.05  5.05508
82.55  50.55  5.63062
82.55  51.05  5.80764
82.55  51.55  5.83243
82.55  52.05  5.00071
85.05  37.55  0.565639
85.05  38.05  1.16769
85.05  38.55  1.00877
85.05  39.05  0.563676
85.05  39.55  0.926615
85.05  40.05  1.0083
85.05  40.55  0.826976
85.05  41.05  0.875465
85.05  41.55  1.22234
85.05  42.05  1.21977
85.05  42.55  1.42101
85.05  43.05  2.05139
85.05  43.55  2.55377
85.05  44.05  2.41321
85.05  44.55  2.79105
85.05  45.05  3.21992
85.05  45.55  3.06153
85.05  46.05  3.16231
85.05  46.55  3.39794
85.05  47.05  3.93036
85.05  47.55  3.81266
85.05  48.05  3.83763
85.05  48.55  4.38694
85.05  49.05  5.07574
85.05  49.55  4.94465
85.05  50.05  5.28465
85.05  50.55  5.83656
85.05  51.05  6.01173
85.05  51.55  5.95156
85.05  52.05  5.22462
87.55  37.55  0.00678761
87.55  38.05  0.668952
87.55  38.55  0.669799
87.55  39.05  0.396206
87.55  39.55  0.831704
87.55  40.05  0.945395
87.55  40.55  0.705732
87.55  41.05  0.698835
87.55  41.55  0.884138
87.55  42.05  1.2296
87.55  42.55  1.34619
87.55  43.05  1.71914
87.55  43.55  2.45622
87.55  44.05  2.44719
87.55  44.55  2.68963
87.55  45.05  3.04044
87.55  45.55  3.00015
87.55  46.05  2.94363
87.55  46.55  3.34068
87.55  47.05  3.85257
87.55  47.55  3.55451
87.55  48.05  3.67025
87.55  48.55  4.24519
87.55  49.05  4.87793
87.55  49.55  4.8665
87.55  50.05  5.25903
87.55  50.55  5.78754
87.55  51.05  5.85471
87.55  51.55  5.82714
87.55  52.05  5.18057
90.05  37.55  -0
90.05  38.05  0.731294
90.05  38.55  0.661527
90.05  39.05  0.694618
90.05  39.55  1.07108
90.05  40.05  0.880442
90.05  40.55  0.674675
90.05  41.05  0.975544
90.05  41.55  1.63816
90.05  42.05  1.30669
90.05  42.55  1.44829
90.05  43.05  1.8301
90.05  43.55  2.65384
90.05  44.05  2.66839
90.05  44.55  2.85824
90.05  45.05  3.11839
90.05  45.55  3.18059
90.05  46.05  2.9407
90.05  46.55  3.407
90.05  47.05  3.82723
90.05  47.55  3.70311
90.05  48.05  3.71255
90.05  48.55  4.23611
90.05  49.05  4.90894
90.05  49.55  4.96684
90.05  50.05  5.44092
90.05  50.55  5.89654
90.05  51.05  5.80875
90.05  51.55  5.8574
90.05  52.05  5.07456
92.55  37.55  0.203112
92.55  38.05  0.747474
92.55  38.55  0.405237
92.55  39.05  0.533862
92.55  39.55  1.02371
92.55  40.05  0.870271
92.55  40.55  0.774302
92.55  41.05  1.07485
92.55  41.55  1.62432
92.55  42.05  1.24691
92.55  42.55  1.40557
92.55  43.05  1.83278
92.55  43.55  2.76464
92.55  44.05  2.59723
92.55  44.55  2.54339
92.55  45.05  3.09789
92.55  45.55  3.13917
92.55  46.05  2.85092
92.55  46.55  3.17838
92.55  47.05  3.55939
92.55  47.55  3.50989
92.55  48.05  3.61091
92.55  48.55  4.11393
92.55  49.05  4.72132
92.55  49.55  4.86914
92.55  50.05  5.26841
92.55  50.55  5.82728
92.55  51.05  5.67594
92.55  51.55  5.55489
92.55  52.05  4.54905
95.05  37.55  0.332446
95.05  38.05  0.760204
95.05  38.55  0.400829
95.05  39.05  0.461598
95.05  39.55  0.982834
95.05  40.05  0.980429
95.05  40.55  0.802844
95.05  41.05  0.975991
95.05  41.55  1.47402
95.05  42.05  1.5142
95.05  42.55  1.64339
95.05  43.05  2.03821
95.05  43.55  2.68947
95.05  44.05  2.62987
95.05  44.55  2.53719
95.05  45.05  3.39133
95.05  45.55  3.15667
95.05  46.05  2.88919
95.05  46.55  3.14515
95.05  47.05  3.59407
95.05  47.55  3.48228
95.05  48.05  3.53854
95.05  48.55  4.01591
95.05  49.05  4.81869
95.05  49.55  4.90708
95.05  50.05  5.16506
95.05  50.55  5.8046
95.05  51.05  5.78226
95.05  51.55  5.55986
95.05  52.05  4.68567
97.55  37.55  0.460786
97.55  38.05  0.892258
97.55  38.55  0.464277
97.55  39.05  0.353626
97.55  39.55  0.794975
97.55  40.05  1.03786
97.55  40.55  0.633569
97.55  41.05  0.660564
97.55  41.55  1.26001
97.55  42.05  1.54239
97.55  42.55  1.76116
97.55  43.05  2.05934
97.55  43.55  2.60195
97.55  44.05  2.39773
97.55  44.55  2.69677
97.55  45.05  3.43749
97.55  45.55  2.91391
97.55  46.05  2.70462
97.55  46.55  2.95523
97.55  47.05  3.42605
97.55  47.55  3.2929
97.55  48.05  3.12339
97.55  48.55  3.66417
97.55  49.05  4.78064
97.55  49.55  4.8412
97.55  50.05  4.96388
97.55  50.55  5.49126
97.55  51.05  5.60265
97.55  51.55  5.45268
97.55  52.05  4.51236
100.05  37.55  1.05673
100.05  38.05  1.5861
100.05  38.55  1.14989
100.05  39.05  0.903258
100.05  39.55  1.04691
100.05  40.05  1.00205
100.05  40.55  0.608336
100.05  41.05  0.726503
100.05  41.55  1.55674
100.05  42.05  1.85009
100.05  42.55  2.03846
100.05  43.05  2.31463
100.05  43.55  2.62653
100.05  44.05  2.35597
100.05  44.55  2.90871
100.05  45.05  3.34815
100.05  45.55  2.77756
100.05  46.05  2.68638
100.05  46.55  2.82478
100.05  47.05  3.30907
100.05  47.55  3.26139
100.05  48.05  3.26957
100.05  48.55  3.86053
100.05  49.05  4.68599
100.05  49.55  4.96669
100.05  50.05  5.03221
100.05  50.55  5.51166
100.05  51.05  5.60647
100.05  51.55  5.47651
100.05  52.05  4.23875
102.55  37.55  1.18677
102.55  38.05  1.8211
102.55  38.55  1.55914
102.55  39.05  1.24825
102.55  39.55  1.34545
102.55  40.05  0.907029
102.55  40.55  0.47371
102.55  41.05  0.67166
102.55  41.55  1.5582
102.55  42.05  1.62097
102.55  42.55  2.12559
102.55  43.05  2.36004
102.55  43.55  2.51172
102.55  44.05  2.50163
102.55  44.55  2.82684
102.55  45.05  3.13386
102.55  45.55  2.46978
102.55  46.05  2.5503
102.55  46.55  2.7245
102.55  47.05  3.10946
102.55  47.55  3.10348
102.55  48.05  3.17713
102.55  48.55  3.64739
102.55  49.05  4.41735
102.55  49.55  4.80636
102.55  50.05  4.88474
102.55  50.55  5.40042
102.55  51.05  5.48483
102.55  51.55  5.39538
102.55  52.05  4.51578
105.05  37.55  1.43249
105.05  38.05  2.12567
105.05  38.55  1.59514
105.05  39.05  1.37654
105.05  39.55  1.77628
105.05  40.05  1.07979
105.05  40.55  0.690053
105.05  41.05  0.953961
105.05  41.55  1.50309
105.05  42.05  1.68905
105.05  42.55  2.38699
105.05  43.05  2.52912
105.05  43.55  2.9243
105.05  44.05  2.75322
105.05  44.55  2.85373
105.05  45.05  3.15077
105.05  45.55  3.02046
105.05  46.05  2.87677
105.05  46.55  2.90417
105.05  47.05  3.21912
105.05  47.55  3.17915
105.05  48.05  3.23604
105.05  48.55  3.67751
105.05  49.05  4.41236
105.05  49.55  4.78074
105.05  50.05  4.9154
105.05  50.55  5.40797
105.05  51.05  5.57139
105.05  51.55  5.55657
105.05  52.05  5.20517
107.55  37.55  2.4201
107.55  38.05  2.61513
107.55  38.55  1.62397
107.55  39.05  1.50397
107.55  39.55  2.0132
107.55  40.05  1.05973
107.55  40.55  0.651358
107.55  41.05  1.00694
107.55  41.55  1.54296
107.55  42.05  1.79573
107.55  42.55  2.53669
107.55  43.05  2.71569
107.55  43.55  3.09368
107.55  44.05  2.70372
107.55  44.55  2.71458
107.55  45.05  2.97516
107.55  45.55  3.23539
107.55  46.05  2.79263
107.55  46.55  2.79938
107.55  47.05  3.10833
107.55  47.55  3.03434
107.55  48.05  2.99728
107.55  48.55  3.45616
107.55  49.05  4.21842
107.55  49.55  4.57616
107.55  50.05  4.75933
107.55  50.55  5.26432
107.55  51.05  5.5032
107.55  51.55  5.4603
107.55  52.05  4.83514
110.05  37.55  3.07261
110.05  38.05  2.81267
110.05  38.55  1.89746
110.05  39.05  1.74856
110.05  39.55  2.00443
110.05  40.05  1.28347
110.05  40.55  0.950712
110.05  41.05  1.39792
110.05  41.55  2.04027
110.05  42.05  2.00566
110.05  42.55  2.51436
110.05  43.05  2.78533
110.05  43.55  3.21811
110.05  44.05  2.95355
110.05  44.55  2.99997
110.05  45.05  3.28281
110.05  45.55  3.14922
110.05  46.05  2.79016
110.05  46.55  2.98653
110.05  47.05  3.27124
110.05  47.55  3.0469
110.05  48.05  2.85352
110.05  48.55  3.30386
110.05  49.05  4.24465
110.05  49.55  4.65746
110.05  50.05  4.87322
110.05  50.55  5.33859
110.05  51.05  5.61188
110.05  51.55  5.58514
110.05  52.05  4.80955
112.55  37.55  2.69326
112.55  38.05  2.88651
112.55  38.55  2.21414
112.55  39.05  2.15046
112.55  39.55  2.0339
112.55  40.05  1.44931
112.55  40.55  1.31992
112.55  41.05  1.77378
112.55  41.55  2.51085
112.55  42.05  2.2594
112.55  42.55  2.49966
112.55  43.05  2.79091
112.55  43.55  3.17143
112.55  44.05  2.89947
112.55  44.55  3.04407
112.55  45.05  3.31541
112.55  45.55  3.00782
112.55  46.05  2.76709
112.55  46.55  2.88346
112.55  47.05  3.15057
112.55  47.55  2.8854
112.55  48.05  2.60143
112.55  48.55  2.94776
112.55  49.05  4.0358
112.55  49.55  4.38789
112.55  50.05  4.68462
112.55  50.55  5.2442
112.55  51.05  5.59664
112.55  51.55  5.69416
112.55  52.05  5.06986
115.05  37.55  2.84975
115.05  38.05  3.23178
115.05  38.55  2.57036
115.05  39.05  2.406
115.05  39.55  2.41918
115.05  40.05  1.96848
115.05  40.55  1.89556
115.05  41.05  2.29151
115.05  41.55  3.04131
115.05  42.05  2.82812
115.05  42.55  2.90245
115.05  43.05  3.14708
115.05  43.55  3.21658
115.05  44.05  2.81164
115.05  44.55  3.06562
115.05  45.05  3.50914
115.05  45.55  3.13458
115.05  46.05  2.91573
115.05  46.55  2.92637
115.05  47.05  3.17888
115.05  47.55  2.93571
115.05  48.05  2.6376
115.05  48.55  2.73282
115.05  49.05  3.88075
115.05  49.55  4.19996
115.05  50.05  4.59752
115.05  50.55  5.33742
115.05  51.05  5.73284
115.05  51.55  5.89961
115.05  52.05  5.42235
117.55  37.55  3.16347
117.55  38.05  3.49938
117.55  38.55  2.72565
117.55  39.05  2.44433
117.55  39.55  2.73124
117.55  40.05  2.41012
117.55  40.55  2.3709
117.55  41.05  2.68541
117.55  41.55  3.37448
117.55  42.05  3.1165
117.55  42.55  2.96719
117.55  43.05  3.06394
117.55  43.55  2.96623
117.55  44.05  2.56972
117.55  44.55  2.89598
117.55  45.05  3.41628
117.55  45.55  3.01119
117.55  46.05  2.82955
117.55  46.55  2.86862
117.55  47.05  3.08294
117.55  47.55  2.98793
117.55  48.05  2.62323
117.55  48.55  2.6302
117.55  49.05  3.80061
117.55  49.55  4.02091
117.55  50.05  4.42485
117.55  50.55  5.21387
117.55  51.05  5.57672
117.55  51.55  5.79892
117.55  52.05  5.31947
120.05  37.55  3.3699
120.05  38.05  3.86158
120.05  38.55  2.863
120.05  39.05  2.42975
120.05  39.55  3.3122
120.05  40.05  2.94432
120.05  40.55  2.78008
120.05  41.05  2.74741
120.05  41.55  3.57278
120.05  42.05  3.19036
120.05  42.55  2.9011
120.05  43.05  2.6721
120.05  43.55  2.60725
120.05  44.05  2.32803
120.05  44.55  2.76502
120.05  45.05  3.00129
120.05  45.55  2.60764
120.05  46.05  2.65196
120.05  46.55  2.80402
120.05  47.05  2.89416
120.05  47.55  2.96371
120.05  48.05  2.39716
120.05  48.55  2.37466
120.05  49.05  3.39663
120.05  49.55  3.6476
120.05  50.05  4.10732
120.05  50.55  4.94457
120.05  51.05  5.25645
120.05  51.55  5.5938
120.05  52.05  4.84009
122.55  38.55  2.67776
122.55  43.05  2.78632
122.55  43.55  2.0785
122.55  44.05  1.86534
122.55  44.55  3.09582
122.55  45.05  2.04571
122.55  45.55  1.79392
122.55  46.05  2.14281
122.55  47.05  2.35023
122.55  47.55  3.16479
122.55  48.05  2.66479
122.55  48.55  2.21407
122.55  49.05  3.25912
122.55  49.55  3.14015
122.55  50.05  3.46488
122.55  50.55  4.64811
122.55  51.05  4.67136
122.55  51.55  4.87942
