-52.45  47.55  inf
-49.95  50.55  -0
-42.45  41.55  15.4654
-42.45  47.55  14.8181
-39.95  37.55  17.561
-39.95  38.05  19.6025
-39.95  38.55  19.1358
-39.95  39.05  18.3023
-39.95  39.55  19.6135
-39.95  40.05  17.3309
-39.95  40.55  17.4105
-39.95  41.05  18.3762
-39.95  41.55  17.2636
-39.95  42.05  16.6657
-39.95  42.55  17.1896
-39.95  43.05  17.8296
-39.95  43.55  15.7227
-39.95  44.05  15.5984
-39.95  44.55  15.265
-39.95  45.05  16.6179
-39.95  45.55  15.497
-39.95  46.05  14.9499
-39.95  46.55  15.9519
-39.95  47.05  17.3152
-39.95  47.55  16.8565
-39.95  48.05  17.5242
-39.95  49.05  18.8247
-39.95  50.05  19.1522
-39.95  50.55  19.2491
-39.95  51.05  19.1062
-39.95  51.55  19.1485
-37.45  37.55  17.7809
-37.45  38.05  18.0519
-37.45  38.55  17.4405
-37.45  39.05  17.8694
-37.45  39.55  17.9472
-37.45  40.05  16.7769
-37.45  40.55  16.6676
-37.45  41.05  17.0443
-37.45  41.55  16.7125
-37.45  42.05  16.3587
-37.45  42.55  16.1007
-37.45  43.05  16.0734
-37.45  43.55  15.3298
-37.45  44.05  15.2334
-37.45  44.55  15.0663
-37.45  45.05  15.6205
-37.45  45.55  15.0635
-37.45  46.05  14.7874
-37.45  46.55  14.8502
-37.45  47.05  16.0787
-37.45  47.55  16.1017
-37.45  48.05  16.1706
-37.45  48.55  16.9071
-37.45  49.05  17.3916
-37.45  49.55  17.455
-37.45  50.05  17.5003
-37.45  50.55  18.0764
-37.45  51.05  18.3224
-37.45  51.55  18.1573
-37.45  52.05  18.22
-34.95  37.55  16.2908
-34.95  38.05  16.4048
-34.95  38.55  15.8592
-34.95  39.05  16.0722
-34.95  39.55  16.007
-34.95  40.05  15.1835
-34.95  40.55  15.0258
-34.95  41.05  15.2499
-34.95  41.55  15.025
-34.95  42.05  14.3543
-34.95  42.55  14.0567
-34.95  43.05  14.2746
-34.95  43.55  14.2125
-34.95  44.05  13.8714
-34.95  44.55  13.6329
-34.95  45.05  13.7802
-34.95  45.55  13.226
-34.95  46.05  13.1151
-34.95  46.55  13.2343
-34.95  47.05  14.1894
-34.95  47.55  14.3284
-34.95  48.05  14.2893
-34.95  48.55  14.99
-34.95  49.05  15.6187
-34.95  49.55  15.4003
-34.95  50.05  15.5791
-34.95  50.55  16.3523
-34.95  51.05  16.9892
-34.95  51.55  17.0315
-34.95  52.05  16.423
-32.45  37.55  16.092
-32.45  38.05  16.5215
-32.45  38.55  16.0799
-32.45  39.05  16.0697
-32.45  39.55  15.9235
-32.45  40.05  15.2537
-32.45  40.55  15.0457
-32.45  41.05  15.2677
-32.45  41.55  14.8152
-32.45  42.05  14.5156
-32.45  42.55  14.2853
-32.45  43.05  14.1774
-32.45  43.55  14.599
-32.45  44.05  14.2171
-32.45  44.55  13.7918
-32.45  45.05  13.9245
-32.45  45.55  13.172
-32.45  46.05  13.1911
-32.45  46.55  13.1713
-32.45  47.05  13.8868
-32.45  47.55  14.1396
-32.45  48.05  14.3237
-32.45  48.55  15.0289
-32.45  49.05  15.7043
-32.45  49.55  15.2307
-32.45  50.05  15.4738
-32.45  50.55  16.2952
-32.45  51.05  17.0367
-32.45  51.55  17.0781
-32.45  52.05  16.4153
-29.95  37.55  16.0089
-29.95  38.05  16.5859
-29.95  38.55  16.1593
-29.95  39.05  15.92
-29.95  39.55  15.9941
-29.95  40.05  15.3289
-29.95  40.55  15.168
-29.95  41.05  15.3773
-29.95  41.55  14.8664
-29.95  42.05  14.3895
-29.95  42.55  14.4275
-29.95  43.05  14.272
-29.95  43.55  14.6276
-29.95  44.05  14.3173
-29.95  44.55  13.7658
-29.95  45.05  13.9613
-29.95  45.55  13.4893
-29.95  46.05  13.4665
-29.95  46.55  13.2471
-29.95  47.05  13.7222
-29.95  47.55  13.9105
-29.95  48.05  14.1807
-29.95  48.55  14.5662
-29.95  49.05  15.3793
-29.95  49.55  15.1871
-29.95  50.05  15.4674
-29.95  50.55  16.2586
-29.95  51.05  17.1266
-29.95  51.55  17.198
-29.95  52.05  16.6388
-27.45  37.55  15.9245
-27.45  38.05  16.4726
-27.45  38.55  15.91
-27.45  39.05  15.6765
-27.45  39.55  15.9061
-27.45  40.05  15.3125
-27.45  40.55  15.1089
-27.45  41.05  15.1552
-27.45  41.55  14.7632
-27.45  42.05  13.9502
-27.45  42.55  13.872
-27.45  43.05  14.0156
-27.45  43.55  14.4613
-27.45  44.05  14.076
-27.45  44.55  13.7837
-27.45  45.05  13.7915
-27.45  45.55  13.4602
-27.45  46.05  13.4953
-27.45  46.55  13.4844
-27.45  47.05  13.575
-27.45  47.55  13.6058
-27.45  48.05  13.6748
-27.45  48.55  13.9529
-27.45  49.05  14.7576
-27.45  49.55  14.892
-27.45  50.05  15.2188
-27.45  50.55  16.1183
-27.45  51.05  17.0692
-27.45  51.55  17.224
-27.45  52.05  16.3035
-24.95  37.55  15.8474
-24.95  38.05  16.274
-24.95  38.55  15.7524
-24.95  39.05  15.6152
-24.95  39.55  15.974
-24.95  40.05  15.4221
-24.95  40.55  15.2624
-24.95  41.05  15.3732
-24.95  41.55  14.7598
-24.95  42.05  14.2035
-24.95  42.55  13.9899
-24.95  43.05  14.1983
-24.95  43.55  14.2959
-24.95  44.05  13.8705
-24.95  44.55  13.9421
-24.95  45.05  13.975
-24.95  45.55  13.6874
-24.95  46.05  13.5896
-24.95  46.55  13.4988
-24.95  47.05  13.583
-24.95  47.55  13.5432
-24.95  48.05  13.5035
-24.95  48.55  13.7198
-24.95  49.05  14.4441
-24.95  49.55  14.8582
-24.95  50.05  15.091
-24.95  50.55  15.9037
-24.95  51.05  16.7759
-24.95  51.55  16.9461
-24.95  52.05  16.6447
-22.45  37.55  15.5598
-22.45  38.05  15.8954
-22.45  38.55  15.4164
-22.45  39.05  15.4562
-22.45  39.55  15.8222
-22.45  40.05  15.1373
-22.45  40.55  15.0449
-22.45  41.05  15.4416
-22.45  41.55  14.7103
-22.45  42.05  14.3124
-22.45  42.55  14.0968
-22.45  43.05  14.1598
-22.45  43.55  13.9933
-22.45  44.05  13.6655
-22.45  44.55  13.6105
-22.45  45.05  13.6844
-22.45  45.55  13.6122
-22.45  46.05  13.2239
-22.45  46.55  13.1372
-22.45  47.05  13.4114
-22.45  47.55  13.4959
-22.45  48.05  13.2318
-22.45  48.55  13.4376
-22.45  49.05  14.4316
-22.45  49.55  14.7526
-22.45  50.05  14.9154
-22.45  50.55  15.6169
-22.45  51.05  16.3934
-22.45  51.55  16.583
-22.45  52.05  16.3184
-19.95  37.55  15.3182
-19.95  38.05  15.7901
-19.95  38.55  15.3995
-19.95  39.05  15.614
-19.95  39.55  15.8994
-19.95  40.05  15.1802
-19.95  40.55  15.0386
-19.95  41.05  15.5604
-19.95  41.55  14.8348
-19.95  42.05  14.2067
-19.95  42.55  14.1616
-19.95  43.05  14.2001
-19.95  43.55  13.8204
-19.95  44.05  13.4384
-19.95  44.55  13.4927
-19.95  45.05  13.8164
-19.95  45.55  13.4822
-19.95  46.05  13.1631
-19.95  46.55  13.3098
-19.95  47.05  13.8205
-19.95  47.55  13.6175
-19.95  48.05  13.5103
-19.95  48.55  13.7912
-19.95  49.05  14.5517
-19.95  49.55  14.7791
-19.95  50.05  14.9077
-19.95  50.55  15.5438
-19.95  51.05  16.2633
-19.95  51.55  16.5269
-19.95  52.05  16.3992
-17.45  37.55  15.0186
-17.45  38.05  15.4559
-17.45  38.55  15.0595
-17.45  39.05  15.226
-17.45  39.55  15.9762
-17.45  40.05  15.3084
-17.45  40.55  14.8849
-17.45  41.05  15.2361
-17.45  41.55  14.691
-17.45  42.05  13.7934
-17.45  42.55  13.717
-17.45  43.05  14.0894
-17.45  43.55  13.4831
-17.45  44.05  13.0756
-17.45  44.55  13.1379
-17.45  45.05  13.625
-17.45  45.55  13.3137
-17.45  46.05  13.1316
-17.45  46.55  13.2209
-17.45  47.05  13.6765
-17.45  47.55  13.4026
-17.45  48.05  13.4822
-17.45  48.55  13.9027
-17.45  49.05  14.5806
-17.45  49.55  14.4138
-17.45  50.05  14.7245
-17.45  50.55  15.3038
-17.45  51.05  15.791
-17.45  51.55  16.1309
-17.45  52.05  15.334
-14.95  37.55  15.1325
-14.95  38.05  15.4571
-14.95  38.55  15.0526
-14.95  39.05  14.9174
-14.95  39.55  15.967
-14.95  40.05  15.1592
-14.95  40.55  14.7515
-14.95  41.05  14.9149
-14.95  41.55  14.5582
-14.95  42.05  14.0237
-14.95  42.55  13.7605
-14.95  43.05  13.9013
-14.95  43.55  13.6413
-14.95  44.05  13.1506
-14.95  44.55  13.0443
-14.95  45.05  13.4682
-14.95  45.55  13.1873
-14.95  46.05  13.1584
-14.95  46.55  13.1165
-14.95  47.05  13.3347
-14.95  47.55  13.3334
-14.95  48.05  13.4235
-14.95  48.55  13.8588
-14.95  49.05  14.5538
-14.95  49.55  14.5082
-14.95  50.05  14.8009
-14.95  50.55  15.3503
-14.95  51.05  15.7479
-14.95  51.55  16.0081
-14.95  52.05  15.3273
-12.45  37.55  14.8619
-12.45  38.05  15.3173
-12.45  38.55  14.6833
-12.45  39.05  14.2669
-12.45  39.55  14.8061
-12.45  40.05  14.1946
-12.45  40.55  14.0902
-12.45  41.05  14.3535
-12.45  41.55  14.2222
-12.45  42.05  13.922
-12.45  42.55  13.646
-12.45  43.05  13.5769
-12.45  43.55  13.6909
-12.45  44.05  12.9459
-12.45  44.55  12.8521
-12.45  45.05  13.1984
-12.45  45.55  13.0922
-12.45  46.05  12.9385
-12.45  46.55  12.9014
-12.45  47.05  12.9219
-12.45  47.55  13.0513
-12.45  48.05  13.1987
-12.45  48.55  13.6505
-12.45  49.05  14.281
-12.45  49.55  14.5147
-12.45  50.05  14.6985
-12.45  50.55  15.1523
-12.45  51.05  15.5293
-12.45  51.55  15.6537
-12.45  52.05  15.2276
-9.95  37.55  14.6641
-9.95  38.05  15.2115
-9.95  38.55  14.5945
-9.95  39.05  14.2358
-9.95  39.55  14.4805
-9.95  40.05  14.0703
-9.95  40.55  13.883
-9.95  41.05  14.1063
-9.95  41.55  14.1684
-9.95  42.05  13.8564
-9.95  42.55  13.6316
-9.95  43.05  13.6034
-9.95  43.55  13.3627
-9.95  44.05  12.8366
-9.95  44.55  12.8587
-9.95  45.05  13.1729
-9.95  45.55  12.8953
-9.95  46.05  12.8574
-9.95  46.55  13.0249
-9.95  47.05  13.1132
-9.95  47.55  12.8075
-9.95  48.05  13.1142
-9.95  48.55  13.5942
-9.95  49.05  14.2517
-9.95  49.55  14.2433
-9.95  50.05  14.5178
-9.95  50.55  15.0896
-9.95  51.05  15.3697
-9.95  51.55  15.4134
-9.95  52.05  15.06
-7.45  37.55  14.5943
-7.45  38.05  15.0216
-7.45  38.55  14.5528
-7.45  39.05  14.3438
-7.45  39.55  14.5099
-7.45  40.05  14.1782
-7.45  40.55  13.5894
-7.45  41.05  13.6714
-7.45  41.55  13.9
-7.45  42.05  13.5239
-7.45  42.55  13.3751
-7.45  43.05  13.2975
-7.45  43.55  13.0489
-7.45  44.05  12.7404
-7.45  44.55  12.6526
-7.45  45.05  12.8914
-7.45  45.55  12.3163
-7.45  46.05  12.463
-7.45  46.55  12.8091
-7.45  47.05  12.9858
-7.45  47.55  12.5318
-7.45  48.05  12.7463
-7.45  48.55  13.2888
-7.45  49.05  13.9523
-7.45  49.55  13.9947
-7.45  50.05  14.2516
-7.45  50.55  14.8034
-7.45  51.05  15.1559
-7.45  51.55  15.1582
-7.45  52.05  14.5586
-4.95  37.55  14.9265
-4.95  38.05  14.8287
-4.95  38.55  14.15
-4.95  39.05  14.4217
-4.95  39.55  14.7464
-4.95  40.05  14.2346
-4.95  40.55  13.6009
-4.95  41.05  13.8258
-4.95  41.55  13.6281
-4.95  42.05  12.9954
-4.95  42.55  13.2212
-4.95  43.05  13.2059
-4.95  43.55  13.0967
-4.95  44.05  12.8186
-4.95  44.55  12.5572
-4.95  45.05  12.7481
-4.95  45.55  12.3503
-4.95  46.05  12.4608
-4.95  46.55  12.7594
-4.95  47.05  12.9931
-4.95  47.55  12.728
-4.95  48.05  12.7171
-4.95  48.55  13.2656
-4.95  49.05  14.0064
-4.95  49.55  14.0376
-4.95  50.05  14.3095
-4.95  50.55  14.9297
-4.95  51.05  15.3189
-4.95  51.55  15.2314
-4.95  52.05  14.726
-2.45  37.55  14.656
-2.45  38.05  14.5563
-2.45  38.55  13.6283
-2.45  39.05  13.6694
-2.45  39.55  14.0454
-2.45  40.05  13.8594
-2.45  40.55  13.4881
-2.45  41.05  13.8037
-2.45  41.55  13.1554
-2.45  42.05  12.5837
-2.45  42.55  12.8711
-2.45  43.05  12.8823
-2.45  43.55  12.6551
-2.45  44.05  12.5288
-2.45  44.55  12.3721
-2.45  45.05  12.4611
-2.45  45.55  12.2125
-2.45  46.05  12.3426
-2.45  46.55  12.5211
-2.45  47.05  12.8639
-2.45  47.55  12.7123
-2.45  48.05  12.6214
-2.45  48.55  13.0041
-2.45  49.05  13.7646
-2.45  49.55  13.8083
-2.45  50.05  14.109
-2.45  50.55  14.87
-2.45  51.05  15.2856
-2.45  51.55  15.2719
-2.45  52.05  14.7478
0.05  37.55  14.6951
0.05  38.05  14.6487
0.05  38.55  13.7583
0.05  39.05  13.4953
0.05  39.55  13.6087
0.05  40.05  13.6347
0.05  40.55  13.6215
0.05  41.05  13.7877
0.05  41.55  13.1319
0.05  42.05  12.532
0.05  42.55  12.6423
0.05  43.05  12.7223
0.05  43.55  12.7103
0.05  44.05  12.5681
0.05  44.55  12.4963
0.05  45.05  12.7721
0.05  45.55  12.1978
0.05  46.05  12.0415
0.05  46.55  12.1066
0.05  47.05  12.6585
0.05  47.55  12.5928
0.05  48.05  12.7073
0.05  48.55  12.9852
0.05  49.05  13.6077
0.05  49.55  13.6065
0.05  50.05  13.8271
0.05  50.55  14.7336
0.05  51.05  15.3142
0.05  51.55  15.4412
0.05  52.05  14.9822
2.55  37.55  14.6765
2.55  38.05  14.7484
2.55  38.55  13.785
2.55  39.05  13.4071
2.55  39.55  13.3974
2.55  40.05  13.3353
2.55  40.55  13.6129
2.55  41.05  13.8483
2.55  41.55  12.8169
2.55  42.05  12.1664
2.55  42.55  12.2806
2.55  43.05  12.5633
2.55  43.55  12.4881
2.55  44.05  12.3238
2.55  44.55  12.4094
2.55  45.05  12.7708
2.55  45.55  11.9915
2.55  46.05  11.8046
2.55  46.55  11.9509
2.55  47.05  12.4251
2.55  47.55  12.3425
2.55  48.05  12.4704
2.55  48.55  12.796
2.55  49.05  13.4023
2.55  49.55  13.3127
2.55  50.05  13.4268
2.55  50.55  14.2667
2.55  51.05  15.1117
2.55  51.55  15.2279
2.55  52.05  14.8296
5.05  37.55  14.9875
5.05  38.05  14.8905
5.05  38.55  13.7891
5.05  39.05  13.5376
5.05  39.55  13.7003
5.05  40.05  13.4426
5.05  40.55  13.892
5.05  41.05  14.3187
5.05  41.55  12.7141
5.05  42.05  12.2639
5.05  42.55  12.3301
5.05  43.05  12.5194
5.05  43.55  12.7003
5.05  44.05  12.342
5.05  44.55  12.254
5.05  45.05  12.5181
5.05  45.55  12.0798
5.05  46.05  11.971
5.05  46.55  12.1667
5.05  47.05  12.5573
5.05  47.55  12.3443
5.05  48.05  12.3473
5.05  48.55  12.72
5.05  49.05  13.3526
5.05  49.55  13.2451
5.05  50.05  13.4775
5.05  50.55  14.229
5.05  51.05  15.0468
5.05  51.55  15.0413
5.05  52.05  14.4172
7.55  37.55  14.5135
7.55  38.05  14.3921
7.55  38.55  13.3413
7.55  39.05  13.2425
7.55  39.55  13.6364
7.55  40.05  12.9943
7.55  40.55  12.8731
7.55  41.05  12.9759
7.55  41.55  12.5351
7.55  42.05  12.1365
7.55  42.55  12.216
7.55  43.05  12.3485
7.55  43.55  12.6124
7.55  44.05  11.7392
7.55  44.55  11.531
7.55  45.05  12.2398
7.55  45.55  11.9289
7.55  46.05  11.9208
7.55  46.55  12.0617
7.55  47.05  12.2991
7.55  47.55  12.2087
7.55  48.05  12.1457
7.55  48.55  12.5349
7.55  49.05  13.0382
7.55  49.55  12.9137
7.55  50.05  13.4242
7.55  50.55  14.2202
7.55  51.05  14.9111
7.55  51.55  15.0097
7.55  52.05  14.7638
10.05  37.55  14.5914
10.05  38.05  14.4328
10.05  38.55  13.366
10.05  39.05  13.2583
10.05  39.55  13.5899
10.05  40.05  13.0345
10.05  40.55  12.3488
10.05  41.05  12.3735
10.05  41.55  12.7005
10.05  42.05  12.2965
10.05  42.55  12.3236
10.05  43.05  12.4853
10.05  43.55  12.5131
10.05  44.05  12.043
10.05  44.55  11.827
10.05  45.05  12.1859
10.05  45.55  11.7703
10.05  46.05  11.7718
10.05  46.55  11.9644
10.05  47.05  12.3127
10.05  47.55  12.2684
10.05  48.05  12.2034
10.05  48.55  12.4965
10.05  49.05  12.8047
10.05  49.55  12.8616
10.05  50.05  13.4373
10.05  50.55  14.2479
10.05  51.05  14.9387
10.05  51.55  15.048
10.05  52.05  14.6191
12.55  37.55  14.1022
12.55  38.05  14.0302
12.55  38.55  13.1282
12.55  39.05  13.1776
12.55  39.55  13.7133
12.55  40.05  12.9635
12.55  40.55  12.4601
12.55  41.05  12.7828
12.55  41.55  12.7696
12.55  42.05  12.2338
12.55  42.55  12.2258
12.55  43.05  12.457
12.55  43.55  12.4793
12.55  44.05  12.267
12.55  44.55  12.1467
12.55  45.05  12.1558
12.55  45.55  11.7106
12.55  46.05  11.4831
12.55  46.55  11.8211
12.55  47.05  12.1474
12.55  47.55  12.0789
12.55  48.05  12.1408
12.55  48.55  12.4434
12.55  49.05  12.4453
12.55  49.55  12.5066
12.55  50.05  13.1511
12.55  50.55  13.9665
12.55  51.05  14.78
12.55  51.55  14.7865
12.55  52.05  13.9793
15.05  37.55  13.9117
15.05  38.05  14.0528
15.05  38.55  13.3005
15.05  39.05  13.3094
15.05  39.55  13.6572
15.05  40.05  13.3123
15.05  40.55  12.6112
15.05  41.05  12.9816
15.05  41.55  13.1481
15.05  42.05  12.3955
15.05  42.55  12.2588
15.05  43.05  12.4267
15.05  43.55  12.4837
15.05  44.05  12.2175
15.05  44.55  12.136
15.05  45.05  12.357
15.05  45.55  12.1018
15.05  46.05  11.706
15.05  46.55  11.9952
15.05  47.05  12.287
15.05  47.55  12.0467
15.05  48.05  11.8503
15.05  48.55  12.2053
15.05  49.05  12.8436
15.05  49.55  12.6222
15.05  50.05  13.2776
15.05  50.55  14.066
15.05  51.05  14.9351
15.05  51.55  14.8582
15.05  52.05  14.1006
17.55  37.55  13.4345
17.55  38.05  13.9471
17.55  38.55  13.5173
17.55  39.05  13.1933
17.55  39.55  13.2289
17.55  40.05  12.8322
17.55  40.55  12.3364
17.55  41.05  12.8885
17.55  41.55  13.0757
17.55  42.05  12.2426
17.55  42.55  12.1296
17.55  43.05  12.2069
17.55  43.55  12.3127
17.55  44.05  12.0526
17.55  44.55  11.9461
17.55  45.05  12.2283
17.55  45.55  12.4412
17.55  46.05  11.8955
17.55  46.55  11.9048
17.55  47.05  12.2078
17.55  47.55  12.01
17.55  48.05  11.5565
17.55  48.55  11.9591
17.55  49.05  12.9511
17.55  49.55  12.6631
17.55  50.05  13.1557
17.55  50.55  13.9663
17.55  51.05  14.9114
17.55  51.55  15.0518
17.55  52.05  14.5686
20.05  37.55  12.8792
20.05  38.05  13.9452
20.05  38.55  13.9374
20.05  39.05  13.3823
20.05  39.55  13.3596
20.05  40.05  12.8021
20.05  40.55  12.5035
20.05  41.05  12.9915
20.05  41.55  12.8147
20.05  42.05  11.9921
20.05  42.55  12.1526
20.05  43.05  12.2145
20.05  43.55  12.2499
20.05  44.05  11.9717
20.05  44.55  11.8688
20.05  45.05  12.1702
20.05  45.55  12.2273
20.05  46.05  11.8943
20.05  46.55  12.1757
20.05  47.05  12.4372
20.05  47.55  12.0815
20.05  48.05  11.8412
20.05  48.55  12.3215
20.05  49.05  13.0278
20.05  49.55  12.7887
20.05  50.05  13.1537
20.05  50.55  13.9741
20.05  51.05  15.1019
20.05  51.55  15.5713
20.05  52.05  15.9786
22.55  37.55  12.669
22.55  38.05  13.511
22.55  38.55  13.6914
22.55  39.05  13.629
22.55  39.55  13.4897
22.55  40.05  13.1217
22.55  40.55  12.448
22.55  41.05  12.6884
22.55  41.55  12.7928
22.55  42.05  11.742
22.55  42.55  11.7865
22.55  43.05  11.895
22.55  43.55  12.1484
22.55  44.05  11.8245
22.55  44.55  11.6501
22.55  45.05  11.8726
22.55  45.55  11.8439
22.55  46.05  11.6815
22.55  46.55  12.2667
22.55  47.05  12.4872
22.55  47.55  12.0043
22.55  48.05  11.9455
22.55  48.55  12.3921
22.55  49.05  13.115
22.55  49.55  12.6299
22.55  50.05  12.9803
22.55  50.55  13.8686
22.55  51.05  15.1674
22.55  51.55  15.5591
22.55  52.05  15.2767
25.05  37.55  13.3144
25.05  38.05  13.7092
25.05  38.55  13.5407
25.05  39.05  13.6701
25.05  39.55  13.4198
25.05  40.05  13.3441
25.05  40.55  12.9998
25.05  41.05  13.0668
25.05  41.55  12.731
25.05  42.05  11.9423
25.05  42.55  11.7638
25.05  43.05  11.6714
25.05  43.55  11.8896
25.05  44.05  11.6823
25.05  44.55  11.4497
25.05  45.05  11.8802
25.05  45.55  11.8571
25.05  46.05  11.7235
25.05  46.55  12.1607
25.05  47.05  12.4789
25.05  47.55  12.156
25.05  48.05  12.0974
25.05  48.55  12.3756
25.05  49.05  12.8678
25.05  49.55  12.6568
25.05  50.05  12.9908
25.05  50.55  13.9682
25.05  51.05  14.9824
25.05  51.55  15.3641
25.05  52.05  14.8983
27.55  37.55  13.3183
27.55  38.05  13.524
27.55  38.55  12.7638
27.55  39.05  12.6706
27.55  39.55  12.8013
27.55  40.05  12.5649
27.55  40.55  12.3062
27.55  41.05  12.3525
27.55  41.55  11.8615
27.55  42.05  11.7352
27.55  42.55  11.7033
27.55  43.05  11.3737
27.55  43.55  11.5588
27.55  44.05  11.0722
27.55  44.55  10.9459
27.55  45.05  11.6381
27.55  45.55  11.7435
27.55  46.05  11.548
27.55  46.55  12.0399
27.55  47.05  12.3829
27.55  47.55  12.0424
27.55  48.05  11.9505
27.55  48.55  12.2442
27.55  49.05  12.6822
27.55  49.55  12.6142
27.55  50.05  13.0464
27.55  50.55  13.9926
27.55  51.05  14.608
27.55  51.55  14.945
27.55  52.05  14.8545
30.05  37.55  12.4715
30.05  38.05  12.8006
30.05  38.55  12.1196
30.05  39.05  12.0391
30.05  39.55  12.543
30.05  40.05  12.5518
30.05  40.55  12.0446
30.05  41.05  12.4824
30.05  41.55  11.4584
30.05  42.05  11.3045
30.05  42.55  11.3136
30.05  43.05  11.3312
30.05  43.55  11.6241
30.05  44.05  11.0421
30.05  44.55  11.034
30.05  45.05  11.58
30.05  45.55  11.6189
30.05  46.05  11.582
30.05  46.55  12.1959
30.05  47.05  12.5055
30.05  47.55  12.2309
30.05  48.05  12.1655
30.05  48.55  12.428
30.05  49.05  13.1226
30.05  49.55  13.0865
30.05  50.05  13.373
30.05  50.55  14.1951
30.05  51.05  14.8344
30.05  51.55  15.182
30.05  52.05  14.9331
32.55  37.55  11.6923
32.55  38.05  12.2074
32.55  38.55  11.5292
32.55  39.05  11.4711
32.55  39.55  12.2947
32.55  40.05  11.7442
32.55  40.55  11.0841
32.55  41.05  11.4136
32.55  41.55  11.1267
32.55  42.05  10.6051
32.55  42.55  10.6604
32.55  43.05  11.0247
32.55  43.55  11.38
32.55  44.05  10.9597
32.55  44.55  11.0063
32.55  45.05  11.474
32.55  45.55  11.3038
32.55  46.05  11.4233
32.55  46.55  12.0597
32.55  47.05  12.3931
32.55  47.55  12.2387
32.55  48.05  12.2049
32.55  48.55  12.4816
32.55  49.05  13.3506
32.55  49.55  13.4101
32.55  50.05  13.45
32.55  50.55  14.0266
32.55  51.05  14.7502
32.55  51.55  15.1511
32.55  52.05  14.9088
35.05  37.55  11.3925
35.05  38.05  12.0522
35.05  38.55  11.4584
35.05  39.05  11.3189
35.05  39.55  11.7794
35.05  40.05  11.1535
35.05  40.55  10.5319
35.05  41.05  10.4713
35.05  41.55  10.7993
35.05  42.05  10.427
35.05  42.55  10.7197
35.05  43.05  10.8687
35.05  43.55  11.3154
35.05  44.05  11.104
35.05  44.55  11.0945
35.05  45.05  11.5411
35.05  45.55  11.2934
35.05  46.05  11.296
35.05  46.55  11.7138
35.05  47.05  12.1857
35.05  47.55  12.349
35.05  48.05  12.4423
35.05  48.55  12.7112
35.05  49.05  13.4578
35.05  49.55  13.4818
35.05  50.05  13.5379
35.05  50.55  14.0852
35.05  51.05  14.8625
35.05  51.55  15.2721
35.05  52.05  15.3484
37.55  37.55  11.3906
37.55  38.05  11.9651
37.55  38.55  11.5309
37.55  39.05  11.0783
37.55  39.55  10.952
37.55  40.05  10.467
37.55  40.55  10.0089
37.55  41.05  10.0779
37.55  41.55  10.6236
37.55  42.05  10.3175
37.55  42.55  10.4947
37.55  43.05  10.6802
37.55  43.55  11.1906
37.55  44.05  10.9525
37.55  44.55  10.9764
37.55  45.05  11.3923
37.55  45.55  11.0754
37.55  46.05  11.1055
37.55  46.55  11.4658
37.55  47.05  11.9199
37.55  47.55  12.1042
37.55  48.05  12.2742
37.55  48.55  12.5753
37.55  49.05  13.3183
37.55  49.55  13.412
37.55  50.05  13.4867
37.55  50.55  13.9641
37.55  51.05  14.7694
37.55  51.55  14.9846
37.55  52.05  14.7201
40.05  37.55  11.6033
40.05  38.05  12.034
40.05  38.55  11.7031
40.05  39.05  10.8913
40.05  39.55  10.4719
40.05  40.05  9.85899
40.05  40.55  9.89278
40.05  41.05  10.3507
40.05  41.55  10.4917
40.05  42.05  10.2661
40.05  42.55  10.3241
40.05  43.05  10.6036
40.05  43.55  11.1697
40.05  44.05  10.8059
40.05  44.55  10.9183
40.05  45.05  11.4715
40.05  45.55  11.1445
40.05  46.05  11.1249
40.05  46.55  11.6031
40.05  47.05  11.9789
40.05  47.55  12.1349
40.05  48.05  12.3267
40.05  48.55  12.6586
40.05  49.05  13.4025
40.05  49.55  13.5571
40.05  50.05  13.6713
40.05  50.55  14.1613
40.05  51.05  14.7659
40.05  51.55  14.8944
40.05  52.05  14.3551
42.55  37.55  11.2658
42.55  38.05  11.7991
42.55  38.55  11.5421
42.55  39.05  10.7793
42.55  39.55  10.2402
42.55  40.05  9.24486
42.55  40.55  8.97757
42.55  41.05  9.2335
42.55  41.55  10.1346
42.55  42.05  10.1463
42.55  42.55  10.1162
42.55  43.05  10.4305
42.55  43.55  10.9948
42.55  44.05  10.3884
42.55  44.55  10.7155
42.55  45.05  11.2914
42.55  45.55  11.0153
42.55  46.05  11.1527
42.55  46.55  11.4867
42.55  47.05  11.789
42.55  47.55  12.0238
42.55  48.05  12.1577
42.55  48.55  12.5585
42.55  49.05  13.3359
42.55  49.55  13.4435
42.55  50.05  13.6574
42.55  50.55  14.1676
42.55  51.05  14.5432
42.55  51.55  14.5885
42.55  52.05  13.7935
45.05  37.55  11.1281
45.05  38.05  11.6864
45.05  38.55  11.3171
45.05  39.05  10.8359
45.05  39.55  10.1622
45.05  40.05  9.1543
45.05  40.55  8.53916
45.05  41.05  8.62608
45.05  41.55  9.76202
45.05  42.05  9.72778
45.05  42.55  9.72169
45.05  43.05  10.2224
45.05  43.55  10.7007
45.05  44.05  10.485
45.05  44.55  10.9945
45.05  45.05  11.1717
45.05  45.55  11.0998
45.05  46.05  11.3611
45.05  46.55  11.5633
45.05  47.05  12.0745
45.05  47.55  12.1305
45.05  48.05  12.1274
45.05  48.55  12.5576
45.05  49.05  13.372
45.05  49.55  13.4569
45.05  50.05  13.7707
45.05  50.55  14.2407
45.05  51.05  14.6557
45.05  51.55  14.6368
45.05  52.05  13.7666
47.55  37.55  10.9745
47.55  38.05  11.4585
47.55  38.55  10.615
47.55  39.05  9.88669
47.55  39.55  9.74115
47.55  40.05  8.89451
47.55  40.55  8.38614
47.55  41.05  8.65317
47.55  41.55  9.35169
47.55  42.05  9.14387
47.55  42.55  9.39396
47.55  43.05  10.0307
47.55  43.55  10.2061
47.55  44.05  10.535
47.55  44.55  10.7997
47.55  45.05  10.8175
47.55  45.55  10.9352
47.55  46.05  11.1199
47.55  46.55  11.6222
47.55  47.05  12.2824
47.55  47.55  12.1179
47.55  48.05  11.8965
47.55  48.55  12.3156
47.55  49.05  13.1868
47.55  49.55  13.3341
47.55  50.05  13.5368
47.55  50.55  14.1511
47.55  51.05  14.6115
47.55  51.55  14.7111
47.55  52.05  14.0977
50.05  37.55  11.02
50.05  38.05  11.1996
50.05  38.55  10.4661
50.05  39.05  9.60325
50.05  39.55  9.65389
50.05  40.05  9.04383
50.05  40.55  8.40137
50.05  41.05  8.67905
50.05  41.55  9.23789
50.05  42.05  9.04703
50.05  42.55  9.31626
50.05  43.05  9.48333
50.05  43.55  9.99262
50.05  44.05  10.1086
50.05  44.55  10.1834
50.05  45.05  10.634
50.05  45.55  11.0521
50.05  46.05  11.0463
50.05  46.55  11.7413
50.05  47.05  12.226
50.05  47.55  12.035
50.05  48.05  11.9094
50.05  48.55  12.4224
50.05  49.05  13.2437
50.05  49.55  13.452
50.05  50.05  13.5128
50.05  50.55  14.1855
50.05  51.05  14.614
50.05  51.55  14.81
50.05  52.05  14.6018
52.55  37.55  10.7328
52.55  38.05  10.7484
52.55  38.55  10.0349
52.55  39.05  9.38722
52.55  39.55  9.08481
52.55  40.05  8.97637
52.55  40.55  8.37982
52.55  41.05  8.36712
52.55  41.55  8.65345
52.55  42.05  8.70825
52.55  42.55  8.91518
52.55  43.05  8.81623
52.55  43.55  9.56636
52.55  44.05  9.52892
52.55  44.55  9.72582
52.55  45.05  10.3924
52.55  45.55  10.9523
52.55  46.05  10.8837
52.55  46.55  11.3565
52.55  47.05  11.9448
52.55  47.55  11.9883
52.55  48.05  11.9766
52.55  48.55  12.3154
52.55  49.05  12.9338
52.55  49.55  13.1768
52.55  50.05  13.4358
52.55  50.55  14.0714
52.55  51.05  14.4257
52.55  51.55  14.6484
52.55  52.05  14.082
55.05  37.55  10.4426
55.05  38.05  10.2148
55.05  38.55  9.52714
55.05  39.05  9.42346
55.05  39.55  8.97603
55.05  40.05  8.79687
55.05  40.55  8.17549
55.05  41.05  8.35878
55.05  41.55  8.4938
55.05  42.05  8.12923
55.05  42.55  8.53425
55.05  43.05  8.77879
55.05  43.55  9.3216
55.05  44.05  9.12554
55.05  44.55  9.56082
55.05  45.05  10.1294
55.05  45.55  10.8026
55.05  46.05  10.8294
55.05  46.55  11.1908
55.05  47.05  12.0389
55.05  47.55  12.2053
55.05  48.05  12.1522
55.05  48.55  12.4318
55.05  49.05  13.1324
55.05  49.55  13.168
55.05  50.05  13.5172
55.05  50.55  14.0935
55.05  51.05  14.3871
55.05  51.55  14.6787
55.05  52.05  14.1209
57.55  37.55  10.0056
57.55  38.05  10.0794
57.55  38.55  9.14295
57.55  39.05  8.66603
57.55  39.55  8.28699
57.55  40.05  7.9394
57.55  40.55  7.31266
57.55  41.05  7.53168
57.55  41.55  7.91671
57.55  42.05  7.59587
57.55  42.55  8.1131
57.55  43.05  8.61208
57.55  43.55  8.97112
57.55  44.05  8.93237
57.55  44.55  9.19689
57.55  45.05  9.73424
57.55  45.55  10.4654
57.55  46.05  10.3788
57.55  46.55  10.9183
57.55  47.05  11.9751
57.55  47.55  12.0579
57.55  48.05  12.0679
57.55  48.55  12.4002
57.55  49.05  13.1487
57.55  49.55  13.0485
57.55  50.05  13.3595
57.55  50.55  13.9826
57.55  51.05  14.2199
57.55  51.55  14.2817
57.55  52.05  13.6199
60.05  37.55  9.46172
60.05  38.05  9.79731
60.05  38.55  8.97719
60.05  39.05  8.62339
60.05  39.55  8.38923
60.05  40.05  7.61034
60.05  40.55  7.30924
60.05  41.05  7.50065
60.05  41.55  7.81725
60.05  42.05  7.63218
60.05  42.55  8.0073
60.05  43.05  8.21496
60.05  43.55  8.77299
60.05  44.05  8.98331
60.05  44.55  9.19256
60.05  45.05  9.87185
60.05  45.55  10.3485
60.05  46.05  10.348
60.05  46.55  10.9583
60.05  47.05  11.9872
60.05  47.55  12.2103
60.05  48.05  12.2999
60.05  48.55  12.5062
60.05  49.05  13.2368
60.05  49.55  13.1773
60.05  50.05  13.4164
60.05  50.55  14.0269
60.05  51.05  14.3311
60.05  51.55  14.2414
60.05  52.05  13.3555
62.55  37.55  8.92693
62.55  38.05  9.34568
62.55  38.55  8.55135
62.55  39.05  8.37564
62.55  39.55  8.63412
62.55  40.05  7.42005
62.55  40.55  7.20668
62.55  41.05  7.42175
62.55  41.55  7.65998
62.55  42.05  7.38625
62.55  42.55  7.47327
62.55  43.05  7.71921
62.55  43.55  8.5901
62.55  44.05  8.64975
62.55  44.55  8.91102
62.55  45.05  10.0085
62.55  45.55  10.3018
62.55  46.05  10.2001
62.55  46.55  10.7224
62.55  47.05  11.7441
62.55  47.55  12.0318
62.55  48.05  12.1383
62.55  48.55  12.4171
62.55  49.05  13.2168
62.55  49.55  13.176
62.55  50.05  13.3557
62.55  50.55  13.8148
62.55  51.05  14.2813
62.55  51.55  14.1649
62.55  52.05  13.0703
65.05  37.55  9.0132
65.05  38.05  9.4209
65.05  38.55  8.46668
65.05  39.05  8.27143
65.05  39.55  8.26541
65.05  40.05  7.49736
65.05  40.55  7.2003
65.05  41.05  7.25133
65.05  41.55  7.47391
65.05  42.05  7.54195
65.05  42.55  7.52948
65.05  43.05  7.82515
65.05  43.55  8.62873
65.05  44.05  8.64235
65.05  44.55  8.823
65.05  45.05  9.65359
65.05  45.55  10.0616
65.05  46.05  10.1965
65.05  46.55  10.8558
65.05  47.05  11.7846
65.05  47.55  11.9982
65.05  48.05  12.2408
65.05  48.55  12.5776
65.05  49.05  13.292
65.05  49.55  13.337
65.05  50.05  13.5665
65.05  50.55  13.9672
65.05  51.05  14.3278
65.05  51.55  14.2358
65.05  52.05  13.092
67.55  37.55  8.34763
67.55  38.05  8.69022
67.55  38.55  8.12682
67.55  39.05  8.02618
67.55  39.55  8.01301
67.55  40.05  7.37061
67.55  40.55  6.9087
67.55  41.05  6.82146
67.55  41.55  7.20902
67.55  42.05  7.28926
67.55  42.55  7.53224
67.55  43.05  7.89695
67.55  43.55  8.43282
67.55  44.05  8.62287
67.55  44.55  8.63221
67.55  45.05  8.86652
67.55  45.55  9.73923
67.55  46.05  10.1185
67.55  46.55  10.7777
67.55  47.05  11.7285
67.55  47.55  11.8797
67.55  48.05  12.0902
67.55  48.55  12.5146
67.55  49.05  13.2179
67.55  49.55  13.2112
67.55  50.05  13.5005
67.55  50.55  13.9704
67.55  51.05  14.2521
67.55  51.55  14.293
67.55  52.05  13.2243
70.05  37.55  7.93644
70.05  38.05  8.23475
70.05  38.55  7.65587
70.05  39.05  7.81874
70.05  39.55  7.78826
70.05  40.05  6.97416
70.05  40.55  6.67572
70.05  41.05  6.89816
70.05  41.55  7.49637
70.05  42.05  7.51875
70.05  42.55  7.7068
70.05  43.05  7.84991
70.05  43.55  8.45168
70.05  44.05  8.55131
70.05  44.55  8.84247
70.05  45.05  9.14397
70.05  45.55  9.92026
70.05  46.05  10.3941
70.05  46.55  10.9876
70.05  47.05  11.8651
70.05  47.55  12.0714
70.05  48.05  12.1433
70.05  48.55  12.5611
70.05  49.05  13.357
70.05  49.55  13.2391
70.05  50.05  13.5605
70.05  50.55  14.0233
70.05  51.05  14.3964
70.05  51.55  14.5918
70.05  52.05  13.9366
72.55  37.55  7.41537
72.55  38.05  7.72457
72.55  38.55  7.18078
72.55  39.05  7.27333
72.55  39.55  7.06927
72.55  40.05  6.57932
72.55  40.55  6.3027
72.55  41.05  6.54423
72.55  41.55  7.35999
72.55  42.05  7.5546
72.55  42.55  7.42719
72.55  43.05  7.57455
72.55  43.55  8.42207
72.55  44.05  8.56144
72.55  44.55  8.77124
72.55  45.05  9.38852
72.55  45.55  10.0941
72.55  46.05  10.4475
72.55  46.55  10.9245
72.55  47.05  11.7568
72.55  47.55  12.0706
72.55  48.05  12.0158
72.55  48.55  12.4751
72.55  49.05  13.3912
72.55  49.55  13.1651
72.55  50.05  13.3863
72.55  50.55  13.8768
72.55  51.05  14.3889
72.55  51.55  14.6482
72.55  52.05  14.3128
75.05  37.55  7.6816
75.05  38.05  7.68919
75.05  38.55  6.9168
75.05  39.05  6.77644
75.05  39.55  6.89647
75.05  40.05  6.58179
75.05  40.55  6.2904
75.05  41.05  6.67483
75.05  41.55  7.29109
75.05  42.05  7.19927
75.05  42.55  7.27153
75.05  43.05  7.82176
75.05  43.55  8.67286
75.05  44.05  8.93851
75.05  44.55  8.88174
75.05  45.05  9.57866
75.05  45.55  10.3177
75.05  46.05  10.6647
75.05  46.55  11.0454
75.05  47.05  11.9661
75.05  47.55  12.1632
75.05  48.05  12.1442
75.05  48.55  12.7235
75.05  49.05  13.4354
75.05  49.55  13.3603
75.05  50.05  13.4586
75.05  50.55  13.9463
75.05  51.05  14.626
75.05  51.55  14.9689
75.05  52.05  14.1575
77.55  37.55  7.05715
77.55  38.05  6.84839
77.55  38.55  6.15241
77.55  39.05  6.24775
77.55  39.55  6.85995
77.55  40.05  6.31134
77.55  40.55  6.14409
77.55  41.05  6.39959
77.55  41.55  6.95098
77.55  42.05  6.93481
77.55  42.55  7.12878
77.55  43.05  7.83103
77.55  43.55  8.74288
77.55  44.05  8.9539
77.55  44.55  8.97176
77.55  45.05  9.6337
77.55  45.55  10.4369
77.55  46.05  10.6976
77.55  46.55  11.1374
77.55  47.05  11.9483
77.55  47.55  12.0456
77.55  48.05  12.1892
77.55  48.55  12.7406
77.55  49.05  13.2788
77.55  49.55  13.2533
77.55  50.05  13.4472
77.55  50.55  13.8718
77.55  51.05  14.5627
77.55  51.55  14.757
77.55  52.05  14.3979
80.05  37.55  6.42254
80.05  38.05  6.58045
80.05  38.55  6.10844
80.05  39.05  6.14543
80.05  39.55  6.61608
80.05  40.05  6.34705
80.05  40.55  6.24478
80.05  41.05  6.49003
80.05  41.55  6.92801
80.05  42.05  7.07507
80.05  42.55  7.2015
80.05  43.05  7.73703
80.05  43.55  8.64158
80.05  44.05  8.78881
80.05  44.55  8.92202
80.05  45.05  9.59625
80.05  45.55  10.5929
80.05  46.05  10.8771
80.05  46.55  11.4369
80.05  47.05  12.0292
80.05  47.55  12.293
80.05  48.05  12.4
80.05  48.55  12.8393
80.05  49.05  13.4424
80.05  49.55  13.2753
80.05  50.05  13.6226
80.05  50.55  14.0749
80.05  51.05  14.7309
80.05  51.55  14.8635
80.05  52.05  14.5172
82.55  37.55  6.09252
82.55  38.05  6.37832
82.55  38.55  5.96531
82.55  39.05  5.84527
82.55  39.55  6.10251
82.55  40.05  6.09843
82.55  40.55  6.08335
82.55  41.05  6.33387
82.55  41.55  6.81662
82.55  42.05  7.02725
82.55  42.55  7.16509
82.55  43.05  7.67744
82.55  43.55  8.33477
82.55  44.05  8.47308
82.55  44.55  8.63813
82.55  45.05  9.53076
82.55  45.55  10.7422
82.55  46.05  10.9552
82.55  46.55  11.4194
82.55  47.05  11.9189
82.55  47.55  12.2447
82.55  48.05  12.4306
82.55  48.55  12.775
82.55  49.05  13.4272
82.55  49.55  13.1403
82.55  50.05  13.4334
82.55  50.55  14.1576
82.55  51.05  14.7664
82.55  51.55  14.7682
82.55  52.05  14.1137
85.05  37.55  5.65281
85.05  38.05  6.19495
85.05  38.55  5.90084
85.05  39.05  5.71448
85.05  39.55  5.88372
85.05  40.05  5.75012
85.05  40.55  5.8918
85.05  41.05  6.13304
85.05  41.55  6.73115
85.05  42.05  6.85447
85.05  42.55  6.92498
85.05  43.05  7.66337
85.05  43.55  8.35609
85.05  44.05  8.3569
85.05  44.55  8.66056
85.05  45.05  9.50964
85.05  45.55  10.6261
85.05  46.05  11.0262
85.05  46.55  11.4223
85.05  47.05  12.137
85.05  47.55  12.3894
85.05  48.05  12.597
85.05  48.55  12.883
85.05  49.05  13.445
85.05  49.55  13.2557
85.05  50.05  13.522
85.05  50.55  14.45
85.05  51.05  14.9088
85.05  51.55  14.7546
85.05  52.05  13.9532
87.55  37.55  5.37674
87.55  38.05  5.82797
87.55  38.55  5.41835
87.55  39.05  5.35717
87.55  39.55  5.8657
87.55  40.05  5.57024
87.55  40.55  5.42643
87.55  41.05  5.68138
87.55  41.55  6.57779
87.55  42.05  6.28686
87.55  42.55  6.50559
87.55  43.05  7.4115
87.55  43.55  8.21485
87.55  44.05  8.3142
87.55  44.55  8.62913
87.55  45.05  9.29799
87.55  45.55  10.3223
87.55  46.05  10.6929
87.55  46.55  11.2522
87.55  47.05  12.0474
87.55  47.55  12.4066
87.55  48.05  12.6393
87.55  48.55  12.8323
87.55  49.05  13.3068
87.55  49.55  13.2275
87.55  50.05  13.5743
87.55  50.55  14.3229
87.55  51.05  14.8141
87.55  51.55  14.8292
87.55  52.05  14.0518
90.05  37.55  5.81672
90.05  38.05  5.96115
90.05  38.55  5.41576
90.05  39.05  5.44144
90.05  39.55  5.93296
90.05  40.05  5.59441
90.05  40.55  5.32624
90.05  41.05  5.74356
90.05  41.55  6.38059
90.05  42.05  6.35873
90.05  42.55  6.73948
90.05  43.05  7.5374
90.05  43.55  8.39542
90.05  44.05  8.52257
90.05  44.55  8.92188
90.05  45.05  9.58805
90.05  45.55  10.371
90.05  46.05  10.6159
90.05  46.55  11.2804
90.05  47.05  12.0891
90.05  47.55  12.5606
90.05  48.05  12.714
90.05  48.55  12.9909
90.05  49.05  13.5063
90.05  49.55  13.4614
90.05  50.05  13.8158
90.05  50.55  14.3677
90.05  51.05  14.9071
90.05  51.55  15.1182
90.05  52.05  14.809
92.55  37.55  5.53143
92.55  38.05  5.83175
92.55  38.55  5.38596
92.55  39.05  5.39001
92.55  39.55  5.50871
92.55  40.05  5.18559
92.55  40.55  5.03791
92.55  41.05  5.68636
92.55  41.55  6.22355
92.55  42.05  6.41521
92.55  42.55  6.758
92.55  43.05  7.22059
92.55  43.55  8.43061
92.55  44.05  8.58503
92.55  44.55  9.08982
92.55  45.05  9.85032
92.55  45.55  10.3283
92.55  46.05  10.6238
92.55  46.55  11.2259
92.55  47.05  12.1052
92.55  47.55  12.4228
92.55  48.05  12.5457
92.55  48.55  12.9566
92.55  49.05  13.6448
92.55  49.55  13.5436
92.55  50.05  13.7849
92.55  50.55  14.3543
92.55  51.05  14.8755
92.55  51.55  14.9484
92.55  52.05  14.3224
95.05  37.55  5.8681
95.05  38.05  6.19239
95.05  38.55  5.41337
95.05  39.05  5.14524
95.05  39.55  5.35416
95.05  40.05  5.04542
95.05  40.55  5.07715
95.05  41.05  5.71014
95.05  41.55  6.35346
95.05  42.05  6.35888
95.05  42.55  6.74638
95.05  43.05  7.16929
95.05  43.55  8.36073
95.05  44.05  8.74248
95.05  44.55  9.2371
95.05  45.05  9.81298
95.05  45.55  10.591
95.05  46.05  10.852
95.05  46.55  11.3837
95.05  47.05  12.2861
95.05  47.55  12.5843
95.05  48.05  12.7033
95.05  48.55  13.1496
95.05  49.05  13.8925
95.05  49.55  13.7822
95.05  50.05  13.9341
95.05  50.55  14.4991
95.05  51.05  15.0345
95.05  51.55  14.966
95.05  52.05  14.1856
97.55  37.55  6.5161
97.55  38.05  6.54384
97.55  38.55  5.02725
97.55  39.05  4.64049
97.55  39.55  5.07408
97.55  40.05  5.04307
97.55  40.55  5.00657
97.55  41.05  5.53815
97.55  41.55  6.26064
97.55  42.05  6.08199
97.55  42.55  6.78814
97.55  43.05  7.23089
97.55  43.55  8.10139
97.55  44.05  8.63464
97.55  44.55  9.12386
97.55  45.05  9.56169
97.55  45.55  10.7576
97.55  46.05  11.0161
97.55  46.55  11.4794
97.55  47.05  12.4236
97.55  47.55  12.6377
97.55  48.05  12.8238
97.55  48.55  13.0993
97.55  49.05  13.9803
97.55  49.55  13.9476
97.55  50.05  14.024
97.55  50.55  14.4553
97.55  51.05  15.0399
97.55  51.55  15.2058
97.55  52.05  14.6723
100.05  37.55  7.25499
100.05  38.05  6.47454
100.05  38.55  5.11717
100.05  39.05  4.95509
100.05  39.55  5.45473
100.05  40.05  5.32393
100.05  40.55  5.12029
100.05  41.05  5.57753
100.05  41.55  6.28538
100.05  42.05  6.44775
100.05  42.55  7.0615
100.05  43.05  7.30174
100.05  43.55  8.23424
100.05  44.05  8.59337
100.05  44.55  9.18062
100.05  45.05  9.87943
100.05  45.55  10.9076
100.05  46.05  11.2801
100.05  46.55  11.7605
100.05  47.05  12.5831
100.05  47.55  12.8396
100.05  48.05  13.0994
100.05  48.55  13.2292
100.05  49.05  14.1608
100.05  49.55  14.2078
100.05  50.05  14.1967
100.05  50.55  14.5545
100.05  51.05  15.1718
100.05  51.55  15.5732
100.05  52.05  15.2519
102.55  37.55  5.83201
102.55  38.05  5.64866
102.55  38.55  4.93127
102.55  39.05  5.23874
102.55  39.55  5.54523
102.55  40.05  5.50991
102.55  40.55  5.23638
102.55  41.05  5.49822
102.55  41.55  6.26615
102.55  42.05  6.49413
102.55  42.55  7.02629
102.55  43.05  7.35512
102.55  43.55  8.5276
102.55  44.05  8.73934
102.55  44.55  9.07442
102.55  45.05  9.76946
102.55  45.55  10.8729
102.55  46.05  11.5708
102.55  46.55  11.8613
102.55  47.05  12.5807
102.55  47.55  12.9784
102.55  48.05  13.2395
102.55  48.55  13.4789
102.55  49.05  14.1637
102.55  49.55  14.1579
102.55  50.05  14.2107
102.55  50.55  14.5873
102.55  51.05  15.1367
102.55  51.55  15.3766
102.55  52.05  14.6924
105.05  37.55  5.68993
105.05  38.05  5.78543
105.05  38.55  5.20432
105.05  39.05  4.93836
105.05  39.55  5.39032
105.05  40.05  5.47175
105.05  40.55  5.43456
105.05  41.05  5.7258
105.05  41.55  6.43962
105.05  42.05  6.74824
105.05  42.55  7.22638
105.05  43.05  7.6051
105.05  43.55  8.64478
105.05  44.05  9.11371
105.05  44.55  9.33664
105.05  45.05  10.0615
105.05  45.55  11.3786
105.05  46.05  11.952
105.05  46.55  12.0118
105.05  47.05  12.7284
105.05  47.55  13.2012
105.05  48.05  13.3835
105.05  48.55  13.7457
105.05  49.05  14.3848
105.05  49.55  14.2977
105.05  50.05  14.4089
105.05  50.55  14.8428
105.05  51.05  15.2657
105.05  51.55  15.2824
105.05  52.05  14.5423
107.55  37.55  5.86574
107.55  38.05  5.86749
107.55  38.55  5.11712
107.55  39.05  4.68168
107.55  39.55  5.20694
107.55  40.05  5.15805
107.55  40.55  5.24072
107.55  41.05  5.74205
107.55  41.55  6.58881
107.55  42.05  6.99017
107.55  42.55  7.36246
107.55  43.05  7.88938
107.55  43.55  8.76447
107.55  44.05  9.29382
107.55  44.55  9.56342
107.55  45.05  10.4062
107.55  45.55  11.7337
107.55  46.05  11.7845
107.55  46.55  11.8767
107.55  47.05  12.734
107.55  47.55  13.312
107.55  48.05  13.3774
107.55  48.55  13.7859
107.55  49.05  14.4235
107.55  49.55  14.3075
107.55  50.05  14.3885
107.55  50.55  14.8504
107.55  51.05  15.164
107.55  51.55  15.2343
107.55  52.05  14.7835
110.05  37.55  5.97392
110.05  38.05  5.92682
110.05  38.55  5.243
110.05  39.05  4.69314
110.05  39.55  5.15984
110.05  40.05  5.37803
110.05  40.55  5.32786
110.05  41.05  5.85385
110.05  41.55  6.88356
110.05  42.05  7.54416
110.05  42.55  8.08521
110.05  43.05  8.56496
110.05  43.55  9.29926
110.05  44.05  9.58971
110.05  44.55  9.88551
110.05  45.05  10.6121
110.05  45.55  11.7996
110.05  46.05  11.894
110.05  46.55  12.1645
110.05  47.05  12.9946
110.05  47.55  13.5704
110.05  48.05  13.6347
110.05  48.55  14.0903
110.05  49.05  14.6604
110.05  49.55  14.4237
110.05  50.05  14.4901
110.05  50.55  14.9575
110.05  51.05  15.2655
110.05  51.55  15.3935
110.05  52.05  14.5558
112.55  37.55  5.75621
112.55  38.05  5.735
112.55  38.55  5.01353
112.55  39.05  4.6329
112.55  39.55  5.0596
112.55  40.05  5.67415
112.55  40.55  5.64392
112.55  41.05  6.18343
112.55  41.55  6.99935
112.55  42.05  7.77017
112.55  42.55  8.34912
112.55  43.05  8.99135
112.55  43.55  9.72546
112.55  44.05  9.55376
112.55  44.55  9.82553
112.55  45.05  10.5749
112.55  45.55  11.6275
112.55  46.05  11.8161
112.55  46.55  12.2836
112.55  47.05  13.0205
112.55  47.55  13.7426
112.55  48.05  14.2311
112.55  48.55  14.8492
112.55  49.05  14.7784
112.55  49.55  14.4791
112.55  50.05  14.4657
112.55  50.55  14.9751
112.55  51.05  15.183
112.55  51.55  15.1266
112.55  52.05  14.135
115.05  37.55  6.02724
115.05  38.05  6.08685
115.05  38.55  5.23738
115.05  39.05  5.01868
115.05  39.55  5.71913
115.05  40.05  6.08571
115.05  40.55  5.84046
115.05  41.05  6.33425
115.05  41.55  7.26441
115.05  42.05  8.07779
115.05  42.55  8.58819
115.05  43.05  9.24358
115.05  43.55  9.96635
115.05  44.05  9.77955
115.05  44.55  9.95088
115.05  45.05  10.6311
115.05  45.55  11.6633
115.05  46.05  11.7403
115.05  46.55  12.2624
115.05  47.05  13.212
115.05  47.55  14.074
115.05  48.05  14.9585
115.05  48.55  15.7657
115.05  49.05  15.1887
115.05  49.55  14.7666
115.05  50.05  14.6619
115.05  50.55  15.1968
115.05  51.05  15.3893
115.05  51.55  15.2062
115.05  52.05  14.1065
117.55  37.55  6.17126
117.55  38.05  6.23217
117.55  38.55  5.31614
117.55  39.05  5.10157
117.55  39.55  6.02976
117.55  40.05  6.29634
117.55  40.55  5.81463
117.55  41.05  6.19659
117.55  41.55  7.42577
117.55  42.05  8.39692
117.55  42.55  8.69642
117.55  43.05  9.3002
117.55  43.55  9.95369
117.55  44.05  9.81443
117.55  44.55  9.87157
117.55  45.05  10.4848
117.55  45.55  11.5262
117.55  46.05  11.4047
117.55  46.55  11.9309
117.55  47.05  13.0648
117.55  47.55  14.1297
117.55  48.05  15.0665
117.55  48.55  15.8228
117.55  49.05  15.2269
117.55  49.55  14.6878
117.55  50.05  14.5966
117.55  50.55  15.1212
117.55  51.05  15.3124
117.55  51.55  15.1443
117.55  52.05  14.0508
120.05  37.55  6.00785
120.05  38.05  6.00224
120.05  38.55  5.21333
120.05  39.05  5.05753
120.05  39.55  6.30067
120.05  40.05  6.54071
120.05  40.55  5.5399
120.05  41.05  5.76805
120.05  41.55  7.55598
120.05  42.05  8.84265
120.05  42.55  8.85813
120.05  43.05  9.32854
120.05  43.55  9.76678
120.05  44.05  9.79649
120.05  44.55  9.83294
120.05  45.05  10.1227
120.05  45.55  11.1337
120.05  46.05  10.8595
120.05  46.55  11.404
120.05  47.05  12.6923
120.05  47.55  13.914
120.05  48.05  14.9405
120.05  48.55  15.7221
120.05  49.05  15.0532
120.05  49.55  14.4075
120.05  50.05  14.3248
120.05  50.55  14.8467
120.05  51.05  15.0943
120.05  51.55  14.9457
120.05  52.05  13.4656
122.55  38.05  6.13068
122.55  40.05  6.13093
122.55  40.55  5.60929
122.55  41.05  4.90279
122.55  41.55  7.06542
122.55  42.55  8.39043
122.55  43.05  8.31151
122.55  43.55  8.88034
122.55  44.55  9.44222
122.55  45.05  9.99515
122.55  45.55  11.1461
122.55  46.05  11.4222
122.55  46.55  10.8954
122.55  47.05  11.815
122.55  47.55  12.3856
122.55  48.05  13.8856
122.55  49.05  15.3171
122.55  49.55  13.867
122.55  50.05  14.1755
122.55  50.55  14.2818
122.55  51.05  15.0805
122.55  51.55  14.0478
