-42.45  47.55  7.44839
-39.95  38.05  11.5228
-39.95  38.55  10.4624
-39.95  39.05  10.2477
-39.95  39.55  10.1544
-39.95  40.05  9.49744
-39.95  40.55  9.35929
-39.95  41.05  9.40279
-39.95  41.55  11.1062
-39.95  42.05  9.61888
-39.95  42.55  9.32953
-39.95  43.55  10.4855
-39.95  44.05  10.1744
-39.95  44.55  9.79044
-39.95  45.05  9.94176
-39.95  46.05  9.34995
-39.95  46.55  8.60245
-39.95  47.05  9.02642
-39.95  47.55  9.24657
-39.95  48.05  10.1194
-39.95  48.55  10.5963
-39.95  49.05  11.7782
-39.95  50.05  11.6719
-39.95  50.55  11.0853
-39.95  51.05  11.0894
-39.95  51.55  11.7694
-37.45  37.55  10.4191
-37.45  38.05  10.3209
-37.45  38.55  9.64551
-37.45  39.05  9.50154
-37.45  39.55  9.52529
-37.45  40.05  8.77748
-37.45  40.55  8.47702
-37.45  41.05  8.79674
-37.45  41.55  9.60521
-37.45  42.05  8.70486
-37.45  42.55  8.54572
-37.45  43.05  8.72453
-37.45  43.55  8.50373
-37.45  44.05  8.63541
-37.45  44.55  9.03328
-37.45  45.05  8.87829
-37.45  45.55  8.47219
-37.45  46.05  8.06988
-37.45  46.55  8.00627
-37.45  47.05  8.03347
-37.45  47.55  8.42332
-37.45  48.05  8.98898
-37.45  48.55  9.30425
-37.45  49.05  9.87275
-37.45  49.55  9.92315
-37.45  50.05  9.85193
-37.45  50.55  10.1452
-37.45  51.05  10.4029
-37.45  51.55  10.3899
-37.45  52.05  9.60883
-34.95  37.55  8.65201
-34.95  38.05  8.573
-34.95  38.55  7.94849
-34.95  39.05  7.93999
-34.95  39.55  7.95971
-34.95  40.05  7.25132
-34.95  40.55  7.07033
-34.95  41.05  7.33072
-34.95  41.55  7.54305
-34.95  42.05  7.08787
-34.95  42.55  6.84602
-34.95  43.05  6.78469
-34.95  43.55  6.75472
-34.95  44.05  6.54024
-34.95  44.55  6.8687
-34.95  45.05  7.01166
-34.95  45.55  6.59132
-34.95  46.05  6.11383
-34.95  46.55  6.252
-34.95  47.05  6.8081
-34.95  47.55  6.81273
-34.95  48.05  7.12855
-34.95  48.55  7.36881
-34.95  49.05  8.1224
-34.95  49.55  8.01342
-34.95  50.05  8.03525
-34.95  50.55  8.59193
-34.95  51.05  8.74162
-34.95  51.55  8.81219
-34.95  52.05  7.98309
-32.45  37.55  8.60213
-32.45  38.05  8.67005
-32.45  38.55  8.20647
-32.45  39.05  8.32623
-32.45  39.55  8.1361
-32.45  40.05  7.34611
-32.45  40.55  7.31614
-32.45  41.05  7.57071
-32.45  41.55  7.34698
-32.45  42.05  7.01011
-32.45  42.55  7.13466
-32.45  43.05  7.21935
-32.45  43.55  7.12311
-32.45  44.05  6.62684
-32.45  44.55  6.57154
-32.45  45.05  6.77817
-32.45  45.55  6.79242
-32.45  46.05  6.28347
-32.45  46.55  6.29315
-32.45  47.05  7.07167
-32.45  47.55  6.86509
-32.45  48.05  7.11547
-32.45  48.55  7.43002
-32.45  49.05  8.36362
-32.45  49.55  8.15253
-32.45  50.05  8.25921
-32.45  50.55  8.79997
-32.45  51.05  8.88177
-32.45  51.55  8.89466
-32.45  52.05  7.97992
-29.95  37.55  8.95389
-29.95  38.05  8.94913
-29.95  38.55  8.24559
-29.95  39.05  8.21438
-29.95  39.55  8.27174
-29.95  40.05  7.54577
-29.95  40.55  7.39009
-29.95  41.05  7.52371
-29.95  41.55  7.40218
-29.95  42.05  7.05266
-29.95  42.55  7.19306
-29.95  43.05  7.16689
-29.95  43.55  7.35251
-29.95  44.05  7.08126
-29.95  44.55  6.64038
-29.95  45.05  6.87485
-29.95  45.55  6.66972
-29.95  46.05  6.2995
-29.95  46.55  6.52119
-29.95  47.05  6.81482
-29.95  47.55  6.73228
-29.95  48.05  6.83087
-29.95  48.55  7.32549
-29.95  49.05  8.1505
-29.95  49.55  8.15955
-29.95  50.05  8.36945
-29.95  50.55  8.91118
-29.95  51.05  9.00522
-29.95  51.55  8.96107
-29.95  52.05  8.19998
-27.45  37.55  9.00858
-27.45  38.05  9.0896
-27.45  38.55  7.98742
-27.45  39.05  7.78903
-27.45  39.55  8.25842
-27.45  40.05  7.85484
-27.45  40.55  7.38748
-27.45  41.05  7.32639
-27.45  41.55  7.22245
-27.45  42.05  6.75285
-27.45  42.55  6.88262
-27.45  43.05  6.94139
-27.45  43.55  7.46912
-27.45  44.05  7.11679
-27.45  44.55  6.73215
-27.45  45.05  6.91907
-27.45  45.55  6.49208
-27.45  46.05  6.31484
-27.45  46.55  6.67599
-27.45  47.05  6.5709
-27.45  47.55  6.51305
-27.45  48.05  6.43984
-27.45  48.55  6.80473
-27.45  49.05  7.6121
-27.45  49.55  7.96279
-27.45  50.05  8.23464
-27.45  50.55  8.74126
-27.45  51.05  8.90865
-27.45  51.55  8.83322
-27.45  52.05  8.10178
-24.95  37.55  8.48316
-24.95  38.05  8.64628
-24.95  38.55  7.87823
-24.95  39.05  7.84216
-24.95  39.55  8.43532
-24.95  40.05  8.08101
-24.95  40.55  7.51324
-24.95  41.05  7.58904
-24.95  41.55  7.26111
-24.95  42.05  6.61926
-24.95  42.55  6.70224
-24.95  43.05  6.78487
-24.95  43.55  7.43501
-24.95  44.05  6.86467
-24.95  44.55  6.54182
-24.95  45.05  6.87032
-24.95  45.55  6.46052
-24.95  46.05  6.50446
-24.95  46.55  6.79025
-24.95  47.05  6.79473
-24.95  47.55  6.52689
-24.95  48.05  6.23182
-24.95  48.55  6.50625
-24.95  49.05  7.50632
-24.95  49.55  7.59473
-24.95  50.05  7.93231
-24.95  50.55  8.71698
-24.95  51.05  8.97913
-24.95  51.55  8.83754
-24.95  52.05  7.95866
-22.45  37.55  7.55049
-22.45  38.05  7.91726
-22.45  38.55  7.52388
-22.45  39.05  7.76817
-22.45  39.55  8.23524
-22.45  40.05  7.67569
-22.45  40.55  7.33794
-22.45  41.05  7.59518
-22.45  41.55  7.16961
-22.45  42.05  6.54881
-22.45  42.55  6.61476
-22.45  43.05  6.4925
-22.45  43.55  6.51083
-22.45  44.05  6.26298
-22.45  44.55  6.2192
-22.45  45.05  6.68117
-22.45  45.55  6.18922
-22.45  46.05  6.21736
-22.45  46.55  6.50322
-22.45  47.05  6.64092
-22.45  47.55  6.38898
-22.45  48.05  6.10757
-22.45  48.55  6.46979
-22.45  49.05  7.26455
-22.45  49.55  7.10897
-22.45  50.05  7.51948
-22.45  50.55  8.48324
-22.45  51.05  8.89543
-22.45  51.55  8.79691
-22.45  52.05  8.04328
-22.45  52.55  3.84903
-19.95  37.55  6.92753
-19.95  38.05  7.65384
-19.95  38.55  7.3765
-19.95  39.05  7.68259
-19.95  39.55  7.99991
-19.95  40.05  7.54236
-19.95  40.55  7.35217
-19.95  41.05  7.4512
-19.95  41.55  7.30161
-19.95  42.05  6.64467
-19.95  42.55  6.7331
-19.95  43.05  6.65251
-19.95  43.55  6.20245
-19.95  44.05  6.02596
-19.95  44.55  6.17214
-19.95  45.05  6.57514
-19.95  45.55  6.30899
-19.95  46.05  6.21365
-19.95  46.55  6.56672
-19.95  47.05  6.72464
-19.95  47.55  6.49526
-19.95  48.05  6.22207
-19.95  48.55  6.62455
-19.95  49.05  7.42334
-19.95  49.55  7.24185
-19.95  50.05  7.5278
-19.95  50.55  8.47646
-19.95  51.05  9.12755
-19.95  51.55  9.04893
-19.95  52.05  8.29155
-17.45  37.55  6.73612
-17.45  38.05  7.44432
-17.45  38.55  7.09851
-17.45  39.05  7.26527
-17.45  39.55  7.8539
-17.45  40.05  7.27863
-17.45  40.55  7.04142
-17.45  41.05  7.16443
-17.45  41.55  7.2838
-17.45  42.05  6.57297
-17.45  42.55  6.62686
-17.45  43.05  6.63737
-17.45  43.55  6.11499
-17.45  44.05  6.00545
-17.45  44.55  6.01199
-17.45  45.05  6.30827
-17.45  45.55  6.09933
-17.45  46.05  6.13623
-17.45  46.55  6.40911
-17.45  47.05  6.69176
-17.45  47.55  6.35737
-17.45  48.05  6.0681
-17.45  48.55  6.51023
-17.45  49.05  7.54036
-17.45  49.55  7.44386
-17.45  50.05  7.60479
-17.45  50.55  8.30475
-17.45  51.05  9.0135
-17.45  51.55  9.02614
-17.45  52.05  8.29043
-14.95  37.55  6.76342
-14.95  38.05  7.46672
-14.95  38.55  7.1843
-14.95  39.05  7.05361
-14.95  39.55  7.7505
-14.95  40.05  7.08225
-14.95  40.55  6.85946
-14.95  41.05  6.9169
-14.95  41.55  7.06798
-14.95  42.05  6.60408
-14.95  42.55  6.67082
-14.95  43.05  6.72084
-14.95  43.55  6.72906
-14.95  44.05  6.27237
-14.95  44.55  5.87452
-14.95  45.05  6.16262
-14.95  45.55  5.85739
-14.95  46.05  6.12004
-14.95  46.55  6.1976
-14.95  47.05  6.25214
-14.95  47.55  6.32969
-14.95  48.05  6.35753
-14.95  48.55  6.82692
-14.95  49.05  7.59086
-14.95  49.55  7.63561
-14.95  50.05  7.79812
-14.95  50.55  8.36786
-14.95  51.05  9.07666
-14.95  51.55  9.1187
-14.95  52.05  8.43528
-12.45  37.55  6.75101
-12.45  38.05  7.27497
-12.45  38.55  6.89367
-12.45  39.05  6.82695
-12.45  39.55  7.08753
-12.45  40.05  6.57903
-12.45  40.55  6.58015
-12.45  41.05  6.81493
-12.45  41.55  6.6108
-12.45  42.05  6.43245
-12.45  42.55  6.49763
-12.45  43.05  6.53792
-12.45  43.55  6.79574
-12.45  44.05  6.19022
-12.45  44.55  5.76645
-12.45  45.05  5.95512
-12.45  45.55  5.527
-12.45  46.05  5.92977
-12.45  46.55  6.02752
-12.45  47.05  5.95505
-12.45  47.55  6.17469
-12.45  48.05  6.53656
-12.45  48.55  6.81432
-12.45  49.05  7.36513
-12.45  49.55  7.56666
-12.45  50.05  7.61297
-12.45  50.55  8.26855
-12.45  51.05  8.96823
-12.45  51.55  8.98236
-12.45  52.05  8.3705
-9.95  37.55  7.57165
-9.95  38.05  7.43686
-9.95  38.55  6.6031
-9.95  39.05  6.80878
-9.95  39.55  6.93178
-9.95  40.05  6.31992
-9.95  40.55  6.30528
-9.95  41.05  6.59017
-9.95  41.55  6.57807
-9.95  42.05  6.4763
-9.95  42.55  6.47701
-9.95  43.05  6.48434
-9.95  43.55  6.53324
-9.95  44.05  6.04382
-9.95  44.55  5.85777
-9.95  45.05  5.99494
-9.95  45.55  5.80998
-9.95  46.05  6.15638
-9.95  46.55  6.32939
-9.95  47.05  6.80447
-9.95  47.55  6.40458
-9.95  48.05  6.6541
-9.95  48.55  6.78718
-9.95  49.05  7.36615
-9.95  49.55  7.64345
-9.95  50.05  7.61727
-9.95  50.55  8.4087
-9.95  51.05  8.99225
-9.95  51.55  8.91244
-9.95  52.05  8.22354
-7.45  37.55  6.98029
-7.45  38.05  7.24097
-7.45  38.55  6.43326
-7.45  39.05  6.56017
-7.45  39.55  6.8182
-7.45  40.05  6.26734
-7.45  40.55  6.03065
-7.45  41.05  6.27998
-7.45  41.55  6.45583
-7.45  42.05  6.31638
-7.45  42.55  6.281
-7.45  43.05  6.21932
-7.45  43.55  6.24924
-7.45  44.05  5.8143
-7.45  44.55  5.70101
-7.45  45.05  5.8384
-7.45  45.55  5.78173
-7.45  46.05  5.82498
-7.45  46.55  6.0243
-7.45  47.05  6.67242
-7.45  47.55  6.12029
-7.45  48.05  6.36196
-7.45  48.55  6.64083
-7.45  49.05  7.08437
-7.45  49.55  7.44646
-7.45  50.05  7.62399
-7.45  50.55  8.30102
-7.45  51.05  8.8345
-7.45  51.55  8.77715
-7.45  52.05  8.09646
-4.95  37.55  6.77713
-4.95  38.05  7.26749
-4.95  38.55  6.80143
-4.95  39.05  6.59658
-4.95  39.55  6.62302
-4.95  40.05  6.36505
-4.95  40.55  6.10252
-4.95  41.05  6.37946
-4.95  41.55  6.52922
-4.95  42.05  6.0899
-4.95  42.55  6.09435
-4.95  43.05  6.06697
-4.95  43.55  6.21047
-4.95  44.05  6.05431
-4.95  44.55  5.92417
-4.95  45.05  6.02646
-4.95  45.55  5.73991
-4.95  46.05  5.78422
-4.95  46.55  5.99753
-4.95  47.05  6.40144
-4.95  47.55  6.1662
-4.95  48.05  6.24297
-4.95  48.55  6.69058
-4.95  49.05  7.36038
-4.95  49.55  7.58738
-4.95  50.05  7.84581
-4.95  50.55  8.44775
-4.95  51.05  8.93262
-4.95  51.55  8.94128
-4.95  52.05  8.1763
-2.45  37.55  6.91432
-2.45  38.05  7.21313
-2.45  38.55  6.72205
-2.45  39.05  6.46842
-2.45  39.55  6.35731
-2.45  40.05  6.38227
-2.45  40.55  6.03599
-2.45  41.05  6.13687
-2.45  41.55  6.11172
-2.45  42.05  5.56964
-2.45  42.55  5.61457
-2.45  43.05  5.80324
-2.45  43.55  6.0098
-2.45  44.05  6.1713
-2.45  44.55  6.15613
-2.45  45.05  5.91964
-2.45  45.55  5.53199
-2.45  46.05  5.58139
-2.45  46.55  5.83703
-2.45  47.05  6.09426
-2.45  47.55  5.98879
-2.45  48.05  6.14731
-2.45  48.55  6.50219
-2.45  49.05  7.22714
-2.45  49.55  7.52536
-2.45  50.05  7.78302
-2.45  50.55  8.40812
-2.45  51.05  8.87394
-2.45  51.55  9.00008
-2.45  52.05  8.23562
0.05  37.55  7.27091
0.05  38.05  7.26135
0.05  38.55  6.62236
0.05  39.05  6.42212
0.05  39.55  6.42735
0.05  40.05  6.3764
0.05  40.55  6.23488
0.05  41.05  6.34801
0.05  41.55  5.98664
0.05  42.05  5.62169
0.05  42.55  5.67524
0.05  43.05  5.9525
0.05  43.55  6.04476
0.05  44.05  5.9393
0.05  44.55  5.87185
0.05  45.05  5.7377
0.05  45.55  5.29658
0.05  46.05  5.31362
0.05  46.55  5.60147
0.05  47.05  5.81665
0.05  47.55  5.89853
0.05  48.05  6.23915
0.05  48.55  6.44283
0.05  49.05  7.20169
0.05  49.55  7.2226
0.05  50.05  7.37482
0.05  50.55  8.18166
0.05  51.05  8.71647
0.05  51.55  9.17348
0.05  52.05  9.56396
2.55  37.55  6.92768
2.55  38.05  7.26
2.55  38.55  6.57182
2.55  39.05  6.53393
2.55  39.55  6.60017
2.55  40.05  6.20382
2.55  40.55  6.43205
2.55  41.05  6.84005
2.55  41.55  5.70077
2.55  42.05  5.48371
2.55  42.55  5.64085
2.55  43.05  5.87395
2.55  43.55  5.62556
2.55  44.05  5.16161
2.55  44.55  5.08552
2.55  45.05  5.4486
2.55  45.55  5.15508
2.55  46.05  5.15147
2.55  46.55  5.44175
2.55  47.05  5.51462
2.55  47.55  5.45217
2.55  48.05  5.93577
2.55  48.55  6.37611
2.55  49.05  7.00548
2.55  49.55  6.70019
2.55  50.05  6.90129
2.55  50.55  7.77947
2.55  51.05  8.26656
2.55  51.55  8.49514
2.55  52.05  7.95693
5.05  37.55  6.71622
5.05  38.05  7.28409
5.05  38.55  6.71576
5.05  39.05  6.92929
5.05  39.55  7.33245
5.05  40.05  6.49477
5.05  40.55  6.65726
5.05  41.05  7.20007
5.05  41.55  6.00819
5.05  42.05  5.61113
5.05  42.55  5.72546
5.05  43.05  5.91488
5.05  43.55  5.74924
5.05  44.05  5.01534
5.05  44.55  4.81825
5.05  45.05  5.32296
5.05  45.55  5.0119
5.05  46.05  5.0887
5.05  46.55  5.41691
5.05  47.05  5.78085
5.05  47.55  5.36815
5.05  48.05  5.64966
5.05  48.55  6.29455
5.05  49.05  6.89965
5.05  49.55  6.65025
5.05  50.05  6.96744
5.05  50.55  7.76296
5.05  51.05  8.20207
5.05  51.55  8.18622
5.05  52.05  7.30941
7.55  37.55  6.58611
7.55  38.05  7.22201
7.55  38.55  6.73434
7.55  39.05  6.85695
7.55  39.55  7.51608
7.55  40.05  6.49748
7.55  40.55  6.08074
7.55  41.05  6.18259
7.55  41.55  5.90735
7.55  42.05  5.22989
7.55  42.55  5.45997
7.55  43.05  5.8545
7.55  43.55  5.85184
7.55  44.05  4.84974
7.55  44.55  4.53388
7.55  45.05  5.1732
7.55  45.55  4.80156
7.55  46.05  4.76248
7.55  46.55  5.22493
7.55  47.05  5.74324
7.55  47.55  5.40168
7.55  48.05  5.38137
7.55  48.55  5.90709
7.55  49.05  6.53729
7.55  49.55  6.42669
7.55  50.05  6.88465
7.55  50.55  7.72964
7.55  51.05  8.03508
7.55  51.55  8.15825
7.55  52.05  7.43617
10.05  37.55  6.86639
10.05  38.05  7.52608
10.05  38.55  7.04282
10.05  39.05  6.95126
10.05  39.55  7.3082
10.05  40.05  6.61159
10.05  40.55  5.98538
10.05  41.05  6.01064
10.05  41.55  5.85605
10.05  42.05  5.13736
10.05  42.55  5.37406
10.05  43.05  5.70552
10.05  43.55  5.83942
10.05  44.05  5.35132
10.05  44.55  5.015
10.05  45.05  5.36922
10.05  45.55  5.15444
10.05  46.05  4.82198
10.05  46.55  5.13182
10.05  47.05  5.45711
10.05  47.55  5.35762
10.05  48.05  5.3566
10.05  48.55  5.76315
10.05  49.05  6.43127
10.05  49.55  6.32489
10.05  50.05  6.85183
10.05  50.55  7.75881
10.05  51.05  8.37313
10.05  51.55  8.6244
10.05  52.05  8.36555
12.55  37.55  7.25669
12.55  38.05  7.94089
12.55  38.55  7.24095
12.55  39.05  7.03558
12.55  39.55  7.23906
12.55  40.05  6.72699
12.55  40.55  6.16651
12.55  41.05  6.22079
12.55  41.55  5.79289
12.55  42.05  5.13378
12.55  42.55  5.23521
12.55  43.05  5.31401
12.55  43.55  5.73468
12.55  44.05  5.44284
12.55  44.55  5.31056
12.55  45.05  5.41197
12.55  45.55  5.1917
12.55  46.05  4.85084
12.55  46.55  4.97687
12.55  47.05  5.16483
12.55  47.55  5.05541
12.55  48.05  5.18824
12.55  48.55  5.52552
12.55  49.05  6.22654
12.55  49.55  6.19102
12.55  50.05  6.71919
12.55  50.55  7.53854
12.55  51.05  8.2682
12.55  51.55  8.5067
12.55  52.05  7.7404
15.05  37.55  7.56408
15.05  38.05  7.92632
15.05  38.55  7.22832
15.05  39.05  7.11863
15.05  39.55  7.39617
15.05  40.05  6.9408
15.05  40.55  6.49128
15.05  41.05  6.52742
15.05  41.55  6.34351
15.05  42.05  5.46596
15.05  42.55  5.35159
15.05  43.05  5.2415
15.05  43.55  5.74518
15.05  44.05  5.50063
15.05  44.55  5.48215
15.05  45.05  5.67541
15.05  45.55  5.44846
15.05  46.05  5.12752
15.05  46.55  5.17415
15.05  47.05  5.51182
15.05  47.55  5.19213
15.05  48.05  5.24481
15.05  48.55  5.51831
15.05  49.05  6.27493
15.05  49.55  6.38318
15.05  50.05  6.91002
15.05  50.55  7.4748
15.05  51.05  8.28671
15.05  51.55  8.4391
15.05  52.05  7.8709
17.55  37.55  6.7838
17.55  38.05  7.38932
17.55  38.55  7.05499
17.55  39.05  6.84268
17.55  39.55  7.25766
17.55  40.05  7.08371
17.55  40.55  6.701
17.55  41.05  6.56088
17.55  41.55  6.13073
17.55  42.05  5.24737
17.55  42.55  5.20249
17.55  43.05  5.08743
17.55  43.55  5.68103
17.55  44.05  5.41665
17.55  44.55  5.2986
17.55  45.05  5.67525
17.55  45.55  5.39028
17.55  46.05  5.11994
17.55  46.55  5.32126
17.55  47.05  5.77201
17.55  47.55  5.31458
17.55  48.05  5.12554
17.55  48.55  5.43005
17.55  49.05  6.27171
17.55  49.55  6.46519
17.55  50.05  6.87347
17.55  50.55  7.31086
17.55  51.05  8.05854
17.55  51.55  8.28118
17.55  52.05  7.86043
20.05  37.55  6.66609
20.05  38.05  7.57704
20.05  38.55  7.4501
20.05  39.05  6.92045
20.05  39.55  7.44502
20.05  40.05  7.11837
20.05  40.55  6.64049
20.05  41.05  6.51091
20.05  41.55  6.24838
20.05  42.05  5.27598
20.05  42.55  5.02968
20.05  43.05  5.13688
20.05  43.55  5.69834
20.05  44.05  5.35904
20.05  44.55  5.22457
20.05  45.05  5.83358
20.05  45.55  5.24109
20.05  46.05  5.15404
20.05  46.55  5.52336
20.05  47.05  5.79984
20.05  47.55  5.51672
20.05  48.05  5.18786
20.05  48.55  5.60075
20.05  49.05  6.54379
20.05  49.55  6.49056
20.05  50.05  6.82967
20.05  50.55  7.32272
20.05  51.05  7.90994
20.05  51.55  8.15495
20.05  52.05  7.92851
22.55  37.55  6.87576
22.55  38.05  7.59248
22.55  38.55  7.69192
22.55  39.05  7.1757
22.55  39.55  7.2725
22.55  40.05  6.85433
22.55  40.55  6.43728
22.55  41.05  6.43419
22.55  41.55  6.02568
22.55  42.05  5.1195
22.55  42.55  4.67485
22.55  43.05  5.0303
22.55  43.55  5.68733
22.55  44.05  5.32323
22.55  44.55  5.25906
22.55  45.05  5.77664
22.55  45.55  5.29704
22.55  46.05  5.17961
22.55  46.55  5.59849
22.55  47.05  5.62732
22.55  47.55  5.47718
22.55  48.05  5.3528
22.55  48.55  5.80253
22.55  49.05  6.67316
22.55  49.55  6.27668
22.55  50.05  6.7694
22.55  50.55  7.20405
22.55  51.05  7.60897
22.55  51.55  7.69137
22.55  52.05  7.2885
25.05  37.55  6.96498
25.05  38.05  7.555
25.05  38.55  7.38691
25.05  39.05  7.29487
25.05  39.55  7.40145
25.05  40.05  6.9411
25.05  40.55  6.41853
25.05  41.05  6.4246
25.05  41.55  5.92985
25.05  42.05  5.59347
25.05  42.55  5.09055
25.05  43.05  5.129
25.05  43.55  5.64035
25.05  44.05  5.48373
25.05  44.55  5.61775
25.05  45.05  6.05223
25.05  45.55  6.10995
25.05  46.05  5.75134
25.05  46.55  5.81167
25.05  47.05  5.93819
25.05  47.55  5.63513
25.05  48.05  5.55774
25.05  48.55  5.95588
25.05  49.05  6.47739
25.05  49.55  6.54306
25.05  50.05  7.08983
25.05  50.55  7.2782
25.05  51.05  7.52492
25.05  51.55  7.45442
25.05  52.05  6.73043
27.55  37.55  6.733
27.55  38.05  7.26723
27.55  38.55  6.97108
27.55  39.05  6.98226
27.55  39.55  7.20561
27.55  40.05  6.95146
27.55  40.55  6.3661
27.55  41.05  5.94094
27.55  41.55  5.66248
27.55  42.05  5.5482
27.55  42.55  5.12886
27.55  43.05  5.00396
27.55  43.55  5.26741
27.55  44.05  5.23999
27.55  44.55  5.41504
27.55  45.05  6.13891
27.55  45.55  6.03189
27.55  46.05  5.85288
27.55  46.55  5.86634
27.55  47.05  5.91202
27.55  47.55  5.66397
27.55  48.05  5.62748
27.55  48.55  5.85611
27.55  49.05  6.33859
27.55  49.55  6.58002
27.55  50.05  7.06474
27.55  50.55  7.07329
27.55  51.05  7.28303
27.55  51.55  7.36299
27.55  52.05  6.73818
30.05  37.55  6.55234
30.05  38.05  7.05073
30.05  38.55  6.99577
30.05  39.05  7.00353
30.05  39.55  7.31948
30.05  40.05  7.31678
30.05  40.55  6.83539
30.05  41.05  5.88525
30.05  41.55  5.43668
30.05  42.05  5.332
30.05  42.55  5.08844
30.05  43.05  5.10604
30.05  43.55  5.40085
30.05  44.05  5.37219
30.05  44.55  5.45665
30.05  45.05  6.09962
30.05  45.55  5.79919
30.05  46.05  5.73564
30.05  46.55  6.0083
30.05  47.05  6.14938
30.05  47.55  5.83672
30.05  48.05  5.87453
30.05  48.55  5.97127
30.05  49.05  6.45622
30.05  49.55  6.47215
30.05  50.05  7.03266
30.05  50.55  7.32467
30.05  51.05  7.57119
30.05  51.55  7.84307
30.05  52.05  7.59632
32.55  37.55  5.92973
32.55  38.05  6.46379
32.55  38.55  6.18686
32.55  39.05  6.2326
32.55  39.55  7.38614
32.55  40.05  6.24796
32.55  40.55  5.65706
32.55  41.05  5.65521
32.55  41.55  5.20135
32.55  42.05  4.92742
32.55  42.55  4.87428
32.55  43.05  4.86746
32.55  43.55  5.32686
32.55  44.05  5.44476
32.55  44.55  5.45355
32.55  45.05  5.96619
32.55  45.55  5.58624
32.55  46.05  5.62633
32.55  46.55  5.94107
32.55  47.05  6.13426
32.55  47.55  5.65363
32.55  48.05  5.76749
32.55  48.55  5.98466
32.55  49.05  6.31509
32.55  49.55  6.22574
32.55  50.05  6.69242
32.55  50.55  7.37473
32.55  51.05  7.73713
32.55  51.55  7.85452
32.55  52.05  7.4949
35.05  37.55  5.82235
35.05  38.05  6.42356
35.05  38.55  6.0318
35.05  39.05  6.16871
35.05  39.55  6.61109
35.05  40.05  5.2563
35.05  40.55  4.75474
35.05  41.05  5.13452
35.05  41.55  5.18699
35.05  42.05  4.59327
35.05  42.55  4.67603
35.05  43.05  4.86813
35.05  43.55  5.62766
35.05  44.05  5.58635
35.05  44.55  5.56254
35.05  45.05  5.8897
35.05  45.55  5.3803
35.05  46.05  5.53566
35.05  46.55  5.64583
35.05  47.05  6.05007
35.05  47.55  5.71849
35.05  48.05  5.78615
35.05  48.55  5.95908
35.05  49.05  6.35447
35.05  49.55  6.34473
35.05  50.05  6.64417
35.05  50.55  7.39173
35.05  51.05  7.73056
35.05  51.55  7.71601
35.05  52.05  6.98652
37.55  37.55  5.95517
37.55  38.05  6.49119
37.55  38.55  5.88955
37.55  39.05  5.85869
37.55  39.55  5.75485
37.55  40.05  5.18534
37.55  40.55  4.71552
37.55  41.05  4.64897
37.55  41.55  5.10949
37.55  42.05  4.31015
37.55  42.55  4.4067
37.55  43.05  4.87802
37.55  43.55  5.63016
37.55  44.05  5.51819
37.55  44.55  5.49414
37.55  45.05  5.42757
37.55  45.55  5.07216
37.55  46.05  4.97794
37.55  46.55  5.15156
37.55  47.05  5.91709
37.55  47.55  5.68397
37.55  48.05  5.63181
37.55  48.55  5.76186
37.55  49.05  6.20316
37.55  49.55  6.29732
37.55  50.05  6.59494
37.55  50.55  7.27477
37.55  51.05  7.46649
37.55  51.55  7.49756
37.55  52.05  6.92088
40.05  37.55  6.02827
40.05  38.05  6.51478
40.05  38.55  6.02993
40.05  39.05  5.90728
40.05  39.55  5.64208
40.05  40.05  4.92415
40.05  40.55  4.66558
40.05  41.05  4.50708
40.05  41.55  4.81573
40.05  42.05  4.68072
40.05  42.55  4.68147
40.05  43.05  4.98143
40.05  43.55  5.53757
40.05  44.05  5.12104
40.05  44.55  5.28305
40.05  45.05  5.43425
40.05  45.55  5.13651
40.05  46.05  4.96763
40.05  46.55  5.32352
40.05  47.05  5.84867
40.05  47.55  5.71023
40.05  48.05  5.70537
40.05  48.55  5.97552
40.05  49.05  6.45807
40.05  49.55  6.4143
40.05  50.05  6.61981
40.05  50.55  7.14101
40.05  51.05  7.24403
40.05  51.55  7.35049
40.05  52.05  6.79626
42.55  37.55  5.88027
42.55  38.05  6.39765
42.55  38.55  6.14228
42.55  39.05  6.03236
42.55  39.55  5.38746
42.55  40.05  4.42828
42.55  40.55  4.25131
42.55  41.05  4.28743
42.55  41.55  4.4825
42.55  42.05  4.70942
42.55  42.55  4.45523
42.55  43.05  4.77942
42.55  43.55  5.34436
42.55  44.05  4.65932
42.55  44.55  4.82786
42.55  45.05  5.15438
42.55  45.55  4.93401
42.55  46.05  4.94552
42.55  46.55  5.17892
42.55  47.05  5.62424
42.55  47.55  5.54369
42.55  48.05  5.52897
42.55  48.55  5.92314
42.55  49.05  6.46457
42.55  49.55  6.29889
42.55  50.05  6.41736
42.55  50.55  6.83815
42.55  51.05  6.94253
42.55  51.55  6.91569
42.55  52.05  6.31317
45.05  37.55  6.11197
45.05  38.05  6.59571
45.05  38.55  6.21536
45.05  39.05  6.05206
45.05  39.55  5.41205
45.05  40.05  4.62683
45.05  40.55  4.53459
45.05  41.05  4.3241
45.05  41.55  4.27179
45.05  42.05  4.00123
45.05  42.55  3.9442
45.05  43.05  4.63428
45.05  43.55  5.0115
45.05  44.05  4.3472
45.05  44.55  4.42256
45.05  45.05  4.88697
45.05  45.55  5.01325
45.05  46.05  4.95007
45.05  46.55  5.184
45.05  47.05  5.66134
45.05  47.55  5.58461
45.05  48.05  5.47632
45.05  48.55  5.9566
45.05  49.05  6.38623
45.05  49.55  6.29718
45.05  50.05  6.40011
45.05  50.55  6.87963
45.05  51.05  6.91796
45.05  51.55  6.76056
45.05  52.05  6.0009
47.55  37.55  6.23347
47.55  38.05  6.70175
47.55  38.55  5.69151
47.55  39.05  5.22329
47.55  39.55  5.20843
47.55  40.05  4.42153
47.55  40.55  4.09456
47.55  41.05  4.33246
47.55  41.55  3.73431
47.55  42.05  3.39652
47.55  42.55  3.63917
47.55  43.05  4.25029
47.55  43.55  4.29705
47.55  44.05  3.94384
47.55  44.55  4.1756
47.55  45.05  4.64002
47.55  45.55  5.09188
47.55  46.05  4.76587
47.55  46.55  5.1613
47.55  47.05  5.50651
47.55  47.55  5.30686
47.55  48.05  5.48706
47.55  48.55  5.97
47.55  49.05  6.08304
47.55  49.55  5.96498
47.55  50.05  6.25322
47.55  50.55  6.75486
47.55  51.05  6.79671
47.55  51.55  6.67697
47.55  52.05  6.04592
50.05  37.55  6.90617
50.05  38.05  6.67008
50.05  38.55  5.70425
50.05  39.05  4.9139
50.05  39.55  4.7893
50.05  40.05  4.40841
50.05  40.55  3.8079
50.05  41.05  4.17899
50.05  41.55  3.77916
50.05  42.05  3.28115
50.05  42.55  3.51906
50.05  43.05  3.49974
50.05  43.55  3.76506
50.05  44.05  3.86361
50.05  44.55  4.32351
50.05  45.05  4.72728
50.05  45.55  4.74542
50.05  46.05  4.45735
50.05  46.55  5.17311
50.05  47.05  5.5247
50.05  47.55  5.31714
50.05  48.05  5.56561
50.05  48.55  5.78
50.05  49.05  6.07223
50.05  49.55  5.93531
50.05  50.05  6.35196
50.05  50.55  6.87205
50.05  51.05  6.91171
50.05  51.55  6.85846
50.05  52.05  6.18012
52.55  37.55  6.12115
52.55  38.05  5.8082
52.55  38.55  5.05645
52.55  39.05  4.66941
52.55  39.55  4.27235
52.55  40.05  4.01645
52.55  40.55  3.80145
52.55  41.05  3.842
52.55  41.55  3.61785
52.55  42.05  3.2044
52.55  42.55  3.30331
52.55  43.05  3.06894
52.55  43.55  3.36859
52.55  44.05  3.67807
52.55  44.55  4.17391
52.55  45.05  4.52192
52.55  45.55  4.33703
52.55  46.05  4.18603
52.55  46.55  4.8521
52.55  47.05  5.41041
52.55  47.55  5.17713
52.55  48.05  5.21389
52.55  48.55  5.2811
52.55  49.05  5.93458
52.55  49.55  5.8472
52.55  50.05  6.15901
52.55  50.55  6.7095
52.55  51.05  6.81076
52.55  51.55  6.89727
52.55  52.05  6.37241
55.05  37.55  5.24106
55.05  38.05  5.05014
55.05  38.55  4.22823
55.05  39.05  4.4887
55.05  39.55  4.22053
55.05  40.05  3.70111
55.05  40.55  3.81656
55.05  41.05  3.3213
55.05  41.55  3.02791
55.05  42.05  3.02946
55.05  42.55  3.0811
55.05  43.05  2.93349
55.05  43.55  3.24828
55.05  44.05  3.44898
55.05  44.55  3.99515
55.05  45.05  4.13042
55.05  45.55  4.08289
55.05  46.05  4.09679
55.05  46.55  4.49991
55.05  47.05  5.21131
55.05  47.55  5.26694
55.05  48.05  5.25877
55.05  48.55  5.44142
55.05  49.05  6.1985
55.05  49.55  5.96661
55.05  50.05  6.15005
55.05  50.55  6.58767
55.05  51.05  6.84759
55.05  51.55  7.0576
55.05  52.05  6.9028
57.55  37.55  4.73537
57.55  38.05  4.69308
57.55  38.55  3.74726
57.55  39.05  4.03101
57.55  39.55  4.29185
57.55  40.05  3.5607
57.55  40.55  3.30152
57.55  41.05  2.91271
57.55  41.55  2.51706
57.55  42.05  2.19378
57.55  42.55  2.51984
57.55  43.05  2.63059
57.55  43.55  2.94987
57.55  44.05  3.03226
57.55  44.55  3.38021
57.55  45.05  3.73752
57.55  45.55  3.86204
57.55  46.05  3.83115
57.55  46.55  4.17028
57.55  47.05  4.87057
57.55  47.55  5.09273
57.55  48.05  5.17026
57.55  48.55  5.34529
57.55  49.05  6.02015
57.55  49.55  5.74662
57.55  50.05  5.87871
57.55  50.55  6.37881
57.55  51.05  6.67904
57.55  51.55  6.76664
57.55  52.05  6.24155
60.05  37.55  4.2144
60.05  38.05  4.35472
60.05  38.55  3.53469
60.05  39.05  3.70744
60.05  39.55  4.07428
60.05  40.05  3.52031
60.05  40.55  2.98151
60.05  41.05  2.92219
60.05  41.55  2.50111
60.05  42.05  2.05708
60.05  42.55  2.29571
60.05  43.05  2.49472
60.05  43.55  3.14147
60.05  44.05  3.02686
60.05  44.55  3.11763
60.05  45.05  3.84817
60.05  45.55  3.92645
60.05  46.05  3.87937
60.05  46.55  4.22102
60.05  47.05  4.84416
60.05  47.55  5.09082
60.05  48.05  5.23173
60.05  48.55  5.46015
60.05  49.05  5.87728
60.05  49.55  5.73777
60.05  50.05  5.87171
60.05  50.55  6.43917
60.05  51.05  6.74826
60.05  51.55  6.69479
60.05  52.05  5.73115
62.55  37.55  3.32086
62.55  38.05  3.60618
62.55  38.55  3.25599
62.55  39.05  3.34374
62.55  39.55  3.75046
62.55  40.05  3.24123
62.55  40.55  2.81989
62.55  41.05  2.71648
62.55  41.55  2.36616
62.55  42.05  1.89848
62.55  42.55  1.97047
62.55  43.05  2.30516
62.55  43.55  3.03706
62.55  44.05  2.92882
62.55  44.55  3.13894
62.55  45.05  4.05284
62.55  45.55  3.75441
62.55  46.05  3.66604
62.55  46.55  4.10327
62.55  47.05  4.72656
62.55  47.55  5.02218
62.55  48.05  4.99159
62.55  48.55  5.17738
62.55  49.05  5.65734
62.55  49.55  5.59559
62.55  50.05  5.77478
62.55  50.55  6.26558
62.55  51.05  6.49731
62.55  51.55  6.52893
62.55  52.05  5.74127
65.05  37.55  2.92908
65.05  38.05  3.55181
65.05  38.55  3.35375
65.05  39.05  3.19144
65.05  39.55  3.61656
65.05  40.05  3.01039
65.05  40.55  2.68194
65.05  41.05  2.49417
65.05  41.55  2.30925
65.05  42.05  2.16375
65.05  42.55  2.00128
65.05  43.05  2.19795
65.05  43.55  2.82318
65.05  44.05  2.53307
65.05  44.55  2.74601
65.05  45.05  3.4356
65.05  45.55  3.64668
65.05  46.05  3.76728
65.05  46.55  4.21891
65.05  47.05  4.86754
65.05  47.55  4.98517
65.05  48.05  4.87053
65.05  48.55  5.0688
65.05  49.05  5.71081
65.05  49.55  5.72582
65.05  50.05  5.87958
65.05  50.55  6.30283
65.05  51.05  6.56858
65.05  51.55  6.68136
65.05  52.05  6.02428
67.55  37.55  2.59879
67.55  38.05  3.28734
67.55  38.55  3.27818
67.55  39.05  3.00099
67.55  39.55  3.03525
67.55  40.05  2.88243
67.55  40.55  2.37742
67.55  41.05  2.11499
67.55  41.55  1.89805
67.55  42.05  1.85906
67.55  42.55  1.75744
67.55  43.05  1.91861
67.55  43.55  2.67553
67.55  44.05  2.19272
67.55  44.55  2.22462
67.55  45.05  2.79476
67.55  45.55  3.51046
67.55  46.05  3.53582
67.55  46.55  4.005
67.55  47.05  4.77662
67.55  47.55  4.73504
67.55  48.05  4.64898
67.55  48.55  4.87803
67.55  49.05  5.53834
67.55  49.55  5.4972
67.55  50.05  5.79353
67.55  50.55  6.21009
67.55  51.05  6.49947
67.55  51.55  6.49012
67.55  52.05  5.74053
70.05  37.55  2.5996
70.05  38.05  3.1152
70.05  38.55  2.83273
70.05  39.05  2.60303
70.05  39.55  2.84842
70.05  40.05  2.49552
70.05  40.55  2.22192
70.05  41.05  2.29786
70.05  41.55  2.20525
70.05  42.05  1.89312
70.05  42.55  1.71278
70.05  43.05  1.85119
70.05  43.55  2.60585
70.05  44.05  2.5342
70.05  44.55  2.49399
70.05  45.05  2.84618
70.05  45.55  3.46326
70.05  46.05  3.40246
70.05  46.55  3.87565
70.05  47.05  4.60443
70.05  47.55  4.67284
70.05  48.05  4.64585
70.05  48.55  4.91295
70.05  49.05  5.55084
70.05  49.55  5.45412
70.05  50.05  5.89044
70.05  50.55  6.34989
70.05  51.05  6.58609
70.05  51.55  6.51999
70.05  52.05  5.85481
72.55  37.55  2.38009
72.55  38.05  2.79461
72.55  38.55  2.11945
72.55  39.05  1.9511
72.55  39.55  2.19923
72.55  40.05  1.98765
72.55  40.55  1.9217
72.55  41.05  2.31635
72.55  41.55  2.11265
72.55  42.05  1.46545
72.55  42.55  1.48656
72.55  43.05  1.7557
72.55  43.55  2.42702
72.55  44.05  2.73799
72.55  44.55  2.65575
72.55  45.05  2.91779
72.55  45.55  3.13801
72.55  46.05  3.20769
72.55  46.55  3.61036
72.55  47.05  4.34385
72.55  47.55  4.45477
72.55  48.05  4.46495
72.55  48.55  4.94706
72.55  49.05  5.42503
72.55  49.55  5.33858
72.55  50.05  5.54541
72.55  50.55  6.1996
72.55  51.05  6.46879
72.55  51.55  6.48151
72.55  52.05  5.68953
75.05  37.55  2.33137
75.05  38.05  2.53231
75.05  38.55  1.81425
75.05  39.05  1.7888
75.05  39.55  2.08287
75.05  40.05  1.77816
75.05  40.55  1.53606
75.05  41.05  1.64258
75.05  41.55  1.7071
75.05  42.05  1.25584
75.05  42.55  1.56642
75.05  43.05  1.92605
75.05  43.55  2.63932
75.05  44.05  2.81902
75.05  44.55  2.88906
75.05  45.05  3.38913
75.05  45.55  3.21233
75.05  46.05  3.28693
75.05  46.55  3.59697
75.05  47.05  4.34095
75.05  47.55  4.59648
75.05  48.05  4.50775
75.05  48.55  5.13049
75.05  49.05  5.54859
75.05  49.55  5.48613
75.05  50.05  5.47359
75.05  50.55  6.27561
75.05  51.05  6.47754
75.05  51.55  6.54573
75.05  52.05  5.86661
77.55  37.55  1.42883
77.55  38.05  1.7409
77.55  38.55  1.49605
77.55  39.05  1.60901
77.55  39.55  1.98765
77.55  40.05  1.54721
77.55  40.55  1.1914
77.55  41.05  1.19734
77.55  41.55  1.31262
77.55  42.05  0.868738
77.55  42.55  1.43953
77.55  43.05  2.00567
77.55  43.55  2.66386
77.55  44.05  2.66789
77.55  44.55  3.0214
77.55  45.05  3.46737
77.55  45.55  3.26177
77.55  46.05  3.13388
77.55  46.55  3.36319
77.55  47.05  4.05825
77.55  47.55  4.44773
77.55  48.05  4.52723
77.55  48.55  4.92791
77.55  49.05  5.41328
77.55  49.55  5.33792
77.55  50.05  5.51867
77.55  50.55  6.13146
77.55  51.05  6.23468
77.55  51.55  6.21869
77.55  52.05  5.45109
80.05  37.55  1.08145
80.05  38.05  1.58486
80.05  38.55  1.32477
80.05  39.05  1.37439
80.05  39.55  1.74995
80.05  40.05  1.34407
80.05  40.55  0.982991
80.05  41.05  1.07722
80.05  41.55  1.35286
80.05  42.05  0.982664
80.05  42.55  1.47594
80.05  43.05  2.0214
80.05  43.55  2.59109
80.05  44.05  2.45281
80.05  44.55  3.06999
80.05  45.05  3.40066
80.05  45.55  3.38283
80.05  46.05  3.12676
80.05  46.55  3.29588
80.05  47.05  4.21183
80.05  47.55  4.47783
80.05  48.05  4.76221
80.05  48.55  4.8735
80.05  49.05  5.42953
80.05  49.55  5.40975
80.05  50.05  5.71247
80.05  50.55  6.11451
80.05  51.05  6.21619
80.05  51.55  6.19143
80.05  52.05  5.33232
82.55  37.55  0.780423
82.55  38.05  1.33997
82.55  38.55  1.14637
82.55  39.05  1.22243
82.55  39.55  1.17493
82.55  40.05  0.952781
82.55  40.55  0.785565
82.55  41.05  0.975292
82.55  41.55  1.54493
82.55  42.05  1.18519
82.55  42.55  1.31872
82.55  43.05  1.8537
82.55  43.55  2.41898
82.55  44.05  2.37336
82.55  44.55  2.76964
82.55  45.05  3.21244
82.55  45.55  3.24986
82.55  46.05  3.08236
82.55  46.55  3.25712
82.55  47.05  4.12613
82.55  47.55  4.33779
82.55  48.05  4.517
82.55  48.55  4.75015
82.55  49.05  5.33385
82.55  49.55  5.207
82.55  50.05  5.49257
82.55  50.55  5.99512
82.55  51.05  6.09711
82.55  51.55  5.98201
82.55  52.05  5.14575
85.05  37.55  0.743936
85.05  38.05  1.23505
85.05  38.55  1.05547
85.05  39.05  0.991735
85.05  39.55  1.00347
85.05  40.05  0.776767
85.05  40.55  0.696731
85.05  41.05  1.06337
85.05  41.55  1.6134
85.05  42.05  1.75976
85.05  42.55  1.6952
85.05  43.05  2.03019
85.05  43.55  2.70179
85.05  44.05  2.60188
85.05  44.55  2.80398
85.05  45.05  3.53875
85.05  45.55  3.30774
85.05  46.05  3.26917
85.05  46.55  3.46124
85.05  47.05  4.20117
85.05  47.55  4.31444
85.05  48.05  4.40935
85.05  48.55  4.83903
85.05  49.05  5.37558
85.05  49.55  5.12709
85.05  50.05  5.48745
85.05  50.55  6.10669
85.05  51.05  6.23081
85.05  51.55  6.08312
85.05  52.05  5.35771
87.55  37.55  0.33179
87.55  38.05  0.972096
87.55  38.55  0.584531
87.55  39.05  0.383681
87.55  39.55  0.867088
87.55  40.05  0.633352
87.55  40.55  0.698728
87.55  41.05  1.13136
87.55  41.55  1.56467
87.55  42.05  1.82572
87.55  42.55  1.76181
87.55  43.05  1.87384
87.55  43.55  2.72547
87.55  44.05  2.68388
87.55  44.55  2.91891
87.55  45.05  3.59496
87.55  45.55  3.28314
87.55  46.05  3.08465
87.55  46.55  3.37808
87.55  47.05  4.06271
87.55  47.55  4.07461
87.55  48.05  4.14638
87.55  48.55  4.71292
87.55  49.05  5.21246
87.55  49.55  4.92746
87.55  50.05  5.34285
87.55  50.55  5.90691
87.55  51.05  6.07662
87.55  51.55  5.99391
87.55  52.05  5.40167
90.05  37.55  -0
90.05  38.05  0.804111
90.05  38.55  0.65934
90.05  39.05  0.506536
90.05  39.55  1.04953
90.05  40.05  0.774626
90.05  40.55  0.789126
90.05  41.05  1.15903
90.05  41.55  1.87454
90.05  42.05  1.75525
90.05  42.55  2.00753
90.05  43.05  2.18363
90.05  43.55  2.91064
90.05  44.05  2.88326
90.05  44.55  3.06484
90.05  45.05  3.58587
90.05  45.55  3.29475
90.05  46.05  3.0601
90.05  46.55  3.47106
90.05  47.05  3.90711
90.05  47.55  3.96001
90.05  48.05  3.94623
90.05  48.55  4.60949
90.05  49.05  5.20435
90.05  49.55  4.96388
90.05  50.05  5.39728
90.05  50.55  5.91488
90.05  51.05  6.02347
90.05  51.55  5.93445
90.05  52.05  5.31115
92.55  37.55  0.0774587
92.55  38.05  0.79377
92.55  38.55  0.584682
92.55  39.05  0.788201
92.55  39.55  1.26969
92.55  40.05  0.755618
92.55  40.55  0.839786
92.55  41.05  1.22695
92.55  41.55  2.26485
92.55  42.05  1.68007
92.55  42.55  1.66802
92.55  43.05  2.10874
92.55  43.55  2.99283
92.55  44.05  2.90496
92.55  44.55  3.02329
92.55  45.05  3.49531
92.55  45.55  3.03315
92.55  46.05  2.91145
92.55  46.55  3.29092
92.55  47.05  3.71751
92.55  47.55  3.79338
92.55  48.05  3.70565
92.55  48.55  4.21125
92.55  49.05  4.97009
92.55  49.55  4.90453
92.55  50.05  5.21967
92.55  50.55  5.69863
92.55  51.05  5.78208
92.55  51.55  5.70651
92.55  52.05  4.71405
95.05  37.55  0.40432
95.05  38.05  0.984036
95.05  38.55  0.78838
95.05  39.05  0.983578
95.05  39.55  1.27184
95.05  40.05  1.19862
95.05  40.55  0.992191
95.05  41.05  1.15584
95.05  41.55  2.01022
95.05  42.05  1.92826
95.05  42.55  1.67781
95.05  43.05  1.96247
95.05  43.55  2.9604
95.05  44.05  3.02014
95.05  44.55  3.17656
95.05  45.05  3.36047
95.05  45.55  3.01434
95.05  46.05  2.93842
95.05  46.55  3.38715
95.05  47.05  3.94719
95.05  47.55  3.85875
95.05  48.05  3.80694
95.05  48.55  4.11909
95.05  49.05  4.9922
95.05  49.55  5.02206
95.05  50.05  5.20763
95.05  50.55  5.61847
95.05  51.05  5.71681
95.05  51.55  5.66795
95.05  52.05  4.68059
97.55  37.55  0.360301
97.55  38.05  1.2375
97.55  38.55  1.1347
97.55  39.05  0.970468
97.55  39.55  0.995539
97.55  40.05  1.34987
97.55  40.55  0.611974
97.55  41.05  0.737361
97.55  41.55  1.56828
97.55  42.05  1.73358
97.55  42.55  1.6417
97.55  43.05  1.98557
97.55  43.55  2.80028
97.55  44.05  2.82613
97.55  44.55  2.99847
97.55  45.05  3.12722
97.55  45.55  2.85528
97.55  46.05  2.91942
97.55  46.55  3.32662
97.55  47.05  3.77371
97.55  47.55  3.57795
97.55  48.05  3.75291
97.55  48.55  3.94143
97.55  49.05  4.7852
97.55  49.55  4.95856
97.55  50.05  5.04406
97.55  50.55  5.39624
97.55  51.05  5.546
97.55  51.55  5.68067
97.55  52.05  5.14408
100.05  37.55  1.09798
100.05  38.05  2.03104
100.05  38.55  1.82964
100.05  39.05  1.49906
100.05  39.55  1.42192
100.05  40.05  1.33
100.05  40.55  0.926654
100.05  41.05  1.24337
100.05  41.55  1.65362
100.05  42.05  1.81077
100.05  42.55  1.85952
100.05  43.05  2.36226
100.05  43.55  3.01627
100.05  44.05  2.75882
100.05  44.55  2.9356
100.05  45.05  3.15753
100.05  45.55  2.88688
100.05  46.05  3.05517
100.05  46.55  3.3455
100.05  47.05  3.66262
100.05  47.55  3.49599
100.05  48.05  3.77969
100.05  48.55  3.9073
100.05  49.05  4.7813
100.05  49.55  5.03749
100.05  50.05  5.06293
100.05  50.55  5.39991
100.05  51.05  5.57836
100.05  51.55  5.86105
100.05  52.05  5.61999
102.55  37.55  1.72836
102.55  38.05  2.36391
102.55  38.55  2.26881
102.55  39.05  1.90878
102.55  39.55  1.75521
102.55  40.05  1.34816
102.55  40.55  1.05503
102.55  41.05  1.16027
102.55  41.55  1.58642
102.55  42.05  1.75711
102.55  42.55  2.09428
102.55  43.05  2.4599
102.55  43.55  3.19344
102.55  44.05  2.92142
102.55  44.55  2.83028
102.55  45.05  2.98491
102.55  45.55  2.77387
102.55  46.05  2.96479
102.55  46.55  3.29134
102.55  47.05  3.55077
102.55  47.55  3.34371
102.55  48.05  3.47042
102.55  48.55  3.79315
102.55  49.05  4.66363
102.55  49.55  4.84661
102.55  50.05  4.92303
102.55  50.55  5.24904
102.55  51.05  5.43537
102.55  51.55  5.5356
102.55  52.05  4.6376
105.05  37.55  1.98047
105.05  38.05  2.5556
105.05  38.55  2.15703
105.05  39.05  1.7969
105.05  39.55  1.84375
105.05  40.05  1.31175
105.05  40.55  0.997398
105.05  41.05  1.16036
105.05  41.55  1.97895
105.05  42.05  2.13543
105.05  42.55  2.52939
105.05  43.05  2.66654
105.05  43.55  3.50042
105.05  44.05  3.23504
105.05  44.55  3.0552
105.05  45.05  3.37119
105.05  45.55  3.41628
105.05  46.05  3.34851
105.05  46.55  3.48456
105.05  47.05  3.62327
105.05  47.55  3.38171
105.05  48.05  3.5285
105.05  48.55  4.06635
105.05  49.05  4.73079
105.05  49.55  4.78783
105.05  50.05  4.95007
105.05  50.55  5.38491
105.05  51.05  5.56437
105.05  51.55  5.48131
105.05  52.05  4.48019
107.55  37.55  2.46264
107.55  38.05  2.6506
107.55  38.55  1.89667
107.55  39.05  1.67464
107.55  39.55  1.89231
107.55  40.05  1.08959
107.55  40.55  0.887333
107.55  41.05  1.23967
107.55  41.55  2.28633
107.55  42.05  2.30312
107.55  42.55  2.57185
107.55  43.05  2.84593
107.55  43.55  3.51762
107.55  44.05  3.13802
107.55  44.55  3.16984
107.55  45.05  3.51801
107.55  45.55  3.51549
107.55  46.05  3.33492
107.55  46.55  3.35848
107.55  47.05  3.46801
107.55  47.55  3.28352
107.55  48.05  3.48419
107.55  48.55  3.89574
107.55  49.05  4.58262
107.55  49.55  4.62993
107.55  50.05  4.71463
107.55  50.55  5.32509
107.55  51.05  5.53269
107.55  51.55  5.51191
107.55  52.05  4.62613
110.05  37.55  2.9286
110.05  38.05  2.9281
110.05  38.55  2.03456
110.05  39.05  1.8255
110.05  39.55  2.0592
110.05  40.05  1.56688
110.05  40.55  1.43444
110.05  41.05  1.67761
110.05  41.55  2.51923
110.05  42.05  2.71481
110.05  42.55  2.94708
110.05  43.05  3.07243
110.05  43.55  3.63839
110.05  44.05  3.27704
110.05  44.55  3.42257
110.05  45.05  3.74256
110.05  45.55  3.51285
110.05  46.05  3.37337
110.05  46.55  3.44377
110.05  47.05  3.62715
110.05  47.55  3.53331
110.05  48.05  3.55066
110.05  48.55  3.7282
110.05  49.05  4.41144
110.05  49.55  4.68623
110.05  50.05  4.75501
110.05  50.55  5.34592
110.05  51.05  5.56497
110.05  51.55  5.66206
110.05  52.05  4.7871
112.55  37.55  3.205
112.55  38.05  3.06223
112.55  38.55  2.20423
112.55  39.05  2.16717
112.55  39.55  2.28988
112.55  40.05  2.10391
112.55  40.55  1.70885
112.55  41.05  1.95837
112.55  41.55  2.68378
112.55  42.05  2.96697
112.55  42.55  3.02337
112.55  43.05  3.2863
112.55  43.55  3.63368
112.55  44.05  3.3073
112.55  44.55  3.42595
112.55  45.05  3.72932
112.55  45.55  3.38743
112.55  46.05  3.10767
112.55  46.55  3.43505
112.55  47.05  3.72833
112.55  47.55  3.4829
112.55  48.05  3.29534
112.55  48.55  3.32837
112.55  49.05  4.14021
112.55  49.55  4.45357
112.55  50.05  4.63325
112.55  50.55  5.29919
112.55  51.05  5.45826
112.55  51.55  5.38891
112.55  52.05  4.66482
115.05  37.55  3.57856
115.05  38.05  3.47088
115.05  38.55  2.49976
115.05  39.05  2.38682
115.05  39.55  2.46206
115.05  40.05  2.22783
115.05  40.55  2.00323
115.05  41.05  2.65244
115.05  41.55  3.44082
115.05  42.05  3.49401
115.05  42.55  3.41395
115.05  43.05  3.6591
115.05  43.55  3.76133
115.05  44.05  3.44549
115.05  44.55  3.62556
115.05  45.05  3.88549
115.05  45.55  3.32595
115.05  46.05  3.08238
115.05  46.55  3.52514
115.05  47.05  3.71504
115.05  47.55  3.55863
115.05  48.05  3.22064
115.05  48.55  3.08712
115.05  49.05  4.32108
115.05  49.55  4.49702
115.05  50.05  4.76345
115.05  50.55  5.52193
115.05  51.05  5.60625
115.05  51.55  5.39555
115.05  52.05  4.60966
117.55  37.55  3.75039
117.55  38.05  3.7042
117.55  38.55  2.56647
117.55  39.05  2.32846
117.55  39.55  2.54022
117.55  40.05  2.33395
117.55  40.55  2.26626
117.55  41.05  3.30049
117.55  41.55  4.06864
117.55  42.05  3.71499
117.55  42.55  3.51659
117.55  43.05  3.58429
117.55  43.55  3.54454
117.55  44.05  3.33476
117.55  44.55  3.58901
117.55  45.05  3.90574
117.55  45.55  3.14789
117.55  46.05  3.04144
117.55  46.55  3.41296
117.55  47.05  3.45286
117.55  47.55  3.56973
117.55  48.05  3.10954
117.55  48.55  2.98195
117.55  49.05  4.46776
117.55  49.55  4.46278
117.55  50.05  4.67302
117.55  50.55  5.39557
117.55  51.05  5.48562
117.55  51.55  5.25308
117.55  52.05  4.36178
120.05  37.55  3.85352
120.05  38.05  3.83357
120.05  38.55  2.60372
120.05  39.05  2.47381
120.05  39.55  2.95663
120.05  40.05  2.57072
120.05  40.55  2.66917
120.05  41.05  3.43803
120.05  41.55  4.64478
120.05  42.05  3.69254
120.05  42.55  3.34678
120.05  43.05  3.30638
120.05  43.55  3.16069
120.05  44.05  3.00558
120.05  44.55  3.26793
120.05  45.05  3.73948
120.05  45.55  2.73135
120.05  46.05  2.78946
120.05  46.55  3.20083
120.05  47.05  2.97427
120.05  47.55  3.36259
120.05  48.05  2.81114
120.05  48.55  2.65684
120.05  49.05  4.36192
120.05  49.55  4.13331
120.05  50.05  4.43462
120.05  50.55  5.06787
120.05  51.05  5.16924
120.05  51.55  4.90443
120.05  52.05  4.63225
122.55  42.55  3.6107
122.55  43.05  2.75709
122.55  43.55  2.97465
122.55  44.05  3.59625
122.55  44.55  2.47976
122.55  45.05  3.65961
122.55  45.55  3.09611
122.55  46.05  2.88788
122.55  46.55  3.59322
122.55  47.05  2.3628
122.55  47.55  2.92455
122.55  48.05  2.38814
122.55  48.55  2.86307
122.55  49.05  3.3184
122.55  49.55  3.79974
122.55  50.05  3.93602
122.55  50.55  5.6011
122.55  51.05  4.40419
122.55  51.55  5.08227
130.05  51.05  inf
142.55  50.55  inf
