-54.95  39.05  inf
-44.95  47.05  2.61375
-39.95  38.05  10.763
-39.95  38.55  10.6626
-39.95  39.05  9.74353
-39.95  39.55  9.62816
-39.95  40.05  8.44898
-39.95  40.55  8.2688
-39.95  41.05  8.29181
-39.95  41.55  8.83019
-39.95  42.05  7.11252
-39.95  42.55  7.70181
-39.95  43.55  8.45378
-39.95  44.05  8.79003
-39.95  44.55  8.4023
-39.95  45.05  8.69768
-39.95  45.55  8.18935
-39.95  46.05  8.3669
-39.95  46.55  8.08027
-39.95  47.55  8.82975
-39.95  48.05  9.65238
-39.95  49.05  9.37733
-39.95  49.55  8.96629
-39.95  50.05  8.34464
-39.95  50.55  9.56949
-39.95  51.55  11.0351
-37.45  37.55  8.74053
-37.45  38.05  9.35022
-37.45  38.55  8.57491
-37.45  39.05  8.64507
-37.45  39.55  8.7974
-37.45  40.05  7.73799
-37.45  40.55  7.41317
-37.45  41.05  7.46738
-37.45  41.55  8.3082
-37.45  42.05  6.92428
-37.45  42.55  7.21355
-37.45  43.05  7.55894
-37.45  43.55  7.48956
-37.45  44.05  7.3276
-37.45  44.55  7.34505
-37.45  45.05  7.59011
-37.45  45.55  6.86796
-37.45  46.05  6.64327
-37.45  46.55  7.24917
-37.45  47.05  8.63306
-37.45  47.55  8.34798
-37.45  48.05  8.56831
-37.45  48.55  8.95793
-37.45  49.05  8.73302
-37.45  49.55  8.35544
-37.45  50.05  8.30933
-37.45  50.55  8.73666
-37.45  51.05  9.72799
-37.45  51.55  9.68693
-37.45  52.05  9.28524
-34.95  37.55  7.13714
-34.95  38.05  7.54979
-34.95  38.55  7.00744
-34.95  39.05  6.95181
-34.95  39.55  7.14816
-34.95  40.05  6.33978
-34.95  40.55  6.25078
-34.95  41.05  6.26785
-34.95  41.55  6.18408
-34.95  42.05  5.69754
-34.95  42.55  5.50884
-34.95  43.05  5.526
-34.95  43.55  5.68893
-34.95  44.05  5.66576
-34.95  44.55  5.69411
-34.95  45.05  5.82811
-34.95  45.55  5.36405
-34.95  46.05  5.09605
-34.95  46.55  5.53554
-34.95  47.05  6.49124
-34.95  47.55  6.53071
-34.95  48.05  6.63735
-34.95  48.55  6.81205
-34.95  49.05  7.12505
-34.95  49.55  6.90733
-34.95  50.05  6.84762
-34.95  50.55  7.39972
-34.95  51.05  8.04075
-34.95  51.55  7.94987
-34.95  52.05  7.10205
-32.45  37.55  7.48457
-32.45  38.05  7.73355
-32.45  38.55  7.54037
-32.45  39.05  7.5647
-32.45  39.55  7.2696
-32.45  40.05  6.55374
-32.45  40.55  6.53665
-32.45  41.05  6.73688
-32.45  41.55  6.10019
-32.45  42.05  5.64078
-32.45  42.55  5.7481
-32.45  43.05  5.89254
-32.45  43.55  5.86164
-32.45  44.05  5.79139
-32.45  44.55  5.92213
-32.45  45.05  6.03833
-32.45  45.55  5.80301
-32.45  46.05  5.3666
-32.45  46.55  5.5065
-32.45  47.05  6.33134
-32.45  47.55  6.47184
-32.45  48.05  6.61835
-32.45  48.55  6.84642
-32.45  49.05  7.2963
-32.45  49.55  7.04603
-32.45  50.05  7.08157
-32.45  50.55  7.8081
-32.45  51.05  8.24394
-32.45  51.55  8.214
-32.45  52.05  7.44005
-29.95  37.55  8.13268
-29.95  38.05  8.08467
-29.95  38.55  7.50391
-29.95  39.05  7.40192
-29.95  39.55  7.39137
-29.95  40.05  6.86106
-29.95  40.55  6.67655
-29.95  41.05  6.84715
-29.95  41.55  6.32365
-29.95  42.05  5.82614
-29.95  42.55  6.02187
-29.95  43.05  5.86232
-29.95  43.55  6.01538
-29.95  44.05  5.76128
-29.95  44.55  6.03243
-29.95  45.05  6.27723
-29.95  45.55  5.91406
-29.95  46.05  5.41651
-29.95  46.55  5.55874
-29.95  47.05  6.35659
-29.95  47.55  6.49278
-29.95  48.05  6.50412
-29.95  48.55  6.74828
-29.95  49.05  7.25993
-29.95  49.55  7.0028
-29.95  50.05  7.11191
-29.95  50.55  7.94331
-29.95  51.05  8.42141
-29.95  51.55  8.49544
-29.95  52.05  7.64068
-27.45  37.55  8.21171
-27.45  38.05  8.23724
-27.45  38.55  7.20081
-27.45  39.05  7.07016
-27.45  39.55  7.29264
-27.45  40.05  7.12138
-27.45  40.55  6.67124
-27.45  41.05  6.64713
-27.45  41.55  6.36451
-27.45  42.05  5.74809
-27.45  42.55  5.76984
-27.45  43.05  5.71807
-27.45  43.55  5.97525
-27.45  44.05  5.69733
-27.45  44.55  5.84649
-27.45  45.05  6.27687
-27.45  45.55  5.79578
-27.45  46.05  5.56018
-27.45  46.55  5.72718
-27.45  47.05  6.0729
-27.45  47.55  6.2657
-27.45  48.05  6.16299
-27.45  48.55  6.26679
-27.45  49.05  6.97987
-27.45  49.55  6.93458
-27.45  50.05  7.20622
-27.45  50.55  7.91844
-27.45  51.05  8.35322
-27.45  51.55  8.48078
-27.45  52.05  7.80998
-24.95  37.55  7.87024
-24.95  38.05  7.99175
-24.95  38.55  7.14906
-24.95  39.05  7.11785
-24.95  39.55  7.42548
-24.95  40.05  7.07585
-24.95  40.55  6.76973
-24.95  41.05  6.79079
-24.95  41.55  6.38388
-24.95  42.05  5.7892
-24.95  42.55  5.8172
-24.95  43.05  5.93911
-24.95  43.55  6.20825
-24.95  44.05  5.86547
-24.95  44.55  5.87634
-24.95  45.05  6.17447
-24.95  45.55  5.62606
-24.95  46.05  5.5843
-24.95  46.55  5.96346
-24.95  47.05  6.14738
-24.95  47.55  6.09285
-24.95  48.05  6.03143
-24.95  48.55  6.26657
-24.95  49.05  6.95008
-24.95  49.55  6.83513
-24.95  50.05  7.18209
-24.95  50.55  7.85316
-24.95  51.05  8.36883
-24.95  51.55  8.57975
-24.95  52.05  8.16286
-22.45  37.55  7.1202
-22.45  38.05  7.36299
-22.45  38.55  6.96187
-22.45  39.05  7.16146
-22.45  39.55  7.27953
-22.45  40.05  6.73187
-22.45  40.55  6.58736
-22.45  41.05  6.80429
-22.45  41.55  6.14267
-22.45  42.05  5.68548
-22.45  42.55  5.88399
-22.45  43.05  6.00722
-22.45  43.55  6.35406
-22.45  44.05  5.91223
-22.45  44.55  5.79554
-22.45  45.05  5.97576
-22.45  45.55  5.44739
-22.45  46.05  5.35749
-22.45  46.55  5.68504
-22.45  47.05  5.84015
-22.45  47.55  5.86074
-22.45  48.05  5.84983
-22.45  48.55  6.22649
-22.45  49.05  6.79386
-22.45  49.55  6.69886
-22.45  50.05  7.04226
-22.45  50.55  7.77728
-22.45  51.05  8.2101
-22.45  51.55  8.31799
-22.45  52.05  7.80563
-19.95  37.55  6.83989
-19.95  38.05  7.3502
-19.95  38.55  6.95425
-19.95  39.05  7.15159
-19.95  39.55  7.28246
-19.95  40.05  6.74375
-19.95  40.55  6.52498
-19.95  41.05  6.73875
-19.95  41.55  6.29841
-19.95  42.05  5.84047
-19.95  42.55  6.05448
-19.95  43.05  6.13762
-19.95  43.55  6.2391
-19.95  44.05  5.79984
-19.95  44.55  5.7455
-19.95  45.05  5.94796
-19.95  45.55  5.55033
-19.95  46.05  5.36517
-19.95  46.55  5.53029
-19.95  47.05  5.90141
-19.95  47.55  5.98977
-19.95  48.05  5.80135
-19.95  48.55  6.04091
-19.95  49.05  6.87011
-19.95  49.55  7.00415
-19.95  50.05  7.27408
-19.95  50.55  7.94876
-19.95  51.05  8.23851
-19.95  51.55  8.24988
-19.95  52.05  7.89751
-17.45  37.55  6.57963
-17.45  38.05  7.25115
-17.45  38.55  6.60375
-17.45  39.05  6.65763
-17.45  39.55  7.13048
-17.45  40.05  6.59141
-17.45  40.55  6.31158
-17.45  41.05  6.37193
-17.45  41.55  6.27584
-17.45  42.05  5.80006
-17.45  42.55  5.9294
-17.45  43.05  5.98553
-17.45  43.55  5.91782
-17.45  44.05  5.58221
-17.45  44.55  5.48907
-17.45  45.05  5.71828
-17.45  45.55  5.34267
-17.45  46.05  5.12671
-17.45  46.55  5.22264
-17.45  47.05  5.93099
-17.45  47.55  5.92693
-17.45  48.05  5.62617
-17.45  48.55  5.79186
-17.45  49.05  6.81968
-17.45  49.55  7.13586
-17.45  50.05  7.17876
-17.45  50.55  7.8633
-17.45  51.05  7.82433
-17.45  51.55  7.9227
-17.45  52.05  7.54373
-14.95  37.55  6.21912
-14.95  38.05  7.02228
-14.95  38.55  6.68108
-14.95  39.05  6.35172
-14.95  39.55  6.78327
-14.95  40.05  6.37132
-14.95  40.55  6.19611
-14.95  41.05  6.1222
-14.95  41.55  6.25926
-14.95  42.05  5.81774
-14.95  42.55  5.90701
-14.95  43.05  6.0065
-14.95  43.55  5.94688
-14.95  44.05  5.58055
-14.95  44.55  5.36484
-14.95  45.05  5.68326
-14.95  45.55  5.1935
-14.95  46.05  5.10263
-14.95  46.55  5.16183
-14.95  47.05  5.63629
-14.95  47.55  5.95688
-14.95  48.05  5.78795
-14.95  48.55  5.95052
-14.95  49.05  6.95036
-14.95  49.55  7.08563
-14.95  50.05  7.118
-14.95  50.55  7.88163
-14.95  51.05  7.92839
-14.95  51.55  8.03233
-14.95  52.05  7.7834
-12.45  37.55  5.89417
-12.45  38.05  6.59458
-12.45  38.55  6.31684
-12.45  39.05  6.04917
-12.45  39.55  6.17316
-12.45  40.05  5.84499
-12.45  40.55  5.77182
-12.45  41.05  6.09528
-12.45  41.55  6.13278
-12.45  42.05  5.7153
-12.45  42.55  5.75072
-12.45  43.05  5.79145
-12.45  43.55  5.77025
-12.45  44.05  5.25533
-12.45  44.55  5.14618
-12.45  45.05  5.45424
-12.45  45.55  4.8657
-12.45  46.05  4.83379
-12.45  46.55  5.0961
-12.45  47.05  5.40042
-12.45  47.55  5.81881
-12.45  48.05  5.94868
-12.45  48.55  6.08889
-12.45  49.05  6.8773
-12.45  49.55  6.82333
-12.45  50.05  6.91181
-12.45  50.55  7.53976
-12.45  51.05  7.94279
-12.45  51.55  7.89553
-12.45  52.05  7.14215
-9.95  37.55  6.33724
-9.95  38.05  6.57793
-9.95  38.55  5.95627
-9.95  39.05  6.11206
-9.95  39.55  6.1542
-9.95  40.05  5.67633
-9.95  40.55  5.53626
-9.95  41.05  5.97758
-9.95  41.55  6.14655
-9.95  42.05  5.77766
-9.95  42.55  5.72954
-9.95  43.05  5.69748
-9.95  43.55  5.58182
-9.95  44.05  5.16809
-9.95  44.55  5.17044
-9.95  45.05  5.4897
-9.95  45.55  5.08045
-9.95  46.05  4.98835
-9.95  46.55  5.46214
-9.95  47.05  6.06044
-9.95  47.55  5.91908
-9.95  48.05  6.23679
-9.95  48.55  6.27907
-9.95  49.05  6.77983
-9.95  49.55  6.8616
-9.95  50.05  6.97978
-9.95  50.55  7.42796
-9.95  51.05  7.94105
-9.95  51.55  7.85452
-9.95  52.05  6.97378
-7.45  37.55  6.07826
-7.45  38.05  6.34979
-7.45  38.55  5.71416
-7.45  39.05  5.66012
-7.45  39.55  6.12384
-7.45  40.05  5.60119
-7.45  40.55  5.31916
-7.45  41.05  5.60783
-7.45  41.55  5.89526
-7.45  42.05  5.6161
-7.45  42.55  5.46853
-7.45  43.05  5.39215
-7.45  43.55  5.29315
-7.45  44.05  4.94912
-7.45  44.55  4.98371
-7.45  45.05  5.3702
-7.45  45.55  5.23011
-7.45  46.05  5.08521
-7.45  46.55  5.41384
-7.45  47.05  6.30612
-7.45  47.55  5.87854
-7.45  48.05  6.12898
-7.45  48.55  6.27879
-7.45  49.05  6.43972
-7.45  49.55  6.58606
-7.45  50.05  6.83553
-7.45  50.55  7.37176
-7.45  51.05  7.7503
-7.45  51.55  7.86039
-7.45  52.05  7.1081
-4.95  37.55  6.05682
-4.95  38.05  6.53254
-4.95  38.55  6.17294
-4.95  39.05  5.93571
-4.95  39.55  6.12378
-4.95  40.05  5.57836
-4.95  40.55  5.3775
-4.95  41.05  5.4781
-4.95  41.55  5.54498
-4.95  42.05  5.25578
-4.95  42.55  5.22779
-4.95  43.05  5.27926
-4.95  43.55  5.31051
-4.95  44.05  5.14411
-4.95  44.55  5.19246
-4.95  45.05  5.41829
-4.95  45.55  5.11506
-4.95  46.05  4.96458
-4.95  46.55  5.22391
-4.95  47.05  5.94475
-4.95  47.55  5.78905
-4.95  48.05  5.71966
-4.95  48.55  6.3036
-4.95  49.05  6.44591
-4.95  49.55  6.62108
-4.95  50.05  6.92753
-4.95  50.55  7.44777
-4.95  51.05  7.74291
-4.95  51.55  8.04187
-4.95  52.05  7.39612
-2.45  37.55  6.08525
-2.45  38.05  6.51572
-2.45  38.55  6.2496
-2.45  39.05  6.02778
-2.45  39.55  5.96102
-2.45  40.05  5.53367
-2.45  40.55  5.45882
-2.45  41.05  5.40414
-2.45  41.55  5.06132
-2.45  42.05  4.71342
-2.45  42.55  4.81073
-2.45  43.05  4.97486
-2.45  43.55  5.07119
-2.45  44.05  5.1272
-2.45  44.55  5.31168
-2.45  45.05  5.24832
-2.45  45.55  4.66441
-2.45  46.05  4.63408
-2.45  46.55  4.93601
-2.45  47.05  5.46193
-2.45  47.55  5.49843
-2.45  48.05  5.14783
-2.45  48.55  5.60021
-2.45  49.05  6.23408
-2.45  49.55  6.44555
-2.45  50.05  6.81131
-2.45  50.55  7.38609
-2.45  51.05  7.63772
-2.45  51.55  7.88702
-2.45  52.05  7.5241
0.05  37.55  6.12655
0.05  38.05  6.42867
0.05  38.55  5.98217
0.05  39.05  5.71954
0.05  39.55  5.81499
0.05  40.05  5.63604
0.05  40.55  5.75424
0.05  41.05  5.61257
0.05  41.55  5.03579
0.05  42.05  4.65138
0.05  42.55  4.75869
0.05  43.05  5.01668
0.05  43.55  5.10061
0.05  44.05  4.80716
0.05  44.55  4.82828
0.05  45.05  4.86995
0.05  45.55  4.33944
0.05  46.05  4.30084
0.05  46.55  4.72716
0.05  47.05  5.20602
0.05  47.55  5.1826
0.05  48.05  5.33205
0.05  48.55  5.78127
0.05  49.05  6.3698
0.05  49.55  6.20793
0.05  50.05  6.40414
0.05  50.55  7.23901
0.05  51.05  7.71095
0.05  51.55  7.81533
0.05  52.05  7.16629
2.55  37.55  5.86778
2.55  38.05  6.26536
2.55  38.55  5.7892
2.55  39.05  5.60785
2.55  39.55  5.69294
2.55  40.05  5.46871
2.55  40.55  5.75977
2.55  41.05  5.82289
2.55  41.55  4.85067
2.55  42.05  4.51892
2.55  42.55  4.64989
2.55  43.05  4.80786
2.55  43.55  4.76548
2.55  44.05  4.29699
2.55  44.55  4.20221
2.55  45.05  4.57239
2.55  45.55  4.2286
2.55  46.05  4.02794
2.55  46.55  4.34571
2.55  47.05  4.84595
2.55  47.55  4.80132
2.55  48.05  5.21234
2.55  48.55  5.85251
2.55  49.05  6.2698
2.55  49.55  5.81329
2.55  50.05  5.98591
2.55  50.55  6.92876
2.55  51.05  7.52201
2.55  51.55  7.50919
2.55  52.05  6.79431
5.05  37.55  5.84399
5.05  38.05  6.25028
5.05  38.55  5.86858
5.05  39.05  6.00241
5.05  39.55  6.48133
5.05  40.05  5.78915
5.05  40.55  5.77501
5.05  41.05  6.92462
5.05  41.55  5.03047
5.05  42.05  4.4742
5.05  42.55  4.55959
5.05  43.05  4.67308
5.05  43.55  4.84372
5.05  44.05  4.42468
5.05  44.55  4.05875
5.05  45.05  4.50484
5.05  45.55  4.1872
5.05  46.05  4.04696
5.05  46.55  4.35696
5.05  47.05  4.87374
5.05  47.55  4.68522
5.05  48.05  4.83655
5.05  48.55  5.46362
5.05  49.05  6.03589
5.05  49.55  5.90464
5.05  50.05  6.01629
5.05  50.55  7.00668
5.05  51.05  7.59318
5.05  51.55  7.50852
5.05  52.05  6.88101
7.55  37.55  5.77438
7.55  38.05  6.13733
7.55  38.55  5.69252
7.55  39.05  5.83092
7.55  39.55  6.40821
7.55  40.05  5.41066
7.55  40.55  5.10225
7.55  41.05  5.36153
7.55  41.55  4.81139
7.55  42.05  4.1818
7.55  42.55  4.30726
7.55  43.05  4.35663
7.55  43.55  4.92604
7.55  44.05  4.29734
7.55  44.55  4.07824
7.55  45.05  4.48347
7.55  45.55  4.0579
7.55  46.05  3.86535
7.55  46.55  4.35403
7.55  47.05  4.90838
7.55  47.55  4.52783
7.55  48.05  4.46696
7.55  48.55  4.93326
7.55  49.05  5.69542
7.55  49.55  5.81045
7.55  50.05  6.0167
7.55  50.55  6.9326
7.55  51.05  7.31144
7.55  51.55  7.28932
7.55  52.05  6.68204
10.05  37.55  6.1953
10.05  38.05  6.47656
10.05  38.55  5.94742
10.05  39.05  5.87813
10.05  39.55  5.95681
10.05  40.05  5.12964
10.05  40.55  4.45267
10.05  41.05  4.47002
10.05  41.55  4.78813
10.05  42.05  4.16376
10.05  42.55  4.30292
10.05  43.05  4.44037
10.05  43.55  5.04047
10.05  44.05  4.69334
10.05  44.55  4.51527
10.05  45.05  4.61309
10.05  45.55  4.25598
10.05  46.05  3.96119
10.05  46.55  4.23829
10.05  47.05  4.70841
10.05  47.55  4.44108
10.05  48.05  4.32562
10.05  48.55  4.71772
10.05  49.05  5.42341
10.05  49.55  5.44327
10.05  50.05  5.98823
10.05  50.55  6.79289
10.05  51.05  7.28717
10.05  51.55  7.37839
10.05  52.05  6.73925
12.55  37.55  6.55159
12.55  38.05  6.83317
12.55  38.55  6.19545
12.55  39.05  6.00075
12.55  39.55  5.7453
12.55  40.05  5.01729
12.55  40.55  4.52274
12.55  41.05  4.69842
12.55  41.55  4.72053
12.55  42.05  4.05407
12.55  42.55  4.0921
12.55  43.05  4.47477
12.55  43.55  5.01552
12.55  44.05  4.84107
12.55  44.55  4.61489
12.55  45.05  4.41261
12.55  45.55  4.13882
12.55  46.05  3.83145
12.55  46.55  3.87138
12.55  47.05  4.41174
12.55  47.55  4.16583
12.55  48.05  4.09709
12.55  48.55  4.55419
12.55  49.05  5.19133
12.55  49.55  5.05336
12.55  50.05  5.54943
12.55  50.55  6.32704
12.55  51.05  7.02693
12.55  51.55  7.1734
12.55  52.05  6.42393
15.05  37.55  6.20006
15.05  38.05  6.72116
15.05  38.55  6.26117
15.05  39.05  6.14992
15.05  39.55  5.85035
15.05  40.05  5.11889
15.05  40.55  4.90035
15.05  41.05  5.0814
15.05  41.55  5.22462
15.05  42.05  4.49965
15.05  42.55  4.30782
15.05  43.05  4.39319
15.05  43.55  4.89681
15.05  44.05  4.76592
15.05  44.55  4.73158
15.05  45.05  4.76611
15.05  45.55  4.34186
15.05  46.05  4.04704
15.05  46.55  3.99901
15.05  47.05  4.49847
15.05  47.55  4.33027
15.05  48.05  4.17312
15.05  48.55  4.55496
15.05  49.05  5.04427
15.05  49.55  5.12323
15.05  50.05  5.60332
15.05  50.55  6.27783
15.05  51.05  7.02808
15.05  51.55  7.1462
15.05  52.05  6.10482
17.55  37.55  5.23967
17.55  38.05  6.10859
17.55  38.55  6.18413
17.55  39.05  5.99061
17.55  39.55  5.85362
17.55  40.05  5.12756
17.55  40.55  5.10245
17.55  41.05  5.35607
17.55  41.55  5.14781
17.55  42.05  4.4835
17.55  42.55  4.26238
17.55  43.05  4.23298
17.55  43.55  4.54165
17.55  44.05  4.57641
17.55  44.55  4.47363
17.55  45.05  4.90007
17.55  45.55  4.47514
17.55  46.05  4.15826
17.55  46.55  4.18437
17.55  47.05  4.4783
17.55  47.55  4.18322
17.55  48.05  4.01328
17.55  48.55  4.39762
17.55  49.05  4.92691
17.55  49.55  5.03276
17.55  50.05  5.49569
17.55  50.55  6.23832
17.55  51.05  6.83756
17.55  51.55  7.01989
17.55  52.05  6.14732
20.05  37.55  5.33875
20.05  38.05  6.40473
20.05  38.55  6.51165
20.05  39.05  5.96
20.05  39.55  6.01799
20.05  40.05  5.37131
20.05  40.55  5.25795
20.05  41.05  5.22135
20.05  41.55  5.0449
20.05  42.05  4.32832
20.05  42.55  4.15033
20.05  43.05  4.24866
20.05  43.55  4.84715
20.05  44.05  4.81217
20.05  44.55  4.39355
20.05  45.05  4.85815
20.05  45.55  4.31359
20.05  46.05  4.07422
20.05  46.55  4.55515
20.05  47.05  4.98845
20.05  47.55  4.35612
20.05  48.05  4.19559
20.05  48.55  4.61229
20.05  49.05  5.3399
20.05  49.55  5.23876
20.05  50.05  5.63341
20.05  50.55  6.25559
20.05  51.05  6.84629
20.05  51.55  7.05232
20.05  52.05  6.36254
22.55  37.55  5.40199
22.55  38.05  6.36578
22.55  38.55  6.68486
22.55  39.05  6.10514
22.55  39.55  5.88356
22.55  40.05  5.23622
22.55  40.55  4.7266
22.55  41.05  4.53461
22.55  41.55  4.87432
22.55  42.05  4.08177
22.55  42.55  3.86841
22.55  43.05  4.13246
22.55  43.55  5.08395
22.55  44.05  4.71753
22.55  44.55  4.36172
22.55  45.05  4.80226
22.55  45.55  4.31893
22.55  46.05  4.03746
22.55  46.55  4.54977
22.55  47.05  5.01099
22.55  47.55  4.69778
22.55  48.05  4.49451
22.55  48.55  4.82777
22.55  49.05  5.47025
22.55  49.55  5.31599
22.55  50.05  5.80392
22.55  50.55  6.21445
22.55  51.05  6.69667
22.55  51.55  6.73042
22.55  52.05  5.99884
25.05  37.55  5.44618
25.05  38.05  6.07042
25.05  38.55  6.49192
25.05  39.05  6.46874
25.05  39.55  5.80592
25.05  40.05  5.24673
25.05  40.55  4.70433
25.05  41.05  4.60226
25.05  41.55  4.70966
25.05  42.05  4.33147
25.05  42.55  4.18209
25.05  43.05  4.24217
25.05  43.55  4.87158
25.05  44.05  4.71356
25.05  44.55  4.60681
25.05  45.05  4.97103
25.05  45.55  5.18367
25.05  46.05  4.75297
25.05  46.55  4.74474
25.05  47.05  5.24531
25.05  47.55  4.98169
25.05  48.05  4.82355
25.05  48.55  5.26125
25.05  49.05  5.76603
25.05  49.55  5.77424
25.05  50.05  6.20416
25.05  50.55  6.38126
25.05  51.05  6.64348
25.05  51.55  6.6188
25.05  52.05  5.84399
27.55  37.55  4.84431
27.55  38.05  5.4524
27.55  38.55  5.41143
27.55  39.05  5.61186
27.55  39.55  5.52387
27.55  40.05  5.21062
27.55  40.55  4.74814
27.55  41.05  4.47386
27.55  41.55  4.71027
27.55  42.05  4.33098
27.55  42.55  4.13834
27.55  43.05  4.15683
27.55  43.55  4.49497
27.55  44.05  4.4347
27.55  44.55  4.4098
27.55  45.05  4.90572
27.55  45.55  5.38116
27.55  46.05  4.9354
27.55  46.55  4.97171
27.55  47.05  5.22881
27.55  47.55  5.01234
27.55  48.05  4.94316
27.55  48.55  5.53802
27.55  49.05  6.05105
27.55  49.55  5.89273
27.55  50.05  6.18968
27.55  50.55  6.33017
27.55  51.05  6.46685
27.55  51.55  6.55163
27.55  52.05  5.66934
30.05  37.55  4.55091
30.05  38.05  5.23768
30.05  38.55  5.06675
30.05  39.05  5.23231
30.05  39.55  5.48717
30.05  40.05  5.05901
30.05  40.55  4.785
30.05  41.05  4.3306
30.05  41.55  4.36392
30.05  42.05  4.27649
30.05  42.55  4.24312
30.05  43.05  4.34747
30.05  43.55  4.60859
30.05  44.05  4.40558
30.05  44.55  4.3538
30.05  45.05  4.96015
30.05  45.55  4.96826
30.05  46.05  4.93453
30.05  46.55  5.21178
30.05  47.05  5.29903
30.05  47.55  5.10739
30.05  48.05  4.96386
30.05  48.55  5.49812
30.05  49.05  6.13582
30.05  49.55  5.9035
30.05  50.05  6.34368
30.05  50.55  6.74355
30.05  51.05  6.84216
30.05  51.55  6.93677
30.05  52.05  6.27448
32.55  37.55  4.46081
32.55  38.05  4.99263
32.55  38.55  4.57955
32.55  39.05  4.52886
32.55  39.55  5.60383
32.55  40.05  4.44438
32.55  40.55  4.24448
32.55  41.05  4.10988
32.55  41.55  4.01741
32.55  42.05  4.08536
32.55  42.55  4.15178
32.55  43.05  4.15853
32.55  43.55  4.54629
32.55  44.05  4.23669
32.55  44.55  4.25785
32.55  45.05  4.88384
32.55  45.55  4.54302
32.55  46.05  4.8094
32.55  46.55  5.09157
32.55  47.05  5.1761
32.55  47.55  4.94527
32.55  48.05  4.6966
32.55  48.55  5.30295
32.55  49.05  6.03608
32.55  49.55  5.88206
32.55  50.05  6.23334
32.55  50.55  6.80484
32.55  51.05  6.96529
32.55  51.55  6.97779
32.55  52.05  6.52867
35.05  37.55  4.51619
35.05  38.05  5.03767
35.05  38.55  4.43627
35.05  39.05  4.37086
35.05  39.55  4.94239
35.05  40.05  4.12384
35.05  40.55  3.98889
35.05  41.05  3.98247
35.05  41.55  4.20048
35.05  42.05  3.82097
35.05  42.55  3.87032
35.05  43.05  4.08725
35.05  43.55  4.61644
35.05  44.05  4.57088
35.05  44.55  4.5383
35.05  45.05  4.85173
35.05  45.55  4.61345
35.05  46.05  4.80102
35.05  46.55  4.81092
35.05  47.05  5.15083
35.05  47.55  4.9227
35.05  48.05  4.73169
35.05  48.55  5.43278
35.05  49.05  6.06328
35.05  49.55  5.9564
35.05  50.05  6.18455
35.05  50.55  6.81786
35.05  51.05  6.9893
35.05  51.55  6.98272
35.05  52.05  6.40446
37.55  37.55  4.29785
37.55  38.05  4.91647
37.55  38.55  4.13065
37.55  39.05  4.00055
37.55  39.55  4.30158
37.55  40.05  3.97502
37.55  40.55  3.78173
37.55  41.05  3.5706
37.55  41.55  4.13719
37.55  42.05  3.6279
37.55  42.55  3.67657
37.55  43.05  4.06191
37.55  43.55  4.37983
37.55  44.05  4.36959
37.55  44.55  4.72105
37.55  45.05  4.70943
37.55  45.55  4.49948
37.55  46.05  4.40433
37.55  46.55  4.46119
37.55  47.05  4.96785
37.55  47.55  4.67379
37.55  48.05  4.81524
37.55  48.55  5.28256
37.55  49.05  5.8548
37.55  49.55  5.82807
37.55  50.05  6.06545
37.55  50.55  6.63858
37.55  51.05  6.71678
37.55  51.55  6.7007
37.55  52.05  6.10527
40.05  37.55  3.99472
40.05  38.05  4.67148
40.05  38.55  4.27295
40.05  39.05  4.15273
40.05  39.55  4.35787
40.05  40.05  3.86734
40.05  40.55  3.71933
40.05  41.05  3.55051
40.05  41.55  4.15588
40.05  42.05  4.1197
40.05  42.55  4.0669
40.05  43.05  4.23227
40.05  43.55  4.40976
40.05  44.05  4.00473
40.05  44.55  4.78621
40.05  45.05  4.8458
40.05  45.55  4.45714
40.05  46.05  4.2484
40.05  46.55  4.55961
40.05  47.05  4.96464
40.05  47.55  4.81603
40.05  48.05  4.93522
40.05  48.55  5.26618
40.05  49.05  5.87304
40.05  49.55  5.88936
40.05  50.05  6.15218
40.05  50.55  6.63122
40.05  51.05  6.55734
40.05  51.55  6.59526
40.05  52.05  6.05627
42.55  37.55  3.82247
42.55  38.05  4.44826
42.55  38.55  4.29077
42.55  39.05  4.23143
42.55  39.55  4.22271
42.55  40.05  3.43642
42.55  40.55  3.48943
42.55  41.05  3.41042
42.55  41.55  3.85767
42.55  42.05  4.2669
42.55  42.55  3.9269
42.55  43.05  3.85989
42.55  43.55  4.251
42.55  44.05  3.76996
42.55  44.55  4.33288
42.55  45.05  4.70428
42.55  45.55  4.29328
42.55  46.05  4.03607
42.55  46.55  4.27398
42.55  47.05  4.77401
42.55  47.55  4.76847
42.55  48.05  4.77265
42.55  48.55  5.06137
42.55  49.05  5.6983
42.55  49.55  5.77312
42.55  50.05  6.09694
42.55  50.55  6.44647
42.55  51.05  6.29942
42.55  51.55  6.38266
42.55  52.05  5.76601
45.05  37.55  4.09921
45.05  38.05  4.60492
45.05  38.55  4.16635
45.05  39.05  3.99054
45.05  39.55  4.29694
45.05  40.05  3.62722
45.05  40.55  3.55767
45.05  41.05  3.46226
45.05  41.55  3.50584
45.05  42.05  3.38536
45.05  42.55  3.57809
45.05  43.05  3.70574
45.05  43.55  4.01352
45.05  44.05  3.76284
45.05  44.55  4.02782
45.05  45.05  4.69712
45.05  45.55  4.55029
45.05  46.05  4.21166
45.05  46.55  4.26529
45.05  47.05  4.74055
45.05  47.55  4.78331
45.05  48.05  4.82135
45.05  48.55  5.05802
45.05  49.05  5.67247
45.05  49.55  5.76678
45.05  50.05  6.06977
45.05  50.55  6.42262
45.05  51.05  6.47463
45.05  51.55  6.54458
45.05  52.05  6.00406
47.55  37.55  4.24826
47.55  38.05  4.62744
47.55  38.55  3.74404
47.55  39.05  3.45658
47.55  39.55  3.76366
47.55  40.05  3.36202
47.55  40.55  3.15782
47.55  41.05  3.4025
47.55  41.55  2.90877
47.55  42.05  2.69174
47.55  42.55  3.08118
47.55  43.05  3.40904
47.55  43.55  3.85828
47.55  44.05  3.50233
47.55  44.55  3.78526
47.55  45.05  4.59347
47.55  45.55  4.58326
47.55  46.05  4.16471
47.55  46.55  4.27038
47.55  47.05  4.54235
47.55  47.55  4.65946
47.55  48.05  4.84812
47.55  48.55  4.98381
47.55  49.05  5.44636
47.55  49.55  5.46405
47.55  50.05  5.75603
47.55  50.55  6.16465
47.55  51.05  6.37299
47.55  51.55  6.41395
47.55  52.05  5.63443
50.05  37.55  4.67748
50.05  38.05  4.35074
50.05  38.55  3.46343
50.05  39.05  3.42054
50.05  39.55  3.67783
50.05  40.05  3.53695
50.05  40.55  3.20067
50.05  41.05  3.35722
50.05  41.55  3.16893
50.05  42.05  2.71291
50.05  42.55  2.91363
50.05  43.05  3.09485
50.05  43.55  3.35972
50.05  44.05  3.27314
50.05  44.55  3.671
50.05  45.05  4.1742
50.05  45.55  4.05502
50.05  46.05  3.72745
50.05  46.55  4.12624
50.05  47.05  4.73538
50.05  47.55  4.50364
50.05  48.05  4.75451
50.05  48.55  4.95333
50.05  49.05  5.39787
50.05  49.55  5.38311
50.05  50.05  5.78353
50.05  50.55  6.27666
50.05  51.05  6.43304
50.05  51.55  6.43364
50.05  52.05  5.74806
52.55  37.55  4.08838
52.55  38.05  3.81218
52.55  38.55  2.81487
52.55  39.05  2.86185
52.55  39.55  3.22952
52.55  40.05  3.20658
52.55  40.55  3.17933
52.55  41.05  3.20664
52.55  41.55  3.34458
52.55  42.05  2.97063
52.55  42.55  2.89528
52.55  43.05  2.75276
52.55  43.55  2.74628
52.55  44.05  2.96861
52.55  44.55  3.45236
52.55  45.05  3.68476
52.55  45.55  3.60224
52.55  46.05  3.33479
52.55  46.55  3.71474
52.55  47.05  4.74109
52.55  47.55  4.32009
52.55  48.05  4.31726
52.55  48.55  4.55209
52.55  49.05  5.15828
52.55  49.55  5.2549
52.55  50.05  5.60668
52.55  50.55  6.06502
52.55  51.05  6.24826
52.55  51.55  6.36911
52.55  52.05  6.03484
55.05  37.55  3.30827
55.05  38.05  3.267
55.05  38.55  2.42444
55.05  39.05  2.75444
55.05  39.55  3.30295
55.05  40.05  3.34962
55.05  40.55  3.2953
55.05  41.05  2.94651
55.05  41.55  2.97932
55.05  42.05  2.89794
55.05  42.55  2.85106
55.05  43.05  2.58333
55.05  43.55  2.77596
55.05  44.05  2.78393
55.05  44.55  3.36928
55.05  45.05  3.6227
55.05  45.55  3.34233
55.05  46.05  3.22343
55.05  46.55  3.52705
55.05  47.05  4.36308
55.05  47.55  4.24944
55.05  48.05  4.23506
55.05  48.55  4.60829
55.05  49.05  5.33532
55.05  49.55  5.41257
55.05  50.05  5.69833
55.05  50.55  6.09155
55.05  51.05  6.37444
55.05  51.55  6.65235
55.05  52.05  6.34851
57.55  37.55  2.92182
57.55  38.05  3.10059
57.55  38.55  2.28575
57.55  39.05  2.58074
57.55  39.55  3.23974
57.55  40.05  3.34183
57.55  40.55  2.92626
57.55  41.05  2.47102
57.55  41.55  2.47145
57.55  42.05  2.03791
57.55  42.55  2.05383
57.55  43.05  2.34804
57.55  43.55  2.67165
57.55  44.05  2.42936
57.55  44.55  2.76962
57.55  45.05  3.34204
57.55  45.55  2.90258
57.55  46.05  2.94103
57.55  46.55  3.27745
57.55  47.05  3.97514
57.55  47.55  4.05309
57.55  48.05  4.14085
57.55  48.55  4.41007
57.55  49.05  5.24109
57.55  49.55  5.25001
57.55  50.05  5.50424
57.55  50.55  6.03745
57.55  51.05  6.34894
57.55  51.55  6.45199
57.55  52.05  6.12794
60.05  37.55  2.33793
60.05  38.05  2.72099
60.05  38.55  2.18586
60.05  39.05  2.45626
60.05  39.55  2.98126
60.05  40.05  3.21138
60.05  40.55  2.77602
60.05  41.05  2.55727
60.05  41.55  2.28703
60.05  42.05  1.74898
60.05  42.55  1.79139
60.05  43.05  2.17001
60.05  43.55  2.66884
60.05  44.05  2.49261
60.05  44.55  2.59814
60.05  45.05  3.41284
60.05  45.55  3.12257
60.05  46.05  3.07659
60.05  46.55  3.2815
60.05  47.05  4.07753
60.05  47.55  4.14864
60.05  48.05  4.28384
60.05  48.55  4.3851
60.05  49.05  5.16217
60.05  49.55  5.31827
60.05  50.05  5.56331
60.05  50.55  6.017
60.05  51.05  6.30747
60.05  51.55  6.29151
60.05  52.05  5.92668
62.55  37.55  1.60197
62.55  38.05  2.11271
62.55  38.55  1.99464
62.55  39.05  2.30041
62.55  39.55  2.93885
62.55  40.05  3.01933
62.55  40.55  2.47632
62.55  41.05  2.48737
62.55  41.55  2.26517
62.55  42.05  1.74804
62.55  42.55  1.68366
62.55  43.05  2.05893
62.55  43.55  2.63565
62.55  44.05  2.39199
62.55  44.55  2.62962
62.55  45.05  3.6051
62.55  45.55  3.03616
62.55  46.05  2.91031
62.55  46.55  3.31413
62.55  47.05  4.03892
62.55  47.55  4.11231
62.55  48.05  4.19449
62.55  48.55  4.31781
62.55  49.05  5.11573
62.55  49.55  5.19572
62.55  50.05  5.32072
62.55  50.55  5.73313
62.55  51.05  6.07727
62.55  51.55  6.17474
62.55  52.05  5.63426
65.05  37.55  1.75417
65.05  38.05  2.25247
65.05  38.55  1.98769
65.05  39.05  1.95425
65.05  39.55  2.79659
65.05  40.05  2.75488
65.05  40.55  2.36771
65.05  41.05  2.5094
65.05  41.55  2.35653
65.05  42.05  1.98323
65.05  42.55  1.62821
65.05  43.05  1.91192
65.05  43.55  2.56261
65.05  44.05  2.16041
65.05  44.55  2.35013
65.05  45.05  3.0326
65.05  45.55  2.87569
65.05  46.05  2.7793
65.05  46.55  3.45736
65.05  47.05  4.14386
65.05  47.55  4.28663
65.05  48.05  4.305
65.05  48.55  4.47598
65.05  49.05  5.1393
65.05  49.55  5.24441
65.05  50.05  5.3376
65.05  50.55  5.80066
65.05  51.05  6.17589
65.05  51.55  6.35829
65.05  52.05  6.12024
67.55  37.55  1.84805
67.55  38.05  2.26355
67.55  38.55  1.76169
67.55  39.05  1.64046
67.55  39.55  2.28052
67.55  40.05  2.04997
67.55  40.55  1.89585
67.55  41.05  2.15795
67.55  41.55  2.05235
67.55  42.05  1.78779
67.55  42.55  1.52253
67.55  43.05  1.69368
67.55  43.55  2.29062
67.55  44.05  1.94332
67.55  44.55  2.02368
67.55  45.05  2.45232
67.55  45.55  2.67833
67.55  46.05  2.76319
67.55  46.55  3.39754
67.55  47.05  4.19636
67.55  47.55  4.18359
67.55  48.05  4.17409
67.55  48.55  4.4118
67.55  49.05  5.0279
67.55  49.55  5.03324
67.55  50.05  5.22218
67.55  50.55  5.76149
67.55  51.05  6.17379
67.55  51.55  6.26865
67.55  52.05  5.55765
70.05  37.55  1.92399
70.05  38.05  2.41739
70.05  38.55  1.78881
70.05  39.05  1.89818
70.05  39.55  2.07533
70.05  40.05  1.74539
70.05  40.55  1.65284
70.05  41.05  1.97818
70.05  41.55  2.01403
70.05  42.05  1.70088
70.05  42.55  1.54936
70.05  43.05  1.74196
70.05  43.55  2.24931
70.05  44.05  2.14997
70.05  44.55  2.25446
70.05  45.05  2.4863
70.05  45.55  3.02611
70.05  46.05  3.2423
70.05  46.55  3.62387
70.05  47.05  4.24916
70.05  47.55  4.1675
70.05  48.05  4.17198
70.05  48.55  4.4273
70.05  49.05  5.02586
70.05  49.55  4.98019
70.05  50.05  5.2476
70.05  50.55  5.86567
70.05  51.05  6.20379
70.05  51.55  6.19513
70.05  52.05  5.56744
72.55  37.55  2.31176
72.55  38.05  2.71122
72.55  38.55  1.75937
72.55  39.05  1.59074
72.55  39.55  1.62828
72.55  40.05  1.50972
72.55  40.55  1.50466
72.55  41.05  1.77846
72.55  41.55  1.76902
72.55  42.05  1.3576
72.55  42.55  1.33371
72.55  43.05  1.59484
72.55  43.55  2.19193
72.55  44.05  2.36133
72.55  44.55  2.21283
72.55  45.05  2.34447
72.55  45.55  3.06391
72.55  46.05  3.2711
72.55  46.55  3.48381
72.55  47.05  4.00363
72.55  47.55  3.91943
72.55  48.05  3.91563
72.55  48.55  4.30311
72.55  49.05  4.82382
72.55  49.55  4.81777
72.55  50.05  5.05654
72.55  50.55  5.69313
72.55  51.05  5.99573
72.55  51.55  6.0189
72.55  52.05  5.43704
75.05  37.55  3.20195
75.05  38.05  2.81131
75.05  38.55  1.6788
75.05  39.05  1.69489
75.05  39.55  2.02277
75.05  40.05  1.5299
75.05  40.55  1.30673
75.05  41.05  1.47265
75.05  41.55  1.47542
75.05  42.05  1.11978
75.05  42.55  1.33311
75.05  43.05  1.54797
75.05  43.55  2.37824
75.05  44.05  2.50893
75.05  44.55  2.43989
75.05  45.05  2.80911
75.05  45.55  3.09883
75.05  46.05  3.29264
75.05  46.55  3.46995
75.05  47.05  3.88136
75.05  47.55  4.00452
75.05  48.05  3.87916
75.05  48.55  4.31424
75.05  49.05  4.89892
75.05  49.55  4.90108
75.05  50.05  5.12218
75.05  50.55  5.77616
75.05  51.05  6.05841
75.05  51.55  6.19001
75.05  52.05  5.79993
77.55  37.55  1.89432
77.55  38.05  1.74018
77.55  38.55  1.19991
77.55  39.05  1.61067
77.55  39.55  2.2253
77.55  40.05  1.23301
77.55  40.55  0.953833
77.55  41.05  1.10399
77.55  41.55  1.17444
77.55  42.05  0.63929
77.55  42.55  0.909711
77.55  43.05  1.33646
77.55  43.55  2.38254
77.55  44.05  2.20851
77.55  44.55  2.55226
77.55  45.05  3.34988
77.55  45.55  3.15984
77.55  46.05  3.06008
77.55  46.55  3.30311
77.55  47.05  3.68465
77.55  47.55  3.94937
77.55  48.05  3.78546
77.55  48.55  4.14255
77.55  49.05  4.71588
77.55  49.55  4.78262
77.55  50.05  5.0622
77.55  50.55  5.64869
77.55  51.05  5.95201
77.55  51.55  5.9834
77.55  52.05  5.47197
80.05  37.55  0.825726
80.05  38.05  1.17752
80.05  38.55  1.00626
80.05  39.05  1.20955
80.05  39.55  1.68537
80.05  40.05  0.983524
80.05  40.55  0.728871
80.05  41.05  0.757364
80.05  41.55  1.04934
80.05  42.05  0.550012
80.05  42.55  0.814039
80.05  43.05  1.29403
80.05  43.55  2.10869
80.05  44.05  2.09702
80.05  44.55  2.57102
80.05  45.05  3.23047
80.05  45.55  3.25192
80.05  46.05  2.9976
80.05  46.55  3.3029
80.05  47.05  3.84756
80.05  47.55  3.94862
80.05  48.05  3.8693
80.05  48.55  4.17891
80.05  49.05  4.78632
80.05  49.55  4.86064
80.05  50.05  5.18127
80.05  50.55  5.64256
80.05  51.05  6.00652
80.05  51.55  6.05766
80.05  52.05  5.68878
82.55  37.55  0.548776
82.55  38.05  1.0481
82.55  38.55  0.754258
82.55  39.05  0.829429
82.55  39.55  1.19983
82.55  40.05  0.60691
82.55  40.55  0.371219
82.55  41.05  0.467602
82.55  41.55  1.13242
82.55  42.05  0.655496
82.55  42.55  0.757743
82.55  43.05  1.277
82.55  43.55  1.80458
82.55  44.05  1.96721
82.55  44.55  2.31906
82.55  45.05  2.77883
82.55  45.55  2.93355
82.55  46.05  2.96119
82.55  46.55  3.167
82.55  47.05  3.65092
82.55  47.55  3.72308
82.55  48.05  3.7551
82.55  48.55  4.05439
82.55  49.05  4.65446
82.55  49.55  4.64527
82.55  50.05  4.9765
82.55  50.55  5.57299
82.55  51.05  5.89941
82.55  51.55  5.84989
82.55  52.05  5.24316
85.05  37.55  0.31441
85.05  38.05  0.884411
85.05  38.55  0.642158
85.05  39.05  0.683447
85.05  39.55  0.959715
85.05  40.05  0.510011
85.05  40.55  0.37544
85.05  41.05  0.60706
85.05  41.55  1.07894
85.05  42.05  1.16663
85.05  42.55  1.19236
85.05  43.05  1.39401
85.05  43.55  1.91696
85.05  44.05  2.01313
85.05  44.55  2.35239
85.05  45.05  2.81107
85.05  45.55  2.95674
85.05  46.05  3.10711
85.05  46.55  3.24035
85.05  47.05  3.70358
85.05  47.55  3.62736
85.05  48.05  3.78346
85.05  48.55  4.07716
85.05  49.05  4.69117
85.05  49.55  4.69046
85.05  50.05  5.05444
85.05  50.55  5.71567
85.05  51.05  5.88839
85.05  51.55  5.79016
85.05  52.05  5.00622
87.55  37.55  -0
87.55  38.05  0.668997
87.55  38.55  0.593624
87.55  39.05  0.362513
87.55  39.55  0.61482
87.55  40.05  0.363061
87.55  40.55  0.300664
87.55  41.05  0.52895
87.55  41.55  0.869536
87.55  42.05  1.27316
87.55  42.55  1.26899
87.55  43.05  1.37019
87.55  43.55  1.90932
87.55  44.05  1.89479
87.55  44.55  2.20508
87.55  45.05  2.68165
87.55  45.55  2.94317
87.55  46.05  2.82899
87.55  46.55  3.18919
87.55  47.05  3.57954
87.55  47.55  3.29173
87.55  48.05  3.4293
87.55  48.55  3.92096
87.55  49.05  4.62053
87.55  49.55  4.65876
87.55  50.05  4.98703
87.55  50.55  5.56183
87.55  51.05  5.71984
87.55  51.55  5.62506
87.55  52.05  4.9447
90.05  37.55  0.0690333
90.05  38.05  0.719571
90.05  38.55  0.703467
90.05  39.05  0.406154
90.05  39.55  0.755988
90.05  40.05  0.479227
90.05  40.55  0.27666
90.05  41.05  0.665372
90.05  41.55  1.26666
90.05  42.05  1.23954
90.05  42.55  1.40445
90.05  43.05  1.78522
90.05  43.55  2.31806
90.05  44.05  2.06769
90.05  44.55  2.38869
90.05  45.05  2.92899
90.05  45.55  3.01625
90.05  46.05  2.71125
90.05  46.55  3.22971
90.05  47.05  3.56432
90.05  47.55  3.36353
90.05  48.05  3.2938
90.05  48.55  3.95817
90.05  49.05  4.71397
90.05  49.55  4.70754
90.05  50.05  5.07781
90.05  50.55  5.64179
90.05  51.05  5.77199
90.05  51.55  5.79641
90.05  52.05  5.19306
92.55  37.55  0.305358
92.55  38.05  0.87994
92.55  38.55  0.412474
92.55  39.05  0.428243
92.55  39.55  0.821675
92.55  40.05  0.368578
92.55  40.55  0.308737
92.55  41.05  0.713127
92.55  41.55  1.43602
92.55  42.05  1.23098
92.55  42.55  1.29991
92.55  43.05  1.6871
92.55  43.55  2.44327
92.55  44.05  2.23217
92.55  44.55  2.47968
92.55  45.05  2.99207
92.55  45.55  2.87609
92.55  46.05  2.6285
92.55  46.55  3.0868
92.55  47.05  3.3518
92.55  47.55  3.176
92.55  48.05  3.15362
92.55  48.55  3.69262
92.55  49.05  4.58893
92.55  49.55  4.57215
92.55  50.05  4.88695
92.55  50.55  5.55151
92.55  51.05  5.66966
92.55  51.55  5.66279
92.55  52.05  5.03533
95.05  37.55  0.674492
95.05  38.05  1.14565
95.05  38.55  0.675704
95.05  39.05  0.831385
95.05  39.55  0.887672
95.05  40.05  0.699051
95.05  40.55  0.555223
95.05  41.05  0.71181
95.05  41.55  1.48459
95.05  42.05  1.33345
95.05  42.55  1.25962
95.05  43.05  1.52563
95.05  43.55  2.38179
95.05  44.05  2.39687
95.05  44.55  2.59439
95.05  45.05  3.1477
95.05  45.55  2.82736
95.05  46.05  2.64884
95.05  46.55  3.07129
95.05  47.05  3.38673
95.05  47.55  3.166
95.05  48.05  3.26272
95.05  48.55  3.58891
95.05  49.05  4.52827
95.05  49.55  4.6461
95.05  50.05  4.8664
95.05  50.55  5.51205
95.05  51.05  5.75855
95.05  51.55  5.67348
95.05  52.05  4.90397
97.55  37.55  1.11801
97.55  38.05  1.32675
97.55  38.55  0.845557
97.55  39.05  0.766143
97.55  39.55  0.628824
97.55  40.05  0.920705
97.55  40.55  0.430577
97.55  41.05  0.513979
97.55  41.55  1.32901
97.55  42.05  1.13799
97.55  42.55  1.22817
97.55  43.05  1.54925
97.55  43.55  2.27287
97.55  44.05  2.23998
97.55  44.55  2.73676
97.55  45.05  3.1988
97.55  45.55  2.62062
97.55  46.05  2.54538
97.55  46.55  2.86115
97.55  47.05  3.25351
97.55  47.55  3.00488
97.55  48.05  3.11994
97.55  48.55  3.39352
97.55  49.05  4.32495
97.55  49.55  4.58148
97.55  50.05  4.68131
97.55  50.55  5.16989
97.55  51.05  5.55954
97.55  51.55  5.6536
97.55  52.05  4.88258
100.05  37.55  1.74778
100.05  38.05  1.96961
100.05  38.55  1.42556
100.05  39.05  1.25037
100.05  39.55  1.03589
100.05  40.05  0.871169
100.05  40.55  0.573506
100.05  41.05  0.798624
100.05  41.55  1.39125
100.05  42.05  1.57198
100.05  42.55  1.69538
100.05  43.05  1.9113
100.05  43.55  2.50766
100.05  44.05  2.35964
100.05  44.55  3.02949
100.05  45.05  3.08314
100.05  45.55  2.46672
100.05  46.05  2.56127
100.05  46.55  2.75964
100.05  47.05  3.01417
100.05  47.55  2.98866
100.05  48.05  3.21259
100.05  48.55  3.44608
100.05  49.05  4.28889
100.05  49.55  4.70139
100.05  50.05  4.8058
100.05  50.55  5.16141
100.05  51.05  5.55777
100.05  51.55  5.93272
100.05  52.05  5.45521
102.55  37.55  1.81016
102.55  38.05  2.22651
102.55  38.55  1.83451
102.55  39.05  1.71307
102.55  39.55  1.35786
102.55  40.05  0.790008
102.55  40.55  0.557702
102.55  41.05  0.733488
102.55  41.55  1.28866
102.55  42.05  1.54101
102.55  42.55  1.84257
102.55  43.05  2.17515
102.55  43.55  2.73566
102.55  44.05  2.54508
102.55  44.55  2.83264
102.55  45.05  2.82048
102.55  45.55  2.24719
102.55  46.05  2.47801
102.55  46.55  2.63283
102.55  47.05  2.85979
102.55  47.55  2.82045
102.55  48.05  2.95202
102.55  48.55  3.28797
102.55  49.05  4.05759
102.55  49.55  4.47974
102.55  50.05  4.6737
102.55  50.55  5.04607
102.55  51.05  5.39374
102.55  51.55  5.6211
102.55  52.05  5.16433
105.05  37.55  1.86998
105.05  38.05  2.36617
105.05  38.55  1.79081
105.05  39.05  1.70634
105.05  39.55  1.73553
105.05  40.05  0.956175
105.05  40.55  0.678628
105.05  41.05  0.893918
105.05  41.55  1.47823
105.05  42.05  1.69305
105.05  42.55  2.18444
105.05  43.05  2.47131
105.05  43.55  2.94936
105.05  44.05  2.6995
105.05  44.55  2.76174
105.05  45.05  2.96673
105.05  45.55  2.89448
105.05  46.05  2.85975
105.05  46.55  2.74725
105.05  47.05  3.00639
105.05  47.55  2.91377
105.05  48.05  2.95319
105.05  48.55  3.33849
105.05  49.05  4.10482
105.05  49.55  4.44336
105.05  50.05  4.65969
105.05  50.55  5.07989
105.05  51.05  5.40654
105.05  51.55  5.47937
105.05  52.05  4.7542
107.55  37.55  2.41361
107.55  38.05  2.57501
107.55  38.55  1.76466
107.55  39.05  1.52516
107.55  39.55  1.96476
107.55  40.05  0.992899
107.55  40.55  0.791701
107.55  41.05  1.09799
107.55  41.55  1.67207
107.55  42.05  1.9127
107.55  42.55  2.43853
107.55  43.05  2.77513
107.55  43.55  2.90134
107.55  44.05  2.59008
107.55  44.55  2.59988
107.55  45.05  2.81701
107.55  45.55  2.96354
107.55  46.05  2.71352
107.55  46.55  2.70052
107.55  47.05  2.91228
107.55  47.55  2.83176
107.55  48.05  2.88538
107.55  48.55  3.09943
107.55  49.05  3.8911
107.55  49.55  4.33004
107.55  50.05  4.4949
107.55  50.55  4.95451
107.55  51.05  5.26245
107.55  51.55  5.29945
107.55  52.05  4.60211
110.05  37.55  2.93533
110.05  38.05  3.05801
110.05  38.55  2.26184
110.05  39.05  1.85474
110.05  39.55  2.04704
110.05  40.05  1.42424
110.05  40.55  1.30824
110.05  41.05  1.60443
110.05  41.55  2.181
110.05  42.05  2.29424
110.05  42.55  2.60579
110.05  43.05  2.92936
110.05  43.55  3.11399
110.05  44.05  2.74376
110.05  44.55  2.82998
110.05  45.05  3.1552
110.05  45.55  2.96895
110.05  46.05  2.71593
110.05  46.55  2.92131
110.05  47.05  3.11583
110.05  47.55  2.90619
110.05  48.05  2.85225
110.05  48.55  2.94461
110.05  49.05  3.92862
110.05  49.55  4.46027
110.05  50.05  4.59031
110.05  50.55  5.09992
110.05  51.05  5.36911
110.05  51.55  5.44728
110.05  52.05  4.66974
112.55  37.55  3.65129
112.55  38.05  3.4841
112.55  38.55  2.48739
112.55  39.05  2.37598
112.55  39.55  2.36531
112.55  40.05  1.78775
112.55  40.55  1.69865
112.55  41.05  2.0332
112.55  41.55  2.64562
112.55  42.05  2.6578
112.55  42.55  2.70643
112.55  43.05  2.87608
112.55  43.55  3.00394
112.55  44.05  2.63462
112.55  44.55  2.94199
112.55  45.05  3.34476
112.55  45.55  2.80356
112.55  46.05  2.60885
112.55  46.55  2.89146
112.55  47.05  3.15518
112.55  47.55  2.7609
112.55  48.05  2.52784
112.55  48.55  2.62003
112.55  49.05  3.66419
112.55  49.55  4.17947
112.55  50.05  4.41506
112.55  50.55  5.10468
112.55  51.05  5.40894
112.55  51.55  5.3864
112.55  52.05  4.57702
115.05  37.55  4.18569
115.05  38.05  3.82798
115.05  38.55  2.7684
115.05  39.05  2.75478
115.05  39.55  2.99931
115.05  40.05  2.22971
115.05  40.55  2.18224
115.05  41.05  2.6425
115.05  41.55  3.57123
115.05  42.05  3.00432
115.05  42.55  2.99284
115.05  43.05  3.07389
115.05  43.55  3.08349
115.05  44.05  2.63
115.05  44.55  3.12665
115.05  45.05  3.48447
115.05  45.55  2.90589
115.05  46.05  2.63845
115.05  46.55  2.81422
115.05  47.05  3.05858
115.05  47.55  2.82367
115.05  48.05  2.43808
115.05  48.55  2.40529
115.05  49.05  3.5892
115.05  49.55  4.02897
115.05  50.05  4.34591
115.05  50.55  5.25126
115.05  51.05  5.54941
115.05  51.55  5.42219
115.05  52.05  4.83015
117.55  37.55  4.09856
117.55  38.05  4.11752
117.55  38.55  2.94187
117.55  39.05  2.8358
117.55  39.55  3.37378
117.55  40.05  2.68199
117.55  40.55  2.52378
117.55  41.05  2.90538
117.55  41.55  4.34442
117.55  42.05  2.98735
117.55  42.55  2.86244
117.55  43.05  2.93036
117.55  43.55  3.00306
117.55  44.05  2.50421
117.55  44.55  2.99318
117.55  45.05  3.47098
117.55  45.55  2.91329
117.55  46.05  2.56012
117.55  46.55  2.62549
117.55  47.05  2.80337
117.55  47.55  2.76049
117.55  48.05  2.33967
117.55  48.55  2.2779
117.55  49.05  3.6153
117.55  49.55  3.88822
117.55  50.05  4.19993
117.55  50.55  5.15145
117.55  51.05  5.44669
117.55  51.55  5.3275
117.55  52.05  4.57266
120.05  37.55  4.32988
120.05  38.05  4.26629
120.05  38.55  2.67652
120.05  39.05  2.62067
120.05  39.55  3.71582
120.05  40.05  2.94686
120.05  40.55  2.56261
120.05  41.05  2.85875
120.05  41.55  4.93727
120.05  42.05  2.87433
120.05  42.55  2.3723
120.05  43.05  2.48899
120.05  43.55  2.65531
120.05  44.05  2.34823
120.05  44.55  2.73195
120.05  45.05  3.29737
120.05  45.55  2.69002
120.05  46.05  2.31792
120.05  46.55  2.34221
120.05  47.05  2.43886
120.05  47.55  2.60557
120.05  48.05  2.04002
120.05  48.55  1.95968
120.05  49.05  3.50188
120.05  49.55  3.54631
120.05  50.05  3.86297
120.05  50.55  4.85661
120.05  51.05  5.11999
120.05  51.55  5.01818
122.55  38.55  2.38879
122.55  39.05  2.78983
122.55  40.55  2.24912
122.55  42.05  3.03911
122.55  42.55  1.66915
122.55  43.05  2.03886
122.55  43.55  1.80099
122.55  44.05  2.0979
122.55  44.55  3.03201
122.55  45.05  3.64458
122.55  45.55  2.66721
122.55  46.05  1.54489
122.55  46.55  1.67749
122.55  47.05  1.7515
122.55  47.55  2.59769
122.55  48.05  1.51096
122.55  48.55  1.51191
122.55  49.05  3.79489
122.55  49.55  3.21579
122.55  50.05  3.70302
122.55  50.55  4.49826
122.55  51.05  4.71484
122.55  51.55  4.64227
