-39.95  38.05  10.252
-39.95  38.55  10.0195
-39.95  39.05  10.672
-39.95  39.55  9.65706
-39.95  40.05  9.05174
-39.95  40.55  8.05661
-39.95  41.05  8.67364
-39.95  42.05  9.01444
-39.95  42.55  8.53557
-39.95  43.05  9.57869
-39.95  43.55  10.8938
-39.95  44.05  9.60324
-39.95  44.55  9.58285
-39.95  45.05  9.95881
-39.95  45.55  8.56708
-39.95  46.05  8.45216
-39.95  46.55  8.73844
-39.95  47.05  10.1965
-39.95  47.55  9.11649
-39.95  48.05  9.17883
-39.95  48.55  9.55523
-39.95  49.05  11.5075
-39.95  49.55  10.5554
-39.95  50.05  9.97814
-39.95  50.55  10.4978
-39.95  51.05  11.0331
-39.95  51.55  10.9554
-37.45  37.55  9.55912
-37.45  38.05  9.64038
-37.45  38.55  8.94817
-37.45  39.05  9.02986
-37.45  39.55  8.83706
-37.45  40.05  7.79057
-37.45  40.55  7.65705
-37.45  41.05  8.25749
-37.45  41.55  9.39016
-37.45  42.05  8.14801
-37.45  42.55  7.69246
-37.45  43.05  8.08923
-37.45  43.55  9.72957
-37.45  44.05  9.11797
-37.45  44.55  8.97038
-37.45  45.05  9.45936
-37.45  45.55  7.9394
-37.45  46.05  7.491
-37.45  46.55  7.91133
-37.45  47.05  8.99676
-37.45  47.55  8.50254
-37.45  48.05  8.36126
-37.45  48.55  8.88084
-37.45  49.05  9.76492
-37.45  49.55  9.53235
-37.45  50.05  9.2729
-37.45  50.55  9.4995
-37.45  51.05  10.2238
-37.45  51.55  10.3278
-37.45  52.05  8.66268
-34.95  37.55  7.89181
-34.95  38.05  7.9452
-34.95  38.55  7.08828
-34.95  39.05  7.1979
-34.95  39.55  7.23255
-34.95  40.05  6.36193
-34.95  40.55  6.3342
-34.95  41.05  6.56258
-34.95  41.55  7.01224
-34.95  42.05  6.37918
-34.95  42.55  6.03874
-34.95  43.05  6.28424
-34.95  43.55  7.46194
-34.95  44.05  7.31509
-34.95  44.55  7.11275
-34.95  45.05  7.23152
-34.95  45.55  6.42086
-34.95  46.05  5.84617
-34.95  46.55  6.29474
-34.95  47.05  6.95532
-34.95  47.55  6.88178
-34.95  48.05  6.90459
-34.95  48.55  7.16133
-34.95  49.05  7.8613
-34.95  49.55  7.66106
-34.95  50.05  7.65902
-34.95  50.55  8.1198
-34.95  51.05  8.41486
-34.95  51.55  8.2493
-34.95  52.05  7.02385
-32.45  37.55  7.94366
-32.45  38.05  8.12855
-32.45  38.55  7.32814
-32.45  39.05  7.32104
-32.45  39.55  7.49863
-32.45  40.05  6.68194
-32.45  40.55  6.51188
-32.45  41.05  6.60593
-32.45  41.55  6.52791
-32.45  42.05  6.3011
-32.45  42.55  6.25003
-32.45  43.05  6.44769
-32.45  43.55  7.01101
-32.45  44.05  7.11874
-32.45  44.55  7.09197
-32.45  45.05  6.99493
-32.45  45.55  6.30526
-32.45  46.05  6.04657
-32.45  46.55  6.68986
-32.45  47.05  6.98625
-32.45  47.55  7.01833
-32.45  48.05  7.0564
-32.45  48.55  7.16643
-32.45  49.05  8.0569
-32.45  49.55  7.82632
-32.45  50.05  7.8121
-32.45  50.55  8.43509
-32.45  51.05  8.47946
-32.45  51.55  8.34292
-32.45  52.05  7.23949
-29.95  37.55  7.99071
-29.95  38.05  8.30168
-29.95  38.55  7.5653
-29.95  39.05  7.35185
-29.95  39.55  7.54071
-29.95  40.05  7.03063
-29.95  40.55  6.60854
-29.95  41.05  6.5645
-29.95  41.55  6.48225
-29.95  42.05  6.19825
-29.95  42.55  6.17493
-29.95  43.05  6.61728
-29.95  43.55  6.96871
-29.95  44.05  6.75529
-29.95  44.55  6.99878
-29.95  45.05  7.03211
-29.95  45.55  6.37345
-29.95  46.05  6.09172
-29.95  46.55  6.51537
-29.95  47.05  6.76748
-29.95  47.55  7.07368
-29.95  48.05  7.24721
-29.95  48.55  7.26875
-29.95  49.05  8.04095
-29.95  49.55  8.0819
-29.95  50.05  7.90847
-29.95  50.55  8.52479
-29.95  51.05  8.71982
-29.95  51.55  8.71296
-29.95  52.05  8.27759
-27.45  37.55  8.0234
-27.45  38.05  8.17106
-27.45  38.55  7.54341
-27.45  39.05  7.32241
-27.45  39.55  7.30168
-27.45  40.05  7.06545
-27.45  40.55  6.4495
-27.45  41.05  6.30896
-27.45  41.55  6.44608
-27.45  42.05  6.0093
-27.45  42.55  6.02039
-27.45  43.05  6.44424
-27.45  43.55  6.8773
-27.45  44.05  6.35592
-27.45  44.55  6.6058
-27.45  45.05  6.86123
-27.45  45.55  6.38969
-27.45  46.05  6.02687
-27.45  46.55  6.27775
-27.45  47.05  6.67107
-27.45  47.55  6.91076
-27.45  48.05  7.04231
-27.45  48.55  7.22417
-27.45  49.05  7.86103
-27.45  49.55  7.95369
-27.45  50.05  7.87184
-27.45  50.55  8.38187
-27.45  51.05  8.70077
-27.45  51.55  8.69694
-27.45  52.05  8.04891
-24.95  37.55  8.22082
-24.95  38.05  8.22255
-24.95  38.55  7.57668
-24.95  39.05  7.33639
-24.95  39.55  7.38577
-24.95  40.05  7.11545
-24.95  40.55  6.6591
-24.95  41.05  6.72915
-24.95  41.55  6.56876
-24.95  42.05  6.23677
-24.95  42.55  6.27371
-24.95  43.05  6.48506
-24.95  43.55  6.86945
-24.95  44.05  5.91751
-24.95  44.55  6.26363
-24.95  45.05  6.72122
-24.95  45.55  6.3011
-24.95  46.05  6.13411
-24.95  46.55  6.49275
-24.95  47.05  6.93506
-24.95  47.55  7.00917
-24.95  48.05  6.96278
-24.95  48.55  7.13749
-24.95  49.05  7.72255
-24.95  49.55  7.73354
-24.95  50.05  7.91321
-24.95  50.55  8.41461
-24.95  51.05  8.70152
-24.95  51.55  8.70895
-24.95  52.05  8.36874
-22.45  37.55  7.34041
-22.45  38.05  7.95621
-22.45  38.55  7.46202
-22.45  39.05  7.25821
-22.45  39.55  7.13423
-22.45  40.05  6.92397
-22.45  40.55  6.67558
-22.45  41.05  6.83687
-22.45  41.55  6.51359
-22.45  42.05  6.16333
-22.45  42.55  6.30674
-22.45  43.05  6.72615
-22.45  43.55  6.77115
-22.45  44.05  5.69816
-22.45  44.55  5.92511
-22.45  45.05  6.52333
-22.45  45.55  6.21009
-22.45  46.05  5.9578
-22.45  46.55  6.32448
-22.45  47.05  6.84243
-22.45  47.55  6.83188
-22.45  48.05  6.9413
-22.45  48.55  7.32557
-22.45  49.05  7.63214
-22.45  49.55  7.40833
-22.45  50.05  7.8074
-22.45  50.55  8.38589
-22.45  51.05  8.61455
-22.45  51.55  8.53166
-22.45  52.05  7.82198
-19.95  37.55  6.71657
-19.95  38.05  7.57566
-19.95  38.55  7.30816
-19.95  39.05  7.27944
-19.95  39.55  7.26078
-19.95  40.05  6.97475
-19.95  40.55  6.84162
-19.95  41.05  7.00327
-19.95  41.55  6.85179
-19.95  42.05  6.29052
-19.95  42.55  6.3957
-19.95  43.05  6.82073
-19.95  43.55  6.73963
-19.95  44.05  6.03993
-19.95  44.55  6.25849
-19.95  45.05  6.59153
-19.95  45.55  6.22873
-19.95  46.05  5.95174
-19.95  46.55  6.34454
-19.95  47.05  7.00317
-19.95  47.55  6.89375
-19.95  48.05  6.80148
-19.95  48.55  7.14104
-19.95  49.05  7.73322
-19.95  49.55  7.47522
-19.95  50.05  8.07558
-19.95  50.55  8.57371
-19.95  51.05  8.60667
-19.95  51.55  8.38825
-19.95  52.05  7.56162
-17.45  37.55  6.5603
-17.45  38.05  7.25486
-17.45  38.55  6.98787
-17.45  39.05  6.9474
-17.45  39.55  7.17045
-17.45  40.05  6.88126
-17.45  40.55  6.77468
-17.45  41.05  6.95439
-17.45  41.55  6.94786
-17.45  42.05  6.19328
-17.45  42.55  6.33242
-17.45  43.05  6.5833
-17.45  43.55  6.48885
-17.45  44.05  6.19572
-17.45  44.55  6.23208
-17.45  45.05  6.40815
-17.45  45.55  6.05989
-17.45  46.05  5.84997
-17.45  46.55  6.19959
-17.45  47.05  6.84635
-17.45  47.55  6.77104
-17.45  48.05  6.49516
-17.45  48.55  6.77056
-17.45  49.05  7.63464
-17.45  49.55  7.75996
-17.45  50.05  8.08832
-17.45  50.55  8.60061
-17.45  51.05  8.53291
-17.45  51.55  8.37949
-17.45  52.05  7.59726
-14.95  37.55  6.89026
-14.95  38.05  7.43065
-14.95  38.55  7.14907
-14.95  39.05  6.88956
-14.95  39.55  7.15664
-14.95  40.05  6.92695
-14.95  40.55  6.8818
-14.95  41.05  7.09849
-14.95  41.55  7.04152
-14.95  42.05  6.27428
-14.95  42.55  6.38572
-14.95  43.05  6.51629
-14.95  43.55  6.48681
-14.95  44.05  6.24409
-14.95  44.55  6.0478
-14.95  45.05  6.33759
-14.95  45.55  6.06507
-14.95  46.05  6.02242
-14.95  46.55  6.3277
-14.95  47.05  6.6712
-14.95  47.55  6.80846
-14.95  48.05  6.54675
-14.95  48.55  6.86481
-14.95  49.05  7.63121
-14.95  49.55  7.70039
-14.95  50.05  7.90521
-14.95  50.55  8.66548
-14.95  51.05  8.79617
-14.95  51.55  8.84824
-14.95  52.05  8.17437
-12.45  37.55  7.1056
-12.45  38.05  7.45873
-12.45  38.55  6.97016
-12.45  39.05  6.8642
-12.45  39.55  6.97133
-12.45  40.05  6.67927
-12.45  40.55  6.68788
-12.45  41.05  7.11252
-12.45  41.55  6.97632
-12.45  42.05  6.42106
-12.45  42.55  6.26504
-12.45  43.05  6.2865
-12.45  43.55  6.22488
-12.45  44.05  5.83515
-12.45  44.55  5.77287
-12.45  45.05  6.16296
-12.45  45.55  5.85639
-12.45  46.05  5.99923
-12.45  46.55  6.14207
-12.45  47.05  6.31575
-12.45  47.55  6.72852
-12.45  48.05  6.65014
-12.45  48.55  6.9063
-12.45  49.05  7.51695
-12.45  49.55  7.44947
-12.45  50.05  7.71177
-12.45  50.55  8.33191
-12.45  51.05  8.7852
-12.45  51.55  8.86741
-12.45  52.05  8.58349
-9.95  37.55  7.3458
-9.95  38.05  7.45788
-9.95  38.55  6.71554
-9.95  39.05  6.8979
-9.95  39.55  7.08043
-9.95  40.05  6.71963
-9.95  40.55  6.48723
-9.95  41.05  6.90341
-9.95  41.55  7.0862
-9.95  42.05  6.60447
-9.95  42.55  6.38104
-9.95  43.05  6.48832
-9.95  43.55  6.29536
-9.95  44.05  5.71446
-9.95  44.55  5.8355
-9.95  45.05  6.11863
-9.95  45.55  5.89383
-9.95  46.05  6.16238
-9.95  46.55  6.13728
-9.95  47.05  6.48326
-9.95  47.55  6.5898
-9.95  48.05  6.70746
-9.95  48.55  6.79699
-9.95  49.05  7.33143
-9.95  49.55  7.50348
-9.95  50.05  7.79928
-9.95  50.55  8.2734
-9.95  51.05  8.71558
-9.95  51.55  8.81171
-9.95  52.05  8.16486
-7.45  37.55  6.85191
-7.45  38.05  7.2144
-7.45  38.55  6.59977
-7.45  39.05  6.79682
-7.45  39.55  7.05022
-7.45  40.05  6.50462
-7.45  40.55  6.20644
-7.45  41.05  6.57581
-7.45  41.55  7.10005
-7.45  42.05  6.44735
-7.45  42.55  6.21432
-7.45  43.05  6.34535
-7.45  43.55  6.18658
-7.45  44.05  5.51814
-7.45  44.55  5.66659
-7.45  45.05  5.98149
-7.45  45.55  5.92778
-7.45  46.05  6.0342
-7.45  46.55  5.94691
-7.45  47.05  6.32867
-7.45  47.55  6.01538
-7.45  48.05  6.28991
-7.45  48.55  6.57639
-7.45  49.05  6.92748
-7.45  49.55  7.39895
-7.45  50.05  7.62492
-7.45  50.55  8.08595
-7.45  51.05  8.5027
-7.45  51.55  8.55698
-7.45  52.05  7.8885
-4.95  37.55  6.62913
-4.95  38.05  7.18081
-4.95  38.55  6.71238
-4.95  39.05  6.88667
-4.95  39.55  6.92154
-4.95  40.05  6.43863
-4.95  40.55  6.22158
-4.95  41.05  6.41616
-4.95  41.55  6.62763
-4.95  42.05  6.21724
-4.95  42.55  6.12071
-4.95  43.05  6.1567
-4.95  43.55  6.02825
-4.95  44.05  5.73075
-4.95  44.55  5.86426
-4.95  45.05  6.01127
-4.95  45.55  5.60248
-4.95  46.05  5.49349
-4.95  46.55  5.59776
-4.95  47.05  6.03016
-4.95  47.55  5.94858
-4.95  48.05  6.12629
-4.95  48.55  6.61827
-4.95  49.05  7.30806
-4.95  49.55  7.55396
-4.95  50.05  7.70969
-4.95  50.55  8.29414
-4.95  51.05  8.75471
-4.95  51.55  8.74555
-4.95  52.05  7.9844
-2.45  37.55  6.64818
-2.45  38.05  7.11466
-2.45  38.55  6.53651
-2.45  39.05  6.52754
-2.45  39.55  6.66785
-2.45  40.05  6.41815
-2.45  40.55  6.04963
-2.45  41.05  6.01104
-2.45  41.55  6.02337
-2.45  42.05  5.75325
-2.45  42.55  5.78073
-2.45  43.05  5.89487
-2.45  43.55  5.82966
-2.45  44.05  5.74846
-2.45  44.55  5.89039
-2.45  45.05  5.79067
-2.45  45.55  5.21765
-2.45  46.05  4.96193
-2.45  46.55  5.03817
-2.45  47.05  5.59913
-2.45  47.55  5.8318
-2.45  48.05  5.99611
-2.45  48.55  6.38725
-2.45  49.05  7.27793
-2.45  49.55  7.30258
-2.45  50.05  7.66492
-2.45  50.55  8.46512
-2.45  51.05  8.85832
-2.45  51.55  8.92544
-2.45  52.05  8.39419
0.05  37.55  6.88159
0.05  38.05  7.11688
0.05  38.55  6.42664
0.05  39.05  6.05831
0.05  39.55  6.14524
0.05  40.05  6.30131
0.05  40.55  6.22033
0.05  41.05  6.12705
0.05  41.55  5.99905
0.05  42.05  5.73706
0.05  42.55  5.81496
0.05  43.05  5.97933
0.05  43.55  6.07071
0.05  44.05  5.64981
0.05  44.55  5.6468
0.05  45.05  5.60248
0.05  45.55  4.9805
0.05  46.05  4.89145
0.05  46.55  5.01804
0.05  47.05  5.52514
0.05  47.55  5.90269
0.05  48.05  6.22417
0.05  48.55  6.512
0.05  49.05  7.10371
0.05  49.55  7.06578
0.05  50.05  7.52041
0.05  50.55  8.30274
0.05  51.05  8.83375
0.05  51.55  9.13829
0.05  52.05  8.92049
2.55  37.55  6.33185
2.55  38.05  6.59822
2.55  38.55  6.08192
2.55  39.05  5.84222
2.55  39.55  5.68468
2.55  40.05  6.05201
2.55  40.55  6.56915
2.55  41.05  6.73163
2.55  41.55  5.80798
2.55  42.05  5.56701
2.55  42.55  5.71038
2.55  43.05  5.82835
2.55  43.55  5.71406
2.55  44.05  5.20388
2.55  44.55  5.31953
2.55  45.05  5.35833
2.55  45.55  4.5847
2.55  46.05  4.60609
2.55  46.55  5.01206
2.55  47.05  5.32362
2.55  47.55  5.80399
2.55  48.05  6.28763
2.55  48.55  6.54898
2.55  49.05  6.77525
2.55  49.55  6.77734
2.55  50.05  7.11751
2.55  50.55  8.04033
2.55  51.05  8.43897
2.55  51.55  8.66079
2.55  52.05  8.13138
5.05  37.55  5.82588
5.05  38.05  6.35411
5.05  38.55  6.03646
5.05  39.05  5.99535
5.05  39.55  6.49238
5.05  40.05  6.26629
5.05  40.55  6.96374
5.05  41.05  7.41875
5.05  41.55  6.06858
5.05  42.05  5.58358
5.05  42.55  5.83034
5.05  43.05  5.87447
5.05  43.55  5.88675
5.05  44.05  5.29452
5.05  44.55  5.36554
5.05  45.05  5.43205
5.05  45.55  4.62516
5.05  46.05  4.54805
5.05  46.55  4.78831
5.05  47.05  5.34278
5.05  47.55  5.81428
5.05  48.05  6.13346
5.05  48.55  6.32913
5.05  49.05  6.52706
5.05  49.55  6.56215
5.05  50.05  7.07017
5.05  50.55  8.13726
5.05  51.05  8.46612
5.05  51.55  8.55023
5.05  52.05  8.15735
7.55  37.55  5.57762
7.55  38.05  6.20033
7.55  38.55  5.93546
7.55  39.05  5.79024
7.55  39.55  6.69239
7.55  40.05  5.646
7.55  40.55  5.77006
7.55  41.05  6.0123
7.55  41.55  5.9245
7.55  42.05  5.46196
7.55  42.55  5.52304
7.55  43.05  5.67419
7.55  43.55  5.90527
7.55  44.05  4.99189
7.55  44.55  4.87724
7.55  45.05  5.29034
7.55  45.55  4.53854
7.55  46.05  4.40386
7.55  46.55  4.58785
7.55  47.05  5.20524
7.55  47.55  5.61067
7.55  48.05  5.52781
7.55  48.55  5.59095
7.55  49.05  6.21467
7.55  49.55  6.25608
7.55  50.05  6.96803
7.55  50.55  7.96208
7.55  51.05  8.27453
7.55  51.55  8.33835
7.55  52.05  7.8135
10.05  37.55  5.99742
10.05  38.05  6.5962
10.05  38.55  6.40804
10.05  39.05  6.06606
10.05  39.55  6.32158
10.05  40.05  5.61109
10.05  40.55  5.2592
10.05  41.05  5.51286
10.05  41.55  5.65759
10.05  42.05  5.25941
10.05  42.55  5.11238
10.05  43.05  5.38786
10.05  43.55  5.61096
10.05  44.05  5.01972
10.05  44.55  4.90752
10.05  45.05  5.17365
10.05  45.55  4.39456
10.05  46.05  4.16138
10.05  46.55  4.40796
10.05  47.05  5.09728
10.05  47.55  5.42105
10.05  48.05  5.29241
10.05  48.55  5.45263
10.05  49.05  6.12778
10.05  49.55  6.10606
10.05  50.05  6.7884
10.05  50.55  7.66581
10.05  51.05  8.1841
10.05  51.55  8.15664
10.05  52.05  7.47031
12.55  37.55  6.25586
12.55  38.05  6.86873
12.55  38.55  6.44051
12.55  39.05  6.15126
12.55  39.55  6.0911
12.55  40.05  5.56909
12.55  40.55  5.25389
12.55  41.05  5.4703
12.55  41.55  5.52953
12.55  42.05  4.8958
12.55  42.55  4.6956
12.55  43.05  5.09986
12.55  43.55  5.29638
12.55  44.05  4.97823
12.55  44.55  4.86921
12.55  45.05  5.02107
12.55  45.55  4.31077
12.55  46.05  4.02413
12.55  46.55  4.19101
12.55  47.05  4.84533
12.55  47.55  5.03874
12.55  48.05  5.02795
12.55  48.55  5.28
12.55  49.05  5.95849
12.55  49.55  5.83556
12.55  50.05  6.33386
12.55  50.55  7.08389
12.55  51.05  7.79918
12.55  51.55  7.91587
12.55  52.05  7.42732
15.05  37.55  6.16205
15.05  38.05  6.59023
15.05  38.55  6.19222
15.05  39.05  6.15866
15.05  39.55  6.19825
15.05  40.05  5.66862
15.05  40.55  5.4935
15.05  41.05  5.58862
15.05  41.55  5.5592
15.05  42.05  4.68652
15.05  42.55  4.42897
15.05  43.05  5.12221
15.05  43.55  5.34787
15.05  44.05  4.99783
15.05  44.55  4.85549
15.05  45.05  5.07899
15.05  45.55  4.63075
15.05  46.05  4.34613
15.05  46.55  4.363
15.05  47.05  4.93393
15.05  47.55  4.91317
15.05  48.05  4.94296
15.05  48.55  5.23106
15.05  49.05  5.9202
15.05  49.55  5.90252
15.05  50.05  6.19497
15.05  50.55  6.96055
15.05  51.05  7.76363
15.05  51.55  7.99116
15.05  52.05  7.46824
17.55  37.55  5.42174
17.55  38.05  6.20076
17.55  38.55  6.12899
17.55  39.05  5.90423
17.55  39.55  6.24891
17.55  40.05  5.74308
17.55  40.55  5.49533
17.55  41.05  5.55883
17.55  41.55  5.14379
17.55  42.05  4.36829
17.55  42.55  4.31417
17.55  43.05  4.85569
17.55  43.55  5.2561
17.55  44.05  4.74709
17.55  44.55  4.60693
17.55  45.05  5.1644
17.55  45.55  4.99452
17.55  46.05  4.66979
17.55  46.55  4.73409
17.55  47.05  5.18532
17.55  47.55  4.64572
17.55  48.05  4.7449
17.55  48.55  5.14272
17.55  49.05  5.75758
17.55  49.55  5.88314
17.55  50.05  6.17246
17.55  50.55  6.84953
17.55  51.05  7.56106
17.55  51.55  7.73147
17.55  52.05  7.33833
20.05  37.55  5.59979
20.05  38.05  6.59078
20.05  38.55  6.61231
20.05  39.05  6.04111
20.05  39.55  6.41467
20.05  40.05  5.7389
20.05  40.55  5.51534
20.05  41.05  5.82794
20.05  41.55  5.3908
20.05  42.05  4.44631
20.05  42.55  4.44655
20.05  43.05  4.72333
20.05  43.55  5.45202
20.05  44.05  5.09885
20.05  44.55  4.91202
20.05  45.05  5.39268
20.05  45.55  5.10535
20.05  46.05  5.09799
20.05  46.55  5.49035
20.05  47.05  5.74937
20.05  47.55  4.95402
20.05  48.05  4.92268
20.05  48.55  5.33012
20.05  49.05  6.0648
20.05  49.55  6.13746
20.05  50.05  6.45971
20.05  50.55  6.95099
20.05  51.05  7.4227
20.05  51.55  7.59172
20.05  52.05  6.93825
22.55  37.55  6.33123
22.55  38.05  7.10782
22.55  38.55  7.13975
22.55  39.05  6.46711
22.55  39.55  6.19403
22.55  40.05  5.47433
22.55  40.55  4.87289
22.55  41.05  4.8668
22.55  41.55  5.22426
22.55  42.05  4.35805
22.55  42.55  4.34377
22.55  43.05  4.47157
22.55  43.55  5.69759
22.55  44.05  5.13714
22.55  44.55  4.97301
22.55  45.05  5.29335
22.55  45.55  4.9763
22.55  46.05  5.0553
22.55  46.55  5.59809
22.55  47.05  5.81847
22.55  47.55  5.32295
22.55  48.05  5.04423
22.55  48.55  5.55045
22.55  49.05  6.25412
22.55  49.55  6.15546
22.55  50.05  6.4996
22.55  50.55  6.93733
22.55  51.05  7.24152
22.55  51.55  7.18618
22.55  52.05  6.15916
25.05  37.55  6.4982
25.05  38.05  6.88826
25.05  38.55  6.84691
25.05  39.05  6.68296
25.05  39.55  5.89645
25.05  40.05  5.33331
25.05  40.55  4.6708
25.05  41.05  4.81575
25.05  41.55  5.15746
25.05  42.05  4.62298
25.05  42.55  4.77321
25.05  43.05  4.74574
25.05  43.55  5.39127
25.05  44.05  5.22319
25.05  44.55  5.24327
25.05  45.05  5.41202
25.05  45.55  5.32663
25.05  46.05  5.38212
25.05  46.55  5.53781
25.05  47.05  5.70412
25.05  47.55  5.48508
25.05  48.05  5.24054
25.05  48.55  5.8028
25.05  49.05  6.46663
25.05  49.55  6.38959
25.05  50.05  6.53975
25.05  50.55  7.07238
25.05  51.05  7.27928
25.05  51.55  7.05586
25.05  52.05  5.9132
27.55  37.55  5.87404
27.55  38.05  6.35048
27.55  38.55  5.98464
27.55  39.05  5.72153
27.55  39.55  5.4133
27.55  40.05  5.02041
27.55  40.55  4.71991
27.55  41.05  4.75434
27.55  41.55  5.37253
27.55  42.05  4.78866
27.55  42.55  4.56154
27.55  43.05  4.77284
27.55  43.55  4.8928
27.55  44.05  5.17519
27.55  44.55  5.02296
27.55  45.05  5.26528
27.55  45.55  5.4081
27.55  46.05  5.28397
27.55  46.55  5.58233
27.55  47.05  5.5173
27.55  47.55  5.43824
27.55  48.05  5.31512
27.55  48.55  5.91638
27.55  49.05  6.80372
27.55  49.55  6.41957
27.55  50.05  6.43531
27.55  50.55  7.06161
27.55  51.05  7.1341
27.55  51.55  6.92175
27.55  52.05  5.88687
30.05  37.55  5.60536
30.05  38.05  6.0168
30.05  38.55  5.58238
30.05  39.05  5.33892
30.05  39.55  5.26542
30.05  40.05  4.93909
30.05  40.55  5.08261
30.05  41.05  4.86526
30.05  41.55  5.11799
30.05  42.05  4.90116
30.05  42.55  4.53567
30.05  43.05  4.8088
30.05  43.55  5.3493
30.05  44.05  5.61015
30.05  44.55  5.18119
30.05  45.05  5.37655
30.05  45.55  5.3305
30.05  46.05  5.26759
30.05  46.55  5.79143
30.05  47.05  5.86539
30.05  47.55  5.6156
30.05  48.05  5.59594
30.05  48.55  6.07766
30.05  49.05  6.82786
30.05  49.55  6.78592
30.05  50.05  6.75727
30.05  50.55  7.15356
30.05  51.05  7.23286
30.05  51.55  7.08673
30.05  52.05  6.23754
32.55  37.55  5.26694
32.55  38.05  5.66465
32.55  38.55  5.01511
32.55  39.05  4.81421
32.55  39.55  5.18041
32.55  40.05  4.99412
32.55  40.55  4.90622
32.55  41.05  4.70603
32.55  41.55  4.43595
32.55  42.05  4.44882
32.55  42.55  4.42352
32.55  43.05  4.6608
32.55  43.55  5.62058
32.55  44.05  5.80399
32.55  44.55  5.34418
32.55  45.05  5.42046
32.55  45.55  5.09081
32.55  46.05  5.19812
32.55  46.55  5.73792
32.55  47.05  5.84002
32.55  47.55  5.53638
32.55  48.05  5.45532
32.55  48.55  5.98119
32.55  49.05  6.65708
32.55  49.55  6.63966
32.55  50.05  6.70237
32.55  50.55  7.11531
32.55  51.05  7.13882
32.55  51.55  7.03526
32.55  52.05  6.23708
35.05  37.55  5.12197
35.05  38.05  5.59148
35.05  38.55  5.03498
35.05  39.05  4.90392
35.05  39.55  5.21083
35.05  40.05  4.85456
35.05  40.55  4.57983
35.05  41.05  4.56904
35.05  41.55  4.56791
35.05  42.05  4.15274
35.05  42.55  4.18463
35.05  43.05  4.6274
35.05  43.55  5.42536
35.05  44.05  5.45849
35.05  44.55  5.20769
35.05  45.05  5.54541
35.05  45.55  5.21206
35.05  46.05  5.21924
35.05  46.55  5.43428
35.05  47.05  5.83373
35.05  47.55  5.64808
35.05  48.05  5.47174
35.05  48.55  5.96893
35.05  49.05  6.6647
35.05  49.55  6.46786
35.05  50.05  6.62555
35.05  50.55  7.1963
35.05  51.05  7.06637
35.05  51.55  6.97126
35.05  52.05  6.11564
37.55  37.55  4.79932
37.55  38.05  5.35647
37.55  38.55  5.04328
37.55  39.05  4.97117
37.55  39.55  4.99422
37.55  40.05  4.30098
37.55  40.55  4.20651
37.55  41.05  4.30429
37.55  41.55  4.61109
37.55  42.05  4.0605
37.55  42.55  4.04315
37.55  43.05  4.61026
37.55  43.55  5.11977
37.55  44.05  4.83922
37.55  44.55  4.76572
37.55  45.05  5.3132
37.55  45.55  5.03245
37.55  46.05  4.78362
37.55  46.55  5.0136
37.55  47.05  5.73357
37.55  47.55  5.54265
37.55  48.05  5.54728
37.55  48.55  5.9811
37.55  49.05  6.45068
37.55  49.55  6.25304
37.55  50.05  6.48815
37.55  50.55  7.00157
37.55  51.05  6.81863
37.55  51.55  6.75722
37.55  52.05  6.18455
40.05  37.55  4.73024
40.05  38.05  5.55304
40.05  38.55  5.35731
40.05  39.05  5.33661
40.05  39.55  5.17381
40.05  40.05  4.35001
40.05  40.55  4.16063
40.05  41.05  4.2627
40.05  41.55  4.73029
40.05  42.05  4.70248
40.05  42.55  4.49536
40.05  43.05  4.6916
40.05  43.55  5.02369
40.05  44.05  4.72116
40.05  44.55  4.88379
40.05  45.05  5.34823
40.05  45.55  4.9844
40.05  46.05  4.73964
40.05  46.55  5.15126
40.05  47.05  5.79519
40.05  47.55  5.68778
40.05  48.05  5.73222
40.05  48.55  5.96004
40.05  49.05  6.37572
40.05  49.55  6.2571
40.05  50.05  6.59964
40.05  50.55  6.9638
40.05  51.05  6.89179
40.05  51.55  6.8988
40.05  52.05  6.19159
42.55  37.55  4.97142
42.55  38.05  5.69358
42.55  38.55  5.53564
42.55  39.05  5.54325
42.55  39.55  5.23376
42.55  40.05  4.28327
42.55  40.55  4.05839
42.55  41.05  4.01728
42.55  41.55  4.79467
42.55  42.05  4.42216
42.55  42.55  4.24063
42.55  43.05  4.46167
42.55  43.55  4.8345
42.55  44.05  4.47999
42.55  44.55  4.81744
42.55  45.05  5.243
42.55  45.55  4.74887
42.55  46.05  4.57947
42.55  46.55  4.93705
42.55  47.05  5.66538
42.55  47.55  5.68377
42.55  48.05  5.59396
42.55  48.55  5.78207
42.55  49.05  6.18323
42.55  49.55  6.08613
42.55  50.05  6.44265
42.55  50.55  6.81391
42.55  51.05  6.81446
42.55  51.55  6.84516
42.55  52.05  6.10815
45.05  37.55  5.35683
45.05  38.05  5.94743
45.05  38.55  5.71844
45.05  39.05  5.515
45.05  39.55  5.34266
45.05  40.05  4.2305
45.05  40.55  3.89445
45.05  41.05  3.93478
45.05  41.55  4.54694
45.05  42.05  4.07312
45.05  42.55  4.02672
45.05  43.05  4.23756
45.05  43.55  4.48588
45.05  44.05  4.1165
45.05  44.55  4.5674
45.05  45.05  5.04822
45.05  45.55  5.3328
45.05  46.05  4.98206
45.05  46.55  4.96954
45.05  47.05  5.61133
45.05  47.55  5.75457
45.05  48.05  5.58001
45.05  48.55  5.8847
45.05  49.05  6.27654
45.05  49.55  6.19447
45.05  50.05  6.4809
45.05  50.55  6.85263
45.05  51.05  6.93396
45.05  51.55  7.00209
45.05  52.05  6.34247
47.55  37.55  5.52166
47.55  38.05  5.98761
47.55  38.55  5.20225
47.55  39.05  5.04023
47.55  39.55  5.44505
47.55  40.05  3.88372
47.55  40.55  3.51794
47.55  41.05  3.96062
47.55  41.55  3.89511
47.55  42.05  3.68511
47.55  42.55  3.72462
47.55  43.05  3.78183
47.55  43.55  4.00908
47.55  44.05  3.60037
47.55  44.55  3.95375
47.55  45.05  4.68558
47.55  45.55  5.42961
47.55  46.05  5.0591
47.55  46.55  4.96144
47.55  47.05  5.36677
47.55  47.55  5.59723
47.55  48.05  5.54225
47.55  48.55  5.88102
47.55  49.05  6.17045
47.55  49.55  6.00127
47.55  50.05  6.31133
47.55  50.55  6.71625
47.55  51.05  6.85009
47.55  51.55  6.87055
47.55  52.05  5.98327
50.05  37.55  6.64821
50.05  38.05  5.96625
50.05  38.55  4.65557
50.05  39.05  5.01224
50.05  39.55  4.99963
50.05  40.05  4.08166
50.05  40.55  3.70083
50.05  41.05  3.87158
50.05  41.55  3.77279
50.05  42.05  3.43593
50.05  42.55  3.47164
50.05  43.05  3.44438
50.05  43.55  3.634
50.05  44.05  3.57139
50.05  44.55  3.76627
50.05  45.05  4.46029
50.05  45.55  5.1072
50.05  46.05  4.77762
50.05  46.55  5.02194
50.05  47.05  5.59897
50.05  47.55  5.59752
50.05  48.05  5.50773
50.05  48.55  5.81171
50.05  49.05  6.20149
50.05  49.55  5.91306
50.05  50.05  6.33612
50.05  50.55  6.80617
50.05  51.05  6.87851
50.05  51.55  6.75555
50.05  52.05  5.68387
52.55  37.55  6.81625
52.55  38.05  5.61057
52.55  38.55  3.98563
52.55  39.05  4.0541
52.55  39.55  4.1815
52.55  40.05  3.78283
52.55  40.55  3.70578
52.55  41.05  3.50941
52.55  41.55  3.42785
52.55  42.05  3.18037
52.55  42.55  3.26498
52.55  43.05  3.15998
52.55  43.55  3.20033
52.55  44.05  3.4235
52.55  44.55  3.501
52.55  45.05  4.18903
52.55  45.55  4.75893
52.55  46.05  4.42871
52.55  46.55  4.69815
52.55  47.05  5.41275
52.55  47.55  5.29885
52.55  48.05  5.10886
52.55  48.55  5.50583
52.55  49.05  6.02371
52.55  49.55  5.73436
52.55  50.05  6.10812
52.55  50.55  6.61628
52.55  51.05  6.68406
52.55  51.55  6.66303
52.55  52.05  5.99239
55.05  37.55  5.04169
55.05  38.05  4.79296
55.05  38.55  3.46271
55.05  39.05  3.35778
55.05  39.55  3.86668
55.05  40.05  3.63974
55.05  40.55  3.90142
55.05  41.05  3.43032
55.05  41.55  3.21662
55.05  42.05  2.83046
55.05  42.55  2.97643
55.05  43.05  3.15973
55.05  43.55  3.51108
55.05  44.05  3.57201
55.05  44.55  3.52008
55.05  45.05  4.07407
55.05  45.55  4.27049
55.05  46.05  4.27241
55.05  46.55  4.51282
55.05  47.05  5.24513
55.05  47.55  5.3124
55.05  48.05  5.15832
55.05  48.55  5.68294
55.05  49.05  6.18002
55.05  49.55  5.77148
55.05  50.05  6.00946
55.05  50.55  6.5064
55.05  51.05  6.70816
55.05  51.55  6.8912
55.05  52.05  6.60627
57.55  37.55  3.50695
57.55  38.05  3.53037
57.55  38.55  2.80107
57.55  39.05  2.94779
57.55  39.55  3.57418
57.55  40.05  3.36571
57.55  40.55  3.39258
57.55  41.05  3.0947
57.55  41.55  3.0086
57.55  42.05  2.62567
57.55  42.55  2.70376
57.55  43.05  3.03379
57.55  43.55  3.52497
57.55  44.05  3.26161
57.55  44.55  3.41303
57.55  45.05  3.81731
57.55  45.55  3.99855
57.55  46.05  3.9015
57.55  46.55  4.26127
57.55  47.05  4.9908
57.55  47.55  5.25269
57.55  48.05  5.16655
57.55  48.55  5.46958
57.55  49.05  6.02693
57.55  49.55  5.70242
57.55  50.05  5.74229
57.55  50.55  6.297
57.55  51.05  6.57729
57.55  51.55  6.60444
57.55  52.05  5.89995
60.05  37.55  2.96853
60.05  38.05  3.14738
60.05  38.55  2.37973
60.05  39.05  2.77342
60.05  39.55  3.3712
60.05  40.05  3.24505
60.05  40.55  3.05247
60.05  41.05  3.03403
60.05  41.55  2.91191
60.05  42.05  2.65402
60.05  42.55  2.66237
60.05  43.05  3.01509
60.05  43.55  3.65264
60.05  44.05  3.35773
60.05  44.55  3.78193
60.05  45.05  4.42459
60.05  45.55  4.1914
60.05  46.05  3.85355
60.05  46.55  4.22406
60.05  47.05  5.01909
60.05  47.55  5.20145
60.05  48.05  5.27706
60.05  48.55  5.42112
60.05  49.05  5.85324
60.05  49.55  5.79644
60.05  50.05  5.72085
60.05  50.55  6.34369
60.05  51.05  6.69685
60.05  51.55  6.58546
60.05  52.05  5.95296
62.55  37.55  1.86089
62.55  38.05  2.23696
62.55  38.55  2.1065
62.55  39.05  2.33893
62.55  39.55  2.84271
62.55  40.05  3.03082
62.55  40.55  2.71209
62.55  41.05  2.79457
62.55  41.55  2.69698
62.55  42.05  2.4662
62.55  42.55  2.43517
62.55  43.05  2.85335
62.55  43.55  3.6393
62.55  44.05  3.45894
62.55  44.55  3.86794
62.55  45.05  4.9146
62.55  45.55  3.92626
62.55  46.05  3.79758
62.55  46.55  4.13782
62.55  47.05  4.79621
62.55  47.55  4.95402
62.55  48.05  4.99016
62.55  48.55  5.23796
62.55  49.05  5.79978
62.55  49.55  5.70549
62.55  50.05  5.66989
62.55  50.55  6.30024
62.55  51.05  6.60322
62.55  51.55  6.50574
62.55  52.05  5.87113
65.05  37.55  1.65985
65.05  38.05  2.21872
65.05  38.55  2.1558
65.05  39.05  2.16641
65.05  39.55  2.67997
65.05  40.05  2.73623
65.05  40.55  2.4049
65.05  41.05  2.70068
65.05  41.55  2.83085
65.05  42.05  2.61231
65.05  42.55  2.49286
65.05  43.05  2.70366
65.05  43.55  3.27944
65.05  44.05  3.40163
65.05  44.55  3.53657
65.05  45.05  4.50553
65.05  45.55  3.8672
65.05  46.05  3.94515
65.05  46.55  4.17977
65.05  47.05  4.91327
65.05  47.55  5.09455
65.05  48.05  5.06821
65.05  48.55  5.37172
65.05  49.05  5.89498
65.05  49.55  5.87802
65.05  50.05  5.78346
65.05  50.55  6.3833
65.05  51.05  6.66306
65.05  51.55  6.56414
65.05  52.05  5.70748
67.55  37.55  1.86542
67.55  38.05  2.32645
67.55  38.55  2.04543
67.55  39.05  2.12172
67.55  39.55  2.46301
67.55  40.05  2.20216
67.55  40.55  2.05775
67.55  41.05  2.47111
67.55  41.55  2.56708
67.55  42.05  2.39387
67.55  42.55  2.36642
67.55  43.05  2.49017
67.55  43.55  3.07462
67.55  44.05  2.99426
67.55  44.55  2.84507
67.55  45.05  3.28637
67.55  45.55  3.63712
67.55  46.05  3.75486
67.55  46.55  4.07706
67.55  47.05  4.89849
67.55  47.55  4.97561
67.55  48.05  4.94192
67.55  48.55  5.23783
67.55  49.05  5.7226
67.55  49.55  5.78505
67.55  50.05  5.67198
67.55  50.55  6.28811
67.55  51.05  6.61621
67.55  51.55  6.56917
67.55  52.05  5.62958
70.05  37.55  2.24973
70.05  38.05  2.4764
70.05  38.55  1.89324
70.05  39.05  2.09366
70.05  39.55  2.34901
70.05  40.05  1.89906
70.05  40.55  1.74803
70.05  41.05  2.09422
70.05  41.55  2.49863
70.05  42.05  2.47767
70.05  42.55  2.52592
70.05  43.05  2.49801
70.05  43.55  3.15081
70.05  44.05  3.1047
70.05  44.55  2.8792
70.05  45.05  3.11643
70.05  45.55  3.68045
70.05  46.05  3.80666
70.05  46.55  4.10783
70.05  47.05  4.92775
70.05  47.55  4.9758
70.05  48.05  4.90273
70.05  48.55  5.25647
70.05  49.05  5.81783
70.05  49.55  5.7613
70.05  50.05  5.71341
70.05  50.55  6.37224
70.05  51.05  6.71786
70.05  51.55  6.72691
70.05  52.05  6.32107
72.55  37.55  2.6141
72.55  38.05  2.8221
72.55  38.55  1.73784
72.55  39.05  1.67135
72.55  39.55  1.8208
72.55  40.05  1.6332
72.55  40.55  1.40716
72.55  41.05  1.66247
72.55  41.55  2.11653
72.55  42.05  2.36162
72.55  42.55  2.51329
72.55  43.05  2.31628
72.55  43.55  3.05619
72.55  44.05  3.35317
72.55  44.55  3.15999
72.55  45.05  3.22371
72.55  45.55  3.69956
72.55  46.05  3.55241
72.55  46.55  3.89901
72.55  47.05  4.82107
72.55  47.55  4.81743
72.55  48.05  4.67116
72.55  48.55  5.23733
72.55  49.05  5.73627
72.55  49.55  5.49949
72.55  50.05  5.49881
72.55  50.55  6.22634
72.55  51.05  6.63565
72.55  51.55  6.80882
72.55  52.05  6.33171
75.05  37.55  2.51213
75.05  38.05  2.66203
75.05  38.55  1.72549
75.05  39.05  1.72301
75.05  39.55  1.92419
75.05  40.05  1.41931
75.05  40.55  1.13621
75.05  41.05  1.28688
75.05  41.55  1.95323
75.05  42.05  2.08195
75.05  42.55  2.32999
75.05  43.05  2.41954
75.05  43.55  3.26619
75.05  44.05  3.33241
75.05  44.55  3.23617
75.05  45.05  3.59491
75.05  45.55  3.85868
75.05  46.05  3.49431
75.05  46.55  3.77949
75.05  47.05  4.71875
75.05  47.55  4.87973
75.05  48.05  4.66945
75.05  48.55  5.3956
75.05  49.05  5.83571
75.05  49.55  5.51493
75.05  50.05  5.55496
75.05  50.55  6.35294
75.05  51.05  6.81351
75.05  51.55  7.09539
75.05  52.05  6.60442
77.55  37.55  1.88772
77.55  38.05  2.0342
77.55  38.55  1.4533
77.55  39.05  1.66805
77.55  39.55  1.86651
77.55  40.05  0.90099
77.55  40.55  0.894058
77.55  41.05  1.04006
77.55  41.55  1.67203
77.55  42.05  1.61958
77.55  42.55  1.93817
77.55  43.05  2.37886
77.55  43.55  3.51184
77.55  44.05  3.32253
77.55  44.55  3.16522
77.55  45.05  3.6251
77.55  45.55  3.68581
77.55  46.05  3.42714
77.55  46.55  3.65178
77.55  47.05  4.36727
77.55  47.55  4.62776
77.55  48.05  4.61621
77.55  48.55  5.14515
77.55  49.05  5.70934
77.55  49.55  5.40338
77.55  50.05  5.54426
77.55  50.55  6.25357
77.55  51.05  6.6604
77.55  51.55  6.78507
77.55  52.05  6.39755
80.05  37.55  1.25637
80.05  38.05  1.64771
80.05  38.55  1.35933
80.05  39.05  1.67353
80.05  39.55  1.92993
80.05  40.05  1.16791
80.05  40.55  1.34297
80.05  41.05  1.17357
80.05  41.55  1.86754
80.05  42.05  1.57224
80.05  42.55  1.74221
80.05  43.05  2.21504
80.05  43.55  3.16219
80.05  44.05  3.28429
80.05  44.55  3.2913
80.05  45.05  3.8663
80.05  45.55  3.76067
80.05  46.05  3.61445
80.05  46.55  3.88834
80.05  47.05  4.49483
80.05  47.55  4.76403
80.05  48.05  4.84145
80.05  48.55  5.12647
80.05  49.05  5.69354
80.05  49.55  5.55953
80.05  50.05  5.81849
80.05  50.55  6.33518
80.05  51.05  6.62028
80.05  51.55  6.6555
80.05  52.05  5.99315
82.55  37.55  0.300837
82.55  38.05  1.04047
82.55  38.55  1.25642
82.55  39.05  1.35133
82.55  39.55  1.50154
82.55  40.05  0.991106
82.55  40.55  0.938585
82.55  41.05  1.29879
82.55  41.55  1.90762
82.55  42.05  1.31702
82.55  42.55  1.50341
82.55  43.05  1.98916
82.55  43.55  2.67938
82.55  44.05  3.02527
82.55  44.55  3.23168
82.55  45.05  3.78846
82.55  45.55  3.68582
82.55  46.05  3.59715
82.55  46.55  3.84809
82.55  47.05  4.44493
82.55  47.55  4.61796
82.55  48.05  4.65162
82.55  48.55  4.98479
82.55  49.05  5.53809
82.55  49.55  5.37395
82.55  50.05  5.77499
82.55  50.55  6.31854
82.55  51.05  6.47351
82.55  51.55  6.37361
82.55  52.05  5.53869
85.05  37.55  -0
85.05  38.05  1.08313
85.05  38.55  1.63243
85.05  39.05  1.28857
85.05  39.55  1.44314
85.05  40.05  1.39749
85.05  40.55  1.04997
85.05  41.05  1.08976
85.05  41.55  1.44812
85.05  42.05  1.42674
85.05  42.55  1.64416
85.05  43.05  2.04655
85.05  43.55  2.95041
85.05  44.05  2.96461
85.05  44.55  3.28658
85.05  45.05  3.90642
85.05  45.55  3.77027
85.05  46.05  3.73424
85.05  46.55  3.86159
85.05  47.05  4.45475
85.05  47.55  4.56474
85.05  48.05  4.68295
85.05  48.55  4.98878
85.05  49.05  5.50396
85.05  49.55  5.47344
85.05  50.05  5.88366
85.05  50.55  6.49075
85.05  51.05  6.60845
85.05  51.55  6.42559
85.05  52.05  5.41607
87.55  37.55  0.183877
87.55  38.05  1.17368
87.55  38.55  1.49503
87.55  39.05  1.16428
87.55  39.55  1.34729
87.55  40.05  1.29021
87.55  40.55  0.891537
87.55  41.05  0.716075
87.55  41.55  1.07311
87.55  42.05  1.31635
87.55  42.55  1.58651
87.55  43.05  2.0056
87.55  43.55  2.97084
87.55  44.05  2.89977
87.55  44.55  3.21319
87.55  45.05  3.747
87.55  45.55  3.46782
87.55  46.05  3.48119
87.55  46.55  3.73301
87.55  47.05  4.28325
87.55  47.55  4.2842
87.55  48.05  4.5039
87.55  48.55  4.71168
87.55  49.05  5.29832
87.55  49.55  5.30217
87.55  50.05  5.7683
87.55  50.55  6.33828
87.55  51.05  6.44548
87.55  51.55  6.36018
87.55  52.05  5.522
90.05  37.55  0.413752
90.05  38.05  1.15073
90.05  38.55  0.964793
90.05  39.05  1.13672
90.05  39.55  1.51135
90.05  40.05  1.21977
90.05  40.55  0.923212
90.05  41.05  0.99025
90.05  41.55  1.55657
90.05  42.05  1.42256
90.05  42.55  1.79901
90.05  43.05  2.30142
90.05  43.55  3.20579
90.05  44.05  3.23977
90.05  44.55  3.42126
90.05  45.05  3.73194
90.05  45.55  3.53701
90.05  46.05  3.4436
90.05  46.55  3.70141
90.05  47.05  4.24429
90.05  47.55  4.23945
90.05  48.05  4.39463
90.05  48.55  4.64418
90.05  49.05  5.28398
90.05  49.55  5.28469
90.05  50.05  5.78341
90.05  50.55  6.20594
90.05  51.05  6.40432
90.05  51.55  6.43064
90.05  52.05  5.86825
92.55  37.55  0.512325
92.55  38.05  1.07344
92.55  38.55  0.613543
92.55  39.05  0.816566
92.55  39.55  1.27299
92.55  40.05  1.05031
92.55  40.55  1.03443
92.55  41.05  1.51955
92.55  41.55  1.72431
92.55  42.05  1.42054
92.55  42.55  1.79168
92.55  43.05  2.29219
92.55  43.55  3.31763
92.55  44.05  3.28158
92.55  44.55  3.26628
92.55  45.05  3.78648
92.55  45.55  3.423
92.55  46.05  3.29356
92.55  46.55  3.62136
92.55  47.05  4.06363
92.55  47.55  4.13323
92.55  48.05  4.18598
92.55  48.55  4.46522
92.55  49.05  5.11029
92.55  49.55  5.21245
92.55  50.05  5.50815
92.55  50.55  5.94365
92.55  51.05  6.25445
92.55  51.55  6.17549
92.55  52.05  5.33087
95.05  37.55  0.762803
95.05  38.05  1.21748
95.05  38.55  0.822336
95.05  39.05  0.835473
95.05  39.55  1.3089
95.05  40.05  1.23087
95.05  40.55  1.17232
95.05  41.05  1.45383
95.05  41.55  1.64364
95.05  42.05  1.90578
95.05  42.55  2.21435
95.05  43.05  2.55318
95.05  43.55  3.23797
95.05  44.05  3.2887
95.05  44.55  3.19111
95.05  45.05  3.99229
95.05  45.55  3.57221
95.05  46.05  3.32394
95.05  46.55  3.78163
95.05  47.05  4.28244
95.05  47.55  4.24748
95.05  48.05  4.16294
95.05  48.55  4.44682
95.05  49.05  5.23447
95.05  49.55  5.28611
95.05  50.05  5.34923
95.05  50.55  5.80732
95.05  51.05  6.28784
95.05  51.55  6.1579
95.05  52.05  5.19483
97.55  37.55  1.27294
97.55  38.05  1.50496
97.55  38.55  0.981986
97.55  39.05  0.880905
97.55  39.55  1.26365
97.55  40.05  1.34914
97.55  40.55  1.05394
97.55  41.05  1.18198
97.55  41.55  1.69974
97.55  42.05  2.04403
97.55  42.55  2.31989
97.55  43.05  2.54368
97.55  43.55  3.20893
97.55  44.05  3.20448
97.55  44.55  3.33257
97.55  45.05  3.89731
97.55  45.55  3.38922
97.55  46.05  3.33704
97.55  46.55  3.75327
97.55  47.05  4.25327
97.55  47.55  4.05821
97.55  48.05  3.93556
97.55  48.55  4.21308
97.55  49.05  5.11948
97.55  49.55  5.1746
97.55  50.05  5.13386
97.55  50.55  5.4914
97.55  51.05  6.10723
97.55  51.55  6.23809
97.55  52.05  5.25307
100.05  37.55  2.09338
100.05  38.05  2.27481
100.05  38.55  1.64791
100.05  39.05  1.29891
100.05  39.55  1.60378
100.05  40.05  1.54433
100.05  40.55  1.19359
100.05  41.05  1.43483
100.05  41.55  2.11896
100.05  42.05  2.26227
100.05  42.55  2.44607
100.05  43.05  2.50895
100.05  43.55  3.21605
100.05  44.05  3.26042
100.05  44.55  3.69872
100.05  45.05  3.87297
100.05  45.55  3.49448
100.05  46.05  3.51528
100.05  46.55  3.85073
100.05  47.05  4.27606
100.05  47.55  4.04143
100.05  48.05  4.00559
100.05  48.55  4.31036
100.05  49.05  5.16469
100.05  49.55  5.28601
100.05  50.05  5.27556
100.05  50.55  5.59203
100.05  51.05  6.17006
100.05  51.55  6.56062
100.05  52.05  5.75395
102.55  37.55  2.43991
102.55  38.05  2.55065
102.55  38.55  1.99543
102.55  39.05  1.74351
102.55  39.55  2.03197
102.55  40.05  1.81551
102.55  40.55  1.2173
102.55  41.05  1.44713
102.55  41.55  2.20822
102.55  42.05  2.29815
102.55  42.55  2.51148
102.55  43.05  2.43113
102.55  43.55  3.22223
102.55  44.05  3.3066
102.55  44.55  3.4917
102.55  45.05  3.66433
102.55  45.55  3.39135
102.55  46.05  3.5007
102.55  46.55  3.67394
102.55  47.05  4.11047
102.55  47.55  3.88119
102.55  48.05  3.91166
102.55  48.55  4.19041
102.55  49.05  4.98376
102.55  49.55  5.11204
102.55  50.05  5.1951
102.55  50.55  5.64224
102.55  51.05  6.05661
102.55  51.55  6.22605
102.55  52.05  5.49908
105.05  37.55  2.5156
105.05  38.05  2.68717
105.05  38.55  2.05917
105.05  39.05  1.92838
105.05  39.55  2.24422
105.05  40.05  2.03546
105.05  40.55  1.35799
105.05  41.05  1.71069
105.05  41.55  2.39608
105.05  42.05  2.39601
105.05  42.55  2.7355
105.05  43.05  2.84572
105.05  43.55  3.81157
105.05  44.05  3.73605
105.05  44.55  3.67306
105.05  45.05  3.8624
105.05  45.55  3.68054
105.05  46.05  3.762
105.05  46.55  3.80165
105.05  47.05  4.18351
105.05  47.55  4.0203
105.05  48.05  3.93691
105.05  48.55  4.17096
105.05  49.05  4.94483
105.05  49.55  5.07377
105.05  50.05  5.23795
105.05  50.55  5.72296
105.05  51.05  6.19481
105.05  51.55  6.28531
105.05  52.05  5.82585
107.55  37.55  3.07283
107.55  38.05  2.92611
107.55  38.55  2.01471
107.55  39.05  1.88733
107.55  39.55  2.23888
107.55  40.05  1.83644
107.55  40.55  1.36119
107.55  41.05  1.81012
107.55  41.55  2.5081
107.55  42.05  2.57827
107.55  42.55  2.98964
107.55  43.05  3.40877
107.55  43.55  4.10676
107.55  44.05  3.78261
107.55  44.55  3.76812
107.55  45.05  4.06009
107.55  45.55  3.85784
107.55  46.05  3.73291
107.55  46.55  3.76854
107.55  47.05  4.0831
107.55  47.55  3.88645
107.55  48.05  3.6896
107.55  48.55  3.92433
107.55  49.05  4.64949
107.55  49.55  4.87293
107.55  50.05  4.9723
107.55  50.55  5.60396
107.55  51.05  6.11221
107.55  51.55  6.20112
107.55  52.05  5.83021
110.05  37.55  3.19046
110.05  38.05  2.98454
110.05  38.55  2.1684
110.05  39.05  1.90195
110.05  39.55  2.20304
110.05  40.05  1.62048
110.05  40.55  1.57094
110.05  41.05  2.01076
110.05  41.55  2.92025
110.05  42.05  3.07212
110.05  42.55  3.26687
110.05  43.05  3.56307
110.05  43.55  4.26845
110.05  44.05  3.94128
110.05  44.55  3.98514
110.05  45.05  4.24244
110.05  45.55  3.84662
110.05  46.05  3.73856
110.05  46.55  3.86789
110.05  47.05  4.20222
110.05  47.55  3.92909
110.05  48.05  3.6617
110.05  48.55  3.89364
110.05  49.05  4.67289
110.05  49.55  4.89731
110.05  50.05  4.95445
110.05  50.55  5.64209
110.05  51.05  6.26273
110.05  51.55  6.39528
110.05  52.05  6.27597
112.55  37.55  3.05802
112.55  38.05  3.10372
112.55  38.55  2.47829
112.55  39.05  2.19836
112.55  39.55  2.18686
112.55  40.05  1.61489
112.55  40.55  1.75564
112.55  41.05  2.32506
112.55  41.55  3.30868
112.55  42.05  3.40571
112.55  42.55  3.29268
112.55  43.05  3.54434
112.55  43.55  4.27745
112.55  44.05  3.96338
112.55  44.55  4.1621
112.55  45.05  4.17135
112.55  45.55  3.71692
112.55  46.05  3.67803
112.55  46.55  3.82153
112.55  47.05  4.04204
112.55  47.55  3.75119
112.55  48.05  3.47165
112.55  48.55  3.56502
112.55  49.05  4.46088
112.55  49.55  4.70491
112.55  50.05  4.81336
112.55  50.55  5.56103
112.55  51.05  6.26412
112.55  51.55  6.34358
112.55  52.05  5.5962
115.05  37.55  3.62435
115.05  38.05  3.70535
115.05  38.55  2.87213
115.05  39.05  2.51566
115.05  39.55  2.49968
115.05  40.05  2.31895
115.05  40.55  2.41701
115.05  41.05  2.90554
115.05  41.55  3.92208
115.05  42.05  3.83714
115.05  42.55  3.81711
115.05  43.05  4.19255
115.05  43.55  4.42817
115.05  44.05  4.12228
115.05  44.55  4.43397
115.05  45.05  4.25369
115.05  45.55  3.74682
115.05  46.05  3.96641
115.05  46.55  4.1411
115.05  47.05  4.26851
115.05  47.55  3.86433
115.05  48.05  3.52544
115.05  48.55  3.33689
115.05  49.05  4.43893
115.05  49.55  4.63562
115.05  50.05  4.80214
115.05  50.55  5.62282
115.05  51.05  6.39036
115.05  51.55  6.41116
115.05  52.05  5.73127
117.55  37.55  3.97405
117.55  38.05  4.24209
117.55  38.55  2.91088
117.55  39.05  2.39524
117.55  39.55  2.80657
117.55  40.05  2.83067
117.55  40.55  2.8297
117.55  41.05  3.28312
117.55  41.55  4.26752
117.55  42.05  4.10205
117.55  42.55  4.18952
117.55  43.05  4.51686
117.55  43.55  4.38317
117.55  44.05  3.99687
117.55  44.55  4.23956
117.55  45.05  4.20011
117.55  45.55  3.56754
117.55  46.05  3.95515
117.55  46.55  4.2575
117.55  47.05  4.3159
117.55  47.55  3.91088
117.55  48.05  3.48561
117.55  48.55  3.22674
117.55  49.05  4.45989
117.55  49.55  4.50635
117.55  50.05  4.59353
117.55  50.55  5.3985
117.55  51.05  6.29479
117.55  51.55  6.27253
117.55  52.05  5.46092
120.05  37.55  5.03477
120.05  38.05  4.95236
120.05  38.55  2.85339
120.05  39.05  2.30782
120.05  39.55  3.1034
120.05  40.05  3.60226
120.05  40.55  2.96137
120.05  41.05  3.4568
120.05  41.55  4.36236
120.05  42.05  4.41945
120.05  42.55  4.42498
120.05  43.05  4.36512
120.05  43.55  4.03498
120.05  44.05  3.71856
120.05  44.55  3.94777
120.05  45.05  3.99067
120.05  45.55  3.22795
120.05  46.05  3.71229
120.05  46.55  4.22454
120.05  47.05  4.34533
120.05  47.55  3.71879
120.05  48.05  3.22917
120.05  48.55  2.88024
120.05  49.05  4.28221
120.05  49.55  4.25887
120.05  50.05  4.28976
120.05  50.55  5.01325
120.05  51.05  5.97194
120.05  51.55  5.89989
120.05  52.05  5.46795
122.55  43.55  3.95842
122.55  44.55  3.44883
122.55  45.05  3.19176
122.55  45.55  2.85672
122.55  46.05  3.90503
122.55  47.55  3.44508
122.55  48.05  2.4389
122.55  48.55  2.43864
122.55  49.05  3.8177
122.55  49.55  3.57426
122.55  50.05  4.57921
122.55  50.55  4.36758
122.55  51.05  5.46335
