-92.45  50.05  inf
-44.95  50.55  6.26197
-39.95  38.05  13.2385
-39.95  38.55  11.7251
-39.95  39.05  12.915
-39.95  39.55  12.3454
-39.95  40.05  11.6189
-39.95  40.55  11.5405
-39.95  42.05  11.4962
-39.95  42.55  10.6758
-39.95  43.05  11.681
-39.95  43.55  11.4103
-39.95  44.05  11.2699
-39.95  44.55  11.0507
-39.95  45.55  10.3671
-39.95  46.05  9.68022
-39.95  46.55  10.9258
-39.95  47.05  11.9242
-39.95  47.55  11.2255
-39.95  48.05  11.6992
-39.95  48.55  11.7675
-39.95  49.05  11.446
-39.95  49.55  11.8331
-39.95  50.05  12.6373
-39.95  50.55  12.2397
-39.95  51.05  12.1374
-39.95  51.55  12.8816
-37.45  37.55  11.9856
-37.45  38.05  11.8398
-37.45  38.55  11.0753
-37.45  39.05  11.4471
-37.45  39.55  11.6923
-37.45  40.05  10.9125
-37.45  40.55  10.9874
-37.45  41.05  11.5899
-37.45  41.55  11.9207
-37.45  42.05  10.6523
-37.45  42.55  10.331
-37.45  43.05  10.5006
-37.45  43.55  10.5008
-37.45  44.05  10.0948
-37.45  44.55  9.92915
-37.45  45.05  10.4014
-37.45  45.55  9.20296
-37.45  46.05  8.88815
-37.45  46.55  9.3285
-37.45  47.05  10.6781
-37.45  47.55  10.0677
-37.45  48.05  10.7153
-37.45  48.55  11.583
-37.45  49.05  11.0648
-37.45  49.55  11.3309
-37.45  50.05  11.5724
-37.45  50.55  11.777
-37.45  51.05  11.8177
-37.45  51.55  11.8018
-37.45  52.05  10.8915
-34.95  37.55  10.1917
-34.95  38.05  10.2873
-34.95  38.55  9.71915
-34.95  39.05  9.89346
-34.95  39.55  9.93752
-34.95  40.05  9.30397
-34.95  40.55  9.31108
-34.95  41.05  9.58095
-34.95  41.55  9.35539
-34.95  42.05  8.59123
-34.95  42.55  8.39709
-34.95  43.05  8.53333
-34.95  43.55  8.73004
-34.95  44.05  8.38775
-34.95  44.55  8.26912
-34.95  45.05  8.48528
-34.95  45.55  7.80091
-34.95  46.05  7.40413
-34.95  46.55  7.73787
-34.95  47.05  8.38269
-34.95  47.55  8.38729
-34.95  48.05  8.49896
-34.95  48.55  9.36768
-34.95  49.05  9.57016
-34.95  49.55  9.26243
-34.95  50.05  9.53396
-34.95  50.55  10.1101
-34.95  51.05  10.2707
-34.95  51.55  10.2779
-34.95  52.05  9.42352
-32.45  37.55  10.1058
-32.45  38.05  10.4108
-32.45  38.55  9.8797
-32.45  39.05  10.0601
-32.45  39.55  9.93847
-32.45  40.05  9.3691
-32.45  40.55  9.23747
-32.45  41.05  9.30183
-32.45  41.55  8.90358
-32.45  42.05  8.60578
-32.45  42.55  8.44316
-32.45  43.05  8.32
-32.45  43.55  8.74656
-32.45  44.05  8.54621
-32.45  44.55  8.48874
-32.45  45.05  8.85169
-32.45  45.55  8.11157
-32.45  46.05  7.81869
-32.45  46.55  7.80117
-32.45  47.05  7.9604
-32.45  47.55  8.34098
-32.45  48.05  8.35934
-32.45  48.55  8.95111
-32.45  49.05  9.57536
-32.45  49.55  9.28219
-32.45  50.05  9.50434
-32.45  50.55  10.1424
-32.45  51.05  10.4635
-32.45  51.55  10.4572
-32.45  52.05  9.7245
-29.95  37.55  10.0885
-29.95  38.05  10.4717
-29.95  38.55  9.84546
-29.95  39.05  9.92585
-29.95  39.55  10.0134
-29.95  40.05  9.4278
-29.95  40.55  9.35326
-29.95  41.05  9.33137
-29.95  41.55  8.79246
-29.95  42.05  8.29619
-29.95  42.55  8.32524
-29.95  43.05  8.2788
-29.95  43.55  8.83061
-29.95  44.05  8.51407
-29.95  44.55  8.4109
-29.95  45.05  8.73323
-29.95  45.55  8.12509
-29.95  46.05  8.05018
-29.95  46.55  7.94443
-29.95  47.05  8.15344
-29.95  47.55  8.34458
-29.95  48.05  8.63182
-29.95  48.55  8.77819
-29.95  49.05  9.44223
-29.95  49.55  9.48264
-29.95  50.05  9.52068
-29.95  50.55  10.0991
-29.95  51.05  10.524
-29.95  51.55  10.5388
-29.95  52.05  9.89507
-27.45  37.55  10.1682
-27.45  38.05  10.4657
-27.45  38.55  9.68941
-27.45  39.05  9.62598
-27.45  39.55  9.97373
-27.45  40.05  9.52768
-27.45  40.55  9.14043
-27.45  41.05  9.08798
-27.45  41.55  8.70722
-27.45  42.05  7.99062
-27.45  42.55  7.96652
-27.45  43.05  8.16018
-27.45  43.55  8.79522
-27.45  44.05  8.35563
-27.45  44.55  8.11089
-27.45  45.05  8.14331
-27.45  45.55  8.02769
-27.45  46.05  8.13554
-27.45  46.55  8.20634
-27.45  47.05  8.21958
-27.45  47.55  8.18077
-27.45  48.05  8.3095
-27.45  48.55  8.39658
-27.45  49.05  9.20372
-27.45  49.55  9.3177
-27.45  50.05  9.35754
-27.45  50.55  9.91365
-27.45  51.05  10.3584
-27.45  51.55  10.3912
-27.45  52.05  9.8871
-24.95  37.55  10.143
-24.95  38.05  10.1513
-24.95  38.55  9.39997
-24.95  39.05  9.47906
-24.95  39.55  10.0045
-24.95  40.05  9.50359
-24.95  40.55  8.97365
-24.95  41.05  9.08011
-24.95  41.55  8.89518
-24.95  42.05  8.23302
-24.95  42.55  8.21213
-24.95  43.05  8.43731
-24.95  43.55  8.75313
-24.95  44.05  8.26208
-24.95  44.55  7.97543
-24.95  45.05  8.16354
-24.95  45.55  8.01925
-24.95  46.05  7.92806
-24.95  46.55  8.0651
-24.95  47.05  8.21139
-24.95  47.55  8.28024
-24.95  48.05  8.25531
-24.95  48.55  8.24301
-24.95  49.05  8.90514
-24.95  49.55  9.05963
-24.95  50.05  9.33577
-24.95  50.55  9.82566
-24.95  51.05  10.2677
-24.95  51.55  10.2867
-24.95  52.05  9.70897
-22.45  37.55  9.12864
-22.45  38.05  9.50418
-22.45  38.55  8.9794
-22.45  39.05  9.3111
-22.45  39.55  9.81103
-22.45  40.05  8.99999
-22.45  40.55  8.68765
-22.45  41.05  8.98628
-22.45  41.55  8.9408
-22.45  42.05  8.46299
-22.45  42.55  8.40675
-22.45  43.05  8.52699
-22.45  43.55  8.61925
-22.45  44.05  8.13035
-22.45  44.55  7.9003
-22.45  45.05  7.98114
-22.45  45.55  7.874
-22.45  46.05  7.60897
-22.45  46.55  7.60986
-22.45  47.05  7.96543
-22.45  47.55  8.24338
-22.45  48.05  8.27218
-22.45  48.55  8.21955
-22.45  49.05  8.77461
-22.45  49.55  8.74135
-22.45  50.05  9.01688
-22.45  50.55  9.65528
-22.45  51.05  10.0738
-22.45  51.55  10.0557
-22.45  52.05  9.41419
-19.95  37.55  8.51948
-19.95  38.05  9.36522
-19.95  38.55  9.07527
-19.95  39.05  9.47844
-19.95  39.55  9.74968
-19.95  40.05  8.96547
-19.95  40.55  8.77884
-19.95  41.05  9.12553
-19.95  41.55  9.01811
-19.95  42.05  8.49733
-19.95  42.55  8.42421
-19.95  43.05  8.62854
-19.95  43.55  8.61863
-19.95  44.05  7.9646
-19.95  44.55  7.92154
-19.95  45.05  8.13684
-19.95  45.55  7.88877
-19.95  46.05  7.73196
-19.95  46.55  7.85963
-19.95  47.05  8.41665
-19.95  47.55  8.36271
-19.95  48.05  8.30123
-19.95  48.55  8.37884
-19.95  49.05  8.96461
-19.95  49.55  8.93914
-19.95  50.05  9.00717
-19.95  50.55  9.63653
-19.95  51.05  10.1375
-19.95  51.55  10.0536
-19.95  52.05  9.25436
-17.45  37.55  8.45244
-17.45  38.05  9.1657
-17.45  38.55  8.89545
-17.45  39.05  9.24356
-17.45  39.55  9.73089
-17.45  40.05  9.00194
-17.45  40.55  8.71695
-17.45  41.05  8.93739
-17.45  41.55  8.92133
-17.45  42.05  8.16433
-17.45  42.55  8.09745
-17.45  43.05  8.37782
-17.45  43.55  8.25348
-17.45  44.05  7.65288
-17.45  44.55  7.69836
-17.45  45.05  8.01245
-17.45  45.55  7.75982
-17.45  46.05  7.72755
-17.45  46.55  7.8542
-17.45  47.05  8.61777
-17.45  47.55  8.15876
-17.45  48.05  7.97498
-17.45  48.55  8.21916
-17.45  49.05  8.99749
-17.45  49.55  8.82545
-17.45  50.05  8.8643
-17.45  50.55  9.50038
-17.45  51.05  10.052
-17.45  51.55  10.0109
-17.45  52.05  9.51537
-14.95  37.55  8.69499
-14.95  38.05  9.24995
-14.95  38.55  8.9497
-14.95  39.05  9.02122
-14.95  39.55  9.58231
-14.95  40.05  8.95182
-14.95  40.55  8.73641
-14.95  41.05  8.89155
-14.95  41.55  8.94781
-14.95  42.05  8.37877
-14.95  42.55  8.14602
-14.95  43.05  8.31978
-14.95  43.55  8.24117
-14.95  44.05  7.5597
-14.95  44.55  7.6491
-14.95  45.05  7.9319
-14.95  45.55  7.78887
-14.95  46.05  7.80869
-14.95  46.55  7.73747
-14.95  47.05  8.04502
-14.95  47.55  8.14936
-14.95  48.05  7.98632
-14.95  48.55  8.27839
-14.95  49.05  9.00888
-14.95  49.55  8.96128
-14.95  50.05  9.05906
-14.95  50.55  9.61265
-14.95  51.05  10.1142
-14.95  51.55  10.1688
-14.95  52.05  9.73364
-12.45  37.55  8.69
-12.45  38.05  9.29002
-12.45  38.55  8.86822
-12.45  39.05  8.70984
-12.45  39.55  8.84781
-12.45  40.05  8.32668
-12.45  40.55  8.33395
-12.45  41.05  8.80902
-12.45  41.55  8.68556
-12.45  42.05  8.19528
-12.45  42.55  8.03024
-12.45  43.05  8.09806
-12.45  43.55  8.09146
-12.45  44.05  7.40483
-12.45  44.55  7.46388
-12.45  45.05  7.72302
-12.45  45.55  7.78248
-12.45  46.05  7.6363
-12.45  46.55  7.44603
-12.45  47.05  7.48838
-12.45  47.55  7.76141
-12.45  48.05  7.85456
-12.45  48.55  8.21137
-12.45  49.05  8.85077
-12.45  49.55  8.84414
-12.45  50.05  9.02848
-12.45  50.55  9.63304
-12.45  51.05  10.0873
-12.45  51.55  10.1115
-12.45  52.05  9.23908
-9.95  37.55  8.85585
-9.95  38.05  9.45205
-9.95  38.55  8.78357
-9.95  39.05  8.69921
-9.95  39.55  8.72439
-9.95  40.05  8.32187
-9.95  40.55  8.1103
-9.95  41.05  8.52285
-9.95  41.55  8.44303
-9.95  42.05  8.05745
-9.95  42.55  7.99036
-9.95  43.05  7.99767
-9.95  43.55  7.86285
-9.95  44.05  7.38278
-9.95  44.55  7.35774
-9.95  45.05  7.67662
-9.95  45.55  7.73049
-9.95  46.05  7.6989
-9.95  46.55  7.6932
-9.95  47.05  7.89242
-9.95  47.55  7.67208
-9.95  48.05  7.84731
-9.95  48.55  8.40571
-9.95  49.05  8.95789
-9.95  49.55  8.9256
-9.95  50.05  9.02754
-9.95  50.55  9.62481
-9.95  51.05  10.2125
-9.95  51.55  10.156
-9.95  52.05  9.31853
-7.45  37.55  9.15558
-7.45  38.05  9.44364
-7.45  38.55  8.64733
-7.45  39.05  8.516
-7.45  39.55  8.69704
-7.45  40.05  8.2684
-7.45  40.55  7.81883
-7.45  41.05  7.96046
-7.45  41.55  7.7567
-7.45  42.05  7.68223
-7.45  42.55  7.70626
-7.45  43.05  7.71173
-7.45  43.55  7.60821
-7.45  44.05  7.12779
-7.45  44.55  7.04591
-7.45  45.05  7.3888
-7.45  45.55  6.9968
-7.45  46.05  7.19733
-7.45  46.55  7.5081
-7.45  47.05  7.94709
-7.45  47.55  7.5413
-7.45  48.05  7.58709
-7.45  48.55  8.16445
-7.45  49.05  8.91189
-7.45  49.55  8.85581
-7.45  50.05  8.87642
-7.45  50.55  9.36191
-7.45  51.05  10.0241
-7.45  51.55  10.0628
-7.45  52.05  9.3288
-4.95  37.55  9.39328
-4.95  38.05  9.56686
-4.95  38.55  8.78986
-4.95  39.05  8.6647
-4.95  39.55  8.63044
-4.95  40.05  8.14325
-4.95  40.55  7.8702
-4.95  41.05  7.8738
-4.95  41.55  7.51081
-4.95  42.05  7.21096
-4.95  42.55  7.34686
-4.95  43.05  7.56839
-4.95  43.55  7.53346
-4.95  44.05  7.17315
-4.95  44.55  7.03441
-4.95  45.05  7.28976
-4.95  45.55  6.91658
-4.95  46.05  7.0806
-4.95  46.55  7.4105
-4.95  47.05  7.72772
-4.95  47.55  7.5568
-4.95  48.05  7.52523
-4.95  48.55  8.00116
-4.95  49.05  8.87105
-4.95  49.55  8.82173
-4.95  50.05  8.89179
-4.95  50.55  9.41478
-4.95  51.05  9.99593
-4.95  51.55  10.2301
-4.95  52.05  9.99555
-2.45  37.55  9.24765
-2.45  38.05  9.38787
-2.45  38.55  8.69715
-2.45  39.05  8.38592
-2.45  39.55  8.2802
-2.45  40.05  8.00628
-2.45  40.55  7.86351
-2.45  41.05  7.82967
-2.45  41.55  7.28626
-2.45  42.05  6.74155
-2.45  42.55  6.9466
-2.45  43.05  7.23787
-2.45  43.55  7.23783
-2.45  44.05  7.00213
-2.45  44.55  6.89479
-2.45  45.05  7.08926
-2.45  45.55  6.92236
-2.45  46.05  7.03609
-2.45  46.55  7.27247
-2.45  47.05  7.44556
-2.45  47.55  7.48746
-2.45  48.05  7.42148
-2.45  48.55  7.64139
-2.45  49.05  8.68298
-2.45  49.55  8.50499
-2.45  50.05  8.67954
-2.45  50.55  9.35504
-2.45  51.05  9.82843
-2.45  51.55  10.066
-2.45  52.05  9.54389
0.05  37.55  9.28951
0.05  38.05  9.4367
0.05  38.55  8.97902
0.05  39.05  8.56973
0.05  39.55  8.30473
0.05  40.05  7.97944
0.05  40.55  8.04812
0.05  41.05  7.99231
0.05  41.55  7.3441
0.05  42.05  6.81203
0.05  42.55  6.93693
0.05  43.05  7.15979
0.05  43.55  7.33342
0.05  44.05  7.04578
0.05  44.55  7.0297
0.05  45.05  7.19155
0.05  45.55  6.78873
0.05  46.05  6.71382
0.05  46.55  7.0066
0.05  47.05  7.43319
0.05  47.55  7.36263
0.05  48.05  7.53834
0.05  48.55  7.73662
0.05  49.05  8.33436
0.05  49.55  8.25254
0.05  50.05  8.4725
0.05  50.55  9.17927
0.05  51.05  9.78943
0.05  51.55  9.96063
0.05  52.05  9.26498
2.55  37.55  8.93707
2.55  38.05  9.40992
2.55  38.55  9.01296
2.55  39.05  8.74208
2.55  39.55  8.23618
2.55  40.05  7.56745
2.55  40.55  7.98866
2.55  41.05  8.16962
2.55  41.55  7.12497
2.55  42.05  6.9082
2.55  42.55  6.72008
2.55  43.05  6.88451
2.55  43.55  6.93827
2.55  44.05  6.87412
2.55  44.55  6.93295
2.55  45.05  7.10678
2.55  45.55  6.63535
2.55  46.05  6.37129
2.55  46.55  6.61233
2.55  47.05  7.1027
2.55  47.55  7.07357
2.55  48.05  7.32778
2.55  48.55  7.63691
2.55  49.05  7.87149
2.55  49.55  7.93163
2.55  50.05  8.15228
2.55  50.55  8.81282
2.55  51.05  9.5944
2.55  51.55  9.74983
2.55  52.05  9.47918
5.05  37.55  8.81386
5.05  38.05  9.45042
5.05  38.55  8.96509
5.05  39.05  8.75684
5.05  39.55  8.47206
5.05  40.05  7.67349
5.05  40.55  8.07513
5.05  41.05  8.78883
5.05  41.55  7.15265
5.05  42.05  7.00374
5.05  42.55  6.6942
5.05  43.05  6.87737
5.05  43.55  6.95913
5.05  44.05  6.68069
5.05  44.55  6.79733
5.05  45.05  7.24287
5.05  45.55  6.81022
5.05  46.05  6.53839
5.05  46.55  6.72664
5.05  47.05  7.24055
5.05  47.55  7.07721
5.05  48.05  7.1373
5.05  48.55  7.56811
5.05  49.05  7.89873
5.05  49.55  7.82415
5.05  50.05  8.09532
5.05  50.55  8.87332
5.05  51.05  9.59655
5.05  51.55  9.6439
5.05  52.05  8.98179
7.55  37.55  8.82371
7.55  38.05  9.50859
7.55  38.55  8.87725
7.55  39.05  8.51837
7.55  39.55  8.34265
7.55  40.05  7.53169
7.55  40.55  7.29755
7.55  41.05  7.49859
7.55  41.55  6.95605
7.55  42.05  6.58909
7.55  42.55  6.52625
7.55  43.05  6.72651
7.55  43.55  7.01926
7.55  44.05  6.37777
7.55  44.55  6.4654
7.55  45.05  7.15267
7.55  45.55  6.68809
7.55  46.05  6.48314
7.55  46.55  6.75902
7.55  47.05  7.3077
7.55  47.55  6.96667
7.55  48.05  6.86828
7.55  48.55  7.18377
7.55  49.05  7.74733
7.55  49.55  7.48386
7.55  50.05  7.85495
7.55  50.55  8.93827
7.55  51.05  9.4222
7.55  51.55  9.49233
7.55  52.05  8.71746
10.05  37.55  9.0657
10.05  38.05  9.77322
10.05  38.55  9.17519
10.05  39.05  8.74817
10.05  39.55  8.27637
10.05  40.05  7.39047
10.05  40.55  6.64035
10.05  41.05  6.64381
10.05  41.55  7.00728
10.05  42.05  6.4694
10.05  42.55  6.42885
10.05  43.05  6.54507
10.05  43.55  6.80219
10.05  44.05  6.63502
10.05  44.55  6.68769
10.05  45.05  7.04105
10.05  45.55  6.50751
10.05  46.05  6.25542
10.05  46.55  6.71578
10.05  47.05  7.19241
10.05  47.55  6.9125
10.05  48.05  6.8617
10.05  48.55  6.96617
10.05  49.05  7.65509
10.05  49.55  7.49707
10.05  50.05  7.84489
10.05  50.55  8.94834
10.05  51.05  9.50038
10.05  51.55  9.6774
10.05  52.05  9.2997
12.55  37.55  9.71102
12.55  38.05  10.2439
12.55  38.55  9.3949
12.55  39.05  8.8882
12.55  39.55  8.16343
12.55  40.05  7.03204
12.55  40.55  6.52577
12.55  41.05  6.7289
12.55  41.55  7.05608
12.55  42.05  6.23948
12.55  42.55  6.1086
12.55  43.05  6.27644
12.55  43.55  6.51946
12.55  44.05  6.67597
12.55  44.55  6.63864
12.55  45.05  6.87159
12.55  45.55  6.29772
12.55  46.05  5.78834
12.55  46.55  6.28374
12.55  47.05  6.90155
12.55  47.55  6.74918
12.55  48.05  6.62158
12.55  48.55  6.83037
12.55  49.05  7.30843
12.55  49.55  7.33355
12.55  50.05  7.63635
12.55  50.55  8.5487
12.55  51.05  9.26569
12.55  51.55  9.34757
12.55  52.05  8.91387
15.05  37.55  9.99929
15.05  38.05  10.3015
15.05  38.55  9.47457
15.05  39.05  9.04454
15.05  39.55  8.23741
15.05  40.05  7.30434
15.05  40.55  6.91659
15.05  41.05  7.08698
15.05  41.55  7.44913
15.05  42.05  6.33057
15.05  42.55  6.01643
15.05  43.05  6.20594
15.05  43.55  6.72502
15.05  44.05  6.62278
15.05  44.55  6.51847
15.05  45.05  6.99617
15.05  45.55  6.86752
15.05  46.05  6.06692
15.05  46.55  6.29408
15.05  47.05  6.84432
15.05  47.55  6.6788
15.05  48.05  6.16117
15.05  48.55  6.45652
15.05  49.05  7.17387
15.05  49.55  7.30896
15.05  50.05  7.85013
15.05  50.55  8.60264
15.05  51.05  9.2014
15.05  51.55  9.23775
15.05  52.05  8.67472
17.55  37.55  9.27258
17.55  38.05  9.62853
17.55  38.55  9.24811
17.55  39.05  8.85073
17.55  39.55  8.24775
17.55  40.05  7.72715
17.55  40.55  7.32281
17.55  41.05  7.47838
17.55  41.55  7.31288
17.55  42.05  6.16727
17.55  42.55  5.87724
17.55  43.05  6.10217
17.55  43.55  6.90878
17.55  44.05  6.34627
17.55  44.55  6.14508
17.55  45.05  6.84469
17.55  45.55  6.97952
17.55  46.05  6.34638
17.55  46.55  6.28647
17.55  47.05  6.76774
17.55  47.55  6.38968
17.55  48.05  5.85292
17.55  48.55  6.17592
17.55  49.05  7.10881
17.55  49.55  7.33107
17.55  50.05  7.75626
17.55  50.55  8.41414
17.55  51.05  8.95739
17.55  51.55  9.10407
17.55  52.05  8.4442
20.05  37.55  9.16943
20.05  38.05  9.77742
20.05  38.55  9.63122
20.05  39.05  9.09695
20.05  39.55  8.40953
20.05  40.05  7.83168
20.05  40.55  7.3497
20.05  41.05  7.33786
20.05  41.55  6.86179
20.05  42.05  6.10392
20.05  42.55  6.11451
20.05  43.05  6.26855
20.05  43.55  6.70676
20.05  44.05  6.35675
20.05  44.55  6.11851
20.05  45.05  6.7743
20.05  45.55  6.71758
20.05  46.05  6.60985
20.05  46.55  6.72561
20.05  47.05  6.83155
20.05  47.55  6.48366
20.05  48.05  6.23937
20.05  48.55  6.67045
20.05  49.05  7.3429
20.05  49.55  7.38477
20.05  50.05  7.64455
20.05  50.55  8.23288
20.05  51.05  8.83963
20.05  51.55  9.17108
20.05  52.05  9.0836
22.55  37.55  9.28858
22.55  38.05  9.84137
22.55  38.55  9.91857
22.55  39.05  9.65429
22.55  39.55  8.30657
22.55  40.05  7.70477
22.55  40.55  7.10591
22.55  41.05  6.94976
22.55  41.55  6.6938
22.55  42.05  5.93346
22.55  42.55  6.07804
22.55  43.05  6.18432
22.55  43.55  6.37355
22.55  44.05  6.24284
22.55  44.55  5.99002
22.55  45.05  6.53376
22.55  45.55  6.48467
22.55  46.05  6.45046
22.55  46.55  6.74939
22.55  47.05  6.82313
22.55  47.55  6.47603
22.55  48.05  6.44531
22.55  48.55  6.9793
22.55  49.05  7.44063
22.55  49.55  7.17544
22.55  50.05  7.39326
22.55  50.55  7.93175
22.55  51.05  8.54202
22.55  51.55  8.89326
22.55  52.05  8.97708
25.05  37.55  9.65979
25.05  38.05  10.0212
25.05  38.55  10.1045
25.05  39.05  10.274
25.05  39.55  8.42494
25.05  40.05  7.86369
25.05  40.55  7.48276
25.05  41.05  7.3976
25.05  41.55  7.0136
25.05  42.05  6.23343
25.05  42.55  6.2007
25.05  43.05  6.16243
25.05  43.55  6.39893
25.05  44.05  6.24474
25.05  44.55  6.09299
25.05  45.05  6.55125
25.05  45.55  6.70112
25.05  46.05  6.58498
25.05  46.55  6.73515
25.05  47.05  6.9076
25.05  47.55  6.79705
25.05  48.05  6.72012
25.05  48.55  7.03825
25.05  49.05  7.55885
25.05  49.55  7.23608
25.05  50.05  7.53883
25.05  50.55  8.03694
25.05  51.05  8.55586
25.05  51.55  8.74501
25.05  52.05  8.51473
27.55  37.55  9.63812
27.55  38.05  9.83734
27.55  38.55  9.34583
27.55  39.05  8.87562
27.55  39.55  8.13464
27.55  40.05  7.76196
27.55  40.55  7.62942
27.55  41.05  8.02372
27.55  41.55  6.85804
27.55  42.05  6.25516
27.55  42.55  6.0033
27.55  43.05  5.95491
27.55  43.55  6.23033
27.55  44.05  6.0356
27.55  44.55  5.92797
27.55  45.05  6.49392
27.55  45.55  6.80888
27.55  46.05  6.55539
27.55  46.55  6.63791
27.55  47.05  6.78689
27.55  47.55  6.88066
27.55  48.05  6.71557
27.55  48.55  6.94587
27.55  49.05  7.42564
27.55  49.55  7.09002
27.55  50.05  7.28244
27.55  50.55  7.91444
27.55  51.05  8.54085
27.55  51.55  8.96437
27.55  52.05  9.09621
30.05  37.55  8.69472
30.05  38.05  8.8268
30.05  38.55  8.10559
30.05  39.05  7.75219
30.05  39.55  8.14563
30.05  40.05  8.09869
30.05  40.55  7.39019
30.05  41.05  7.71638
30.05  41.55  6.59137
30.05  42.05  6.01495
30.05  42.55  5.87491
30.05  43.05  6.12274
30.05  43.55  6.33871
30.05  44.05  6.13774
30.05  44.55  6.0163
30.05  45.05  6.48908
30.05  45.55  6.49589
30.05  46.05  6.71289
30.05  46.55  6.98861
30.05  47.05  7.01632
30.05  47.55  6.87962
30.05  48.05  6.7493
30.05  48.55  7.04583
30.05  49.05  7.52289
30.05  49.55  7.3341
30.05  50.05  7.47137
30.05  50.55  8.10003
30.05  51.05  8.70318
30.05  51.55  9.18736
30.05  52.05  9.21661
32.55  37.55  7.46708
32.55  38.05  7.99485
32.55  38.55  7.5115
32.55  39.05  7.16357
32.55  39.55  8.07826
32.55  40.05  7.12203
32.55  40.55  6.36824
32.55  41.05  6.81197
32.55  41.55  6.32622
32.55  42.05  5.67565
32.55  42.55  5.79035
32.55  43.05  5.90725
32.55  43.55  6.12779
32.55  44.05  6.11132
32.55  44.55  6.15649
32.55  45.05  6.48866
32.55  45.55  6.17596
32.55  46.05  6.706
32.55  46.55  7.20533
32.55  47.05  6.88021
32.55  47.55  6.54183
32.55  48.05  6.63762
32.55  48.55  6.99091
32.55  49.05  7.45259
32.55  49.55  7.41312
32.55  50.05  7.48742
32.55  50.55  8.17247
32.55  51.05  8.77191
32.55  51.55  8.84524
32.55  52.05  7.64789
35.05  37.55  6.78487
35.05  38.05  7.66789
35.05  38.55  7.13697
35.05  39.05  6.81074
35.05  39.55  7.352
35.05  40.05  6.62727
35.05  40.55  5.98696
35.05  41.05  6.28399
35.05  41.55  6.3998
35.05  42.05  5.71964
35.05  42.55  5.84131
35.05  43.05  5.77301
35.05  43.55  6.18464
35.05  44.05  6.11995
35.05  44.55  6.1457
35.05  45.05  6.4955
35.05  45.55  6.36409
35.05  46.05  6.52099
35.05  46.55  6.98433
35.05  47.05  6.9821
35.05  47.55  6.65537
35.05  48.05  6.70077
35.05  48.55  6.97103
35.05  49.05  7.5043
35.05  49.55  7.42647
35.05  50.05  7.43131
35.05  50.55  8.24546
35.05  51.05  8.80504
35.05  51.55  8.62362
35.05  52.05  7.46076
37.55  37.55  6.86049
37.55  38.05  7.62316
37.55  38.55  6.92235
37.55  39.05  6.41728
37.55  39.55  6.55703
37.55  40.05  6.00807
37.55  40.55  5.51423
37.55  41.05  6.00175
37.55  41.55  6.52341
37.55  42.05  5.5447
37.55  42.55  5.46934
37.55  43.05  5.58088
37.55  43.55  5.98777
37.55  44.05  5.94653
37.55  44.55  6.05895
37.55  45.05  6.24577
37.55  45.55  6.28543
37.55  46.05  6.00105
37.55  46.55  6.32725
37.55  47.05  6.93988
37.55  47.55  6.66552
37.55  48.05  6.57251
37.55  48.55  6.76186
37.55  49.05  7.25525
37.55  49.55  7.22013
37.55  50.05  7.32042
37.55  50.55  8.00726
37.55  51.05  8.48725
37.55  51.55  8.44383
37.55  52.05  7.30712
40.05  37.55  7.0259
40.05  38.05  7.52452
40.05  38.55  7.05446
40.05  39.05  6.42582
40.05  39.55  6.37754
40.05  40.05  5.76233
40.05  40.55  5.73065
40.05  41.05  6.15199
40.05  41.55  6.16234
40.05  42.05  5.36734
40.05  42.55  5.28666
40.05  43.05  5.52575
40.05  43.55  5.99268
40.05  44.05  5.71
40.05  44.55  6.05388
40.05  45.05  6.25741
40.05  45.55  6.04464
40.05  46.05  5.8711
40.05  46.55  6.30707
40.05  47.05  6.81588
40.05  47.55  6.58459
40.05  48.05  6.58591
40.05  48.55  6.75223
40.05  49.05  7.39779
40.05  49.55  7.36063
40.05  50.05  7.4943
40.05  50.55  7.96687
40.05  51.05  8.39811
40.05  51.55  8.50168
40.05  52.05  7.76046
42.55  37.55  6.61423
42.55  38.05  7.30687
42.55  38.55  7.28471
42.55  39.05  6.87274
42.55  39.55  6.31939
42.55  40.05  5.06261
42.55  40.55  4.93243
42.55  41.05  4.98853
42.55  41.55  5.21409
42.55  42.05  4.94301
42.55  42.55  4.94639
42.55  43.05  5.1781
42.55  43.55  5.82921
42.55  44.05  5.2856
42.55  44.55  5.74564
42.55  45.05  5.92709
42.55  45.55  5.74521
42.55  46.05  5.66373
42.55  46.55  6.04819
42.55  47.05  6.539
42.55  47.55  6.3612
42.55  48.05  6.32963
42.55  48.55  6.59486
42.55  49.05  7.36548
42.55  49.55  7.37468
42.55  50.05  7.43152
42.55  50.55  7.81476
42.55  51.05  8.1485
42.55  51.55  8.23328
42.55  52.05  7.68331
45.05  37.55  6.76933
45.05  38.05  7.51998
45.05  38.55  7.43622
45.05  39.05  7.16302
45.05  39.55  6.23275
45.05  40.05  5.00687
45.05  40.55  4.69762
45.05  41.05  4.50342
45.05  41.55  4.74873
45.05  42.05  4.63798
45.05  42.55  4.68671
45.05  43.05  5.12556
45.05  43.55  5.46832
45.05  44.05  5.18846
45.05  44.55  5.60298
45.05  45.05  5.80773
45.05  45.55  5.74078
45.05  46.05  5.71455
45.05  46.55  5.96723
45.05  47.05  6.55225
45.05  47.55  6.37362
45.05  48.05  6.24633
45.05  48.55  6.53785
45.05  49.05  7.25707
45.05  49.55  7.34848
45.05  50.05  7.40668
45.05  50.55  7.77528
45.05  51.05  7.99611
45.05  51.55  8.07109
45.05  52.05  7.62984
47.55  37.55  7.00788
47.55  38.05  7.56466
47.55  38.55  6.68235
47.55  39.05  6.07616
47.55  39.55  5.85734
47.55  40.05  4.98791
47.55  40.55  4.45097
47.55  41.05  4.66912
47.55  41.55  4.6889
47.55  42.05  4.3865
47.55  42.55  4.54777
47.55  43.05  4.93051
47.55  43.55  5.11487
47.55  44.05  5.02677
47.55  44.55  5.15293
47.55  45.05  5.62322
47.55  45.55  5.58195
47.55  46.05  5.44499
47.55  46.55  5.84078
47.55  47.05  6.4539
47.55  47.55  6.24811
47.55  48.05  6.09702
47.55  48.55  6.42651
47.55  49.05  7.02112
47.55  49.55  6.98006
47.55  50.05  7.1682
47.55  50.55  7.59654
47.55  51.05  7.77125
47.55  51.55  7.78344
47.55  52.05  6.92447
50.05  37.55  7.03178
50.05  38.05  7.14841
50.05  38.55  6.26894
50.05  39.05  5.29285
50.05  39.55  5.69819
50.05  40.05  5.34271
50.05  40.55  4.51336
50.05  41.05  4.78281
50.05  41.55  5.03765
50.05  42.05  4.49218
50.05  42.55  4.56526
50.05  43.05  4.58121
50.05  43.55  4.81615
50.05  44.05  4.77804
50.05  44.55  4.78556
50.05  45.05  5.61394
50.05  45.55  5.60747
50.05  46.05  5.44887
50.05  46.55  5.94116
50.05  47.05  6.42397
50.05  47.55  6.34155
50.05  48.05  6.33091
50.05  48.55  6.59289
50.05  49.05  6.93751
50.05  49.55  6.84658
50.05  50.05  7.15342
50.05  50.55  7.60597
50.05  51.05  7.84447
50.05  51.55  7.83537
50.05  52.05  6.87863
52.55  37.55  6.70953
52.55  38.05  6.725
52.55  38.55  5.88929
52.55  39.05  4.99435
52.55  39.55  5.20475
52.55  40.05  5.01488
52.55  40.55  4.59544
52.55  41.05  4.60353
52.55  41.55  4.18445
52.55  42.05  4.19503
52.55  42.55  4.46546
52.55  43.05  4.30154
52.55  43.55  4.3787
52.55  44.05  4.32757
52.55  44.55  4.54004
52.55  45.05  5.42659
52.55  45.55  5.27312
52.55  46.05  5.31068
52.55  46.55  5.83369
52.55  47.05  6.18627
52.55  47.55  6.2707
52.55  48.05  6.22804
52.55  48.55  6.29401
52.55  49.05  6.64895
52.55  49.55  6.62581
52.55  50.05  6.97064
52.55  50.55  7.39673
52.55  51.05  7.72037
52.55  51.55  7.85505
52.55  52.05  6.97854
55.05  37.55  6.73101
55.05  38.05  6.38385
55.05  38.55  5.43474
55.05  39.05  5.17939
55.05  39.55  4.92619
55.05  40.05  4.56141
55.05  40.55  4.46251
55.05  41.05  4.36193
55.05  41.55  4.01768
55.05  42.05  3.84724
55.05  42.55  4.04005
55.05  43.05  4.14608
55.05  43.55  4.24476
55.05  44.05  4.19461
55.05  44.55  4.59588
55.05  45.05  4.90994
55.05  45.55  4.99854
55.05  46.05  5.16737
55.05  46.55  5.55438
55.05  47.05  6.31657
55.05  47.55  6.31322
55.05  48.05  6.24983
55.05  48.55  6.43748
55.05  49.05  6.95134
55.05  49.55  6.80622
55.05  50.05  7.03884
55.05  50.55  7.50787
55.05  51.05  7.62916
55.05  51.55  7.84985
55.05  52.05  7.49723
57.55  37.55  6.07445
57.55  38.05  5.99725
57.55  38.55  5.02417
57.55  39.05  4.70003
57.55  39.55  4.83349
57.55  40.05  4.24989
57.55  40.55  3.78884
57.55  41.05  3.55755
57.55  41.55  3.36575
57.55  42.05  3.21732
57.55  42.55  3.48089
57.55  43.05  3.84027
57.55  43.55  3.94179
57.55  44.05  3.93975
57.55  44.55  4.42656
57.55  45.05  4.78191
57.55  45.55  4.79369
57.55  46.05  4.85914
57.55  46.55  5.42012
57.55  47.05  6.24005
57.55  47.55  6.13559
57.55  48.05  6.11106
57.55  48.55  6.39689
57.55  49.05  6.93134
57.55  49.55  6.85064
57.55  50.05  6.96796
57.55  50.55  7.40508
57.55  51.05  7.45373
57.55  51.55  7.47535
57.55  52.05  6.63656
60.05  37.55  5.47447
60.05  38.05  5.70519
60.05  38.55  4.81932
60.05  39.05  4.57551
60.05  39.55  4.69154
60.05  40.05  4.12783
60.05  40.55  3.5992
60.05  41.05  3.62329
60.05  41.55  3.0623
60.05  42.05  2.85609
60.05  42.55  2.91489
60.05  43.05  3.12183
60.05  43.55  3.75708
60.05  44.05  4.03924
60.05  44.55  4.70042
60.05  45.05  5.14599
60.05  45.55  4.98127
60.05  46.05  5.02091
60.05  46.55  5.67655
60.05  47.05  6.34514
60.05  47.55  6.50104
60.05  48.05  6.36806
60.05  48.55  6.55858
60.05  49.05  7.32304
60.05  49.55  7.08986
60.05  50.05  7.09282
60.05  50.55  7.50276
60.05  51.05  7.59887
60.05  51.55  7.43821
60.05  52.05  6.72272
62.55  37.55  4.98521
62.55  38.05  5.13476
62.55  38.55  4.25104
62.55  39.05  4.19755
62.55  39.55  4.67689
62.55  40.05  3.86339
62.55  40.55  3.54008
62.55  41.05  3.5857
62.55  41.55  2.69587
62.55  42.05  2.39865
62.55  42.55  2.46355
62.55  43.05  2.70971
62.55  43.55  3.5739
62.55  44.05  3.93871
62.55  44.55  4.70003
62.55  45.05  5.34088
62.55  45.55  4.93166
62.55  46.05  4.91657
62.55  46.55  5.70536
62.55  47.05  6.52467
62.55  47.55  6.45709
62.55  48.05  6.20947
62.55  48.55  6.37985
62.55  49.05  7.20786
62.55  49.55  6.94783
62.55  50.05  7.02202
62.55  50.55  7.36376
62.55  51.05  7.51526
62.55  51.55  7.44071
62.55  52.05  6.83761
65.05  37.55  5.08873
65.05  38.05  5.40514
65.05  38.55  4.19819
65.05  39.05  3.98757
65.05  39.55  4.34847
65.05  40.05  3.73429
65.05  40.55  3.45651
65.05  41.05  3.12495
65.05  41.55  2.59567
65.05  42.05  2.35608
65.05  42.55  2.48126
65.05  43.05  2.77904
65.05  43.55  3.6587
65.05  44.05  3.66981
65.05  44.55  4.10433
65.05  45.05  4.83765
65.05  45.55  5.08709
65.05  46.05  5.12258
65.05  46.55  5.87047
65.05  47.05  6.41298
65.05  47.55  6.28033
65.05  48.05  6.20507
65.05  48.55  6.49078
65.05  49.05  7.14331
65.05  49.55  6.97455
65.05  50.05  7.16626
65.05  50.55  7.43402
65.05  51.05  7.45835
65.05  51.55  7.39303
65.05  52.05  6.60936
67.55  37.55  3.34691
67.55  38.05  3.85556
67.55  38.55  3.5406
67.55  39.05  3.45672
67.55  39.55  3.62871
67.55  40.05  3.4165
67.55  40.55  2.96722
67.55  41.05  2.4227
67.55  41.55  2.39209
67.55  42.05  2.18982
67.55  42.55  2.33058
67.55  43.05  2.68409
67.55  43.55  3.57643
67.55  44.05  3.44078
67.55  44.55  3.67994
67.55  45.05  4.28846
67.55  45.55  4.98006
67.55  46.05  5.14055
67.55  46.55  5.4855
67.55  47.05  5.99624
67.55  47.55  5.93912
67.55  48.05  5.9533
67.55  48.55  6.35449
67.55  49.05  7.01523
67.55  49.55  6.77389
67.55  50.05  6.95664
67.55  50.55  7.29477
67.55  51.05  7.26469
67.55  51.55  7.18581
67.55  52.05  6.25548
70.05  37.55  2.58867
70.05  38.05  3.13313
70.05  38.55  3.00145
70.05  39.05  3.10125
70.05  39.55  3.35073
70.05  40.05  2.75604
70.05  40.55  2.51436
70.05  41.05  2.17402
70.05  41.55  2.4858
70.05  42.05  2.33887
70.05  42.55  2.53096
70.05  43.05  2.59513
70.05  43.55  3.34425
70.05  44.05  3.48787
70.05  44.55  3.78808
70.05  45.05  4.28649
70.05  45.55  4.80214
70.05  46.05  5.20866
70.05  46.55  5.41883
70.05  47.05  6.03881
70.05  47.55  5.89795
70.05  48.05  5.87825
70.05  48.55  6.24493
70.05  49.05  6.96505
70.05  49.55  6.74885
70.05  50.05  6.95215
70.05  50.55  7.31671
70.05  51.05  7.30923
70.05  51.55  7.29792
70.05  52.05  6.46947
72.55  37.55  2.76947
72.55  38.05  3.35771
72.55  38.55  2.71499
72.55  39.05  2.69422
72.55  39.55  2.75751
72.55  40.05  2.01811
72.55  40.55  1.77276
72.55  41.05  1.83868
72.55  41.55  2.30187
72.55  42.05  2.3708
72.55  42.55  2.30977
72.55  43.05  2.33386
72.55  43.55  3.12484
72.55  44.05  3.38492
72.55  44.55  3.63343
72.55  45.05  4.03979
72.55  45.55  4.52232
72.55  46.05  4.79991
72.55  46.55  5.24114
72.55  47.05  5.85239
72.55  47.55  5.84184
72.55  48.05  5.76592
72.55  48.55  6.01909
72.55  49.05  6.74384
72.55  49.55  6.53917
72.55  50.05  6.65826
72.55  50.55  7.11839
72.55  51.05  7.18144
72.55  51.55  7.26121
72.55  52.05  6.43399
75.05  37.55  3.61613
75.05  38.05  3.76595
75.05  38.55  2.531
75.05  39.05  2.30638
75.05  39.55  2.34163
75.05  40.05  1.78624
75.05  40.55  1.21678
75.05  41.05  1.53586
75.05  41.55  2.12912
75.05  42.05  2.11335
75.05  42.55  2.2549
75.05  43.05  2.63576
75.05  43.55  3.28171
75.05  44.05  3.35412
75.05  44.55  3.57248
75.05  45.05  4.08495
75.05  45.55  4.67256
75.05  46.05  4.61762
75.05  46.55  5.13446
75.05  47.05  5.90737
75.05  47.55  5.88484
75.05  48.05  5.84797
75.05  48.55  6.09635
75.05  49.05  6.64385
75.05  49.55  6.50853
75.05  50.05  6.58318
75.05  50.55  7.19664
75.05  51.05  7.3309
75.05  51.55  7.46964
75.05  52.05  7.04929
77.55  37.55  2.35705
77.55  38.05  2.48467
77.55  38.55  1.9402
77.55  39.05  1.96647
77.55  39.55  1.92868
77.55  40.05  1.55864
77.55  40.55  0.953851
77.55  41.05  1.13387
77.55  41.55  1.93236
77.55  42.05  1.83226
77.55  42.55  1.9505
77.55  43.05  2.37021
77.55  43.55  3.08696
77.55  44.05  3.00645
77.55  44.55  3.28609
77.55  45.05  4.05844
77.55  45.55  4.73475
77.55  46.05  4.48288
77.55  46.55  4.98565
77.55  47.05  5.71374
77.55  47.55  5.59559
77.55  48.05  5.61268
77.55  48.55  5.92261
77.55  49.05  6.4221
77.55  49.55  6.29902
77.55  50.05  6.47356
77.55  50.55  7.00385
77.55  51.05  7.17765
77.55  51.55  7.29281
77.55  52.05  6.7762
80.05  37.55  1.18767
80.05  38.05  1.55254
80.05  38.55  1.43364
80.05  39.05  1.57845
80.05  39.55  1.79431
80.05  40.05  1.29725
80.05  40.55  0.944774
80.05  41.05  1.15898
80.05  41.55  1.98934
80.05  42.05  1.86605
80.05  42.55  1.96677
80.05  43.05  2.44541
80.05  43.55  3.17544
80.05  44.05  3.06191
80.05  44.55  3.40472
80.05  45.05  4.26572
80.05  45.55  4.66598
80.05  46.05  4.38672
80.05  46.55  4.84931
80.05  47.05  5.53331
80.05  47.55  5.58453
80.05  48.05  5.62186
80.05  48.55  5.87089
80.05  49.05  6.39193
80.05  49.55  6.19609
80.05  50.05  6.51144
80.05  50.55  7.02273
80.05  51.05  7.23542
80.05  51.55  7.32738
80.05  52.05  6.63431
82.55  37.55  0.84984
82.55  38.05  1.26279
82.55  38.55  1.07563
82.55  39.05  1.15306
82.55  39.55  1.40692
82.55  40.05  0.805574
82.55  40.55  0.622787
82.55  41.05  0.864395
82.55  41.55  1.8963
82.55  42.05  1.833
82.55  42.55  1.95234
82.55  43.05  2.36948
82.55  43.55  3.04477
82.55  44.05  2.948
82.55  44.55  3.38232
82.55  45.05  4.13518
82.55  45.55  4.33407
82.55  46.05  4.22859
82.55  46.55  4.54706
82.55  47.05  5.22621
82.55  47.55  5.41972
82.55  48.05  5.37483
82.55  48.55  5.65505
82.55  49.05  6.21089
82.55  49.55  6.01484
82.55  50.05  6.21569
82.55  50.55  6.97142
82.55  51.05  7.06989
82.55  51.55  7.09248
82.55  52.05  6.34296
85.05  37.55  0.395783
85.05  38.05  1.04102
85.05  38.55  0.939292
85.05  39.05  0.615846
85.05  39.55  1.0016
85.05  40.05  0.757621
85.05  40.55  0.769232
85.05  41.05  1.0998
85.05  41.55  1.81133
85.05  42.05  1.70508
85.05  42.55  1.89953
85.05  43.05  2.3571
85.05  43.55  3.15177
85.05  44.05  3.20487
85.05  44.55  3.51693
85.05  45.05  4.15439
85.05  45.55  4.1616
85.05  46.05  4.35877
85.05  46.55  4.64037
85.05  47.05  5.37437
85.05  47.55  5.56574
85.05  48.05  5.44704
85.05  48.55  5.70633
85.05  49.05  6.25804
85.05  49.55  6.07808
85.05  50.05  6.2161
85.05  50.55  7.06623
85.05  51.05  7.07531
85.05  51.55  7.08434
85.05  52.05  6.26269
87.55  37.55  -0
87.55  38.05  0.686941
87.55  38.55  0.336574
87.55  39.05  0.0523523
87.55  39.55  0.530896
87.55  40.05  0.714471
87.55  40.55  0.687089
87.55  41.05  0.815911
87.55  41.55  1.51702
87.55  42.05  1.43711
87.55  42.55  1.79607
87.55  43.05  2.40978
87.55  43.55  2.98813
87.55  44.05  3.05679
87.55  44.55  3.46561
87.55  45.05  4.07964
87.55  45.55  3.83676
87.55  46.05  4.11334
87.55  46.55  4.58647
87.55  47.05  5.37538
87.55  47.55  5.50059
87.55  48.05  5.22108
87.55  48.55  5.53552
87.55  49.05  6.09707
87.55  49.55  5.94677
87.55  50.05  6.25158
87.55  50.55  6.91442
87.55  51.05  6.87776
87.55  51.55  6.76103
87.55  52.05  5.78854
90.05  37.55  0.299635
90.05  38.05  0.740908
90.05  38.55  0.458524
90.05  39.05  0.314427
90.05  39.55  0.589792
90.05  40.05  0.557772
90.05  40.55  0.564365
90.05  41.05  0.732747
90.05  41.55  1.56981
90.05  42.05  1.81185
90.05  42.55  2.21461
90.05  43.05  2.38351
90.05  43.55  3.10541
90.05  44.05  3.13542
90.05  44.55  3.62501
90.05  45.05  4.1054
90.05  45.55  4.07725
90.05  46.05  4.1495
90.05  46.55  4.51006
90.05  47.05  5.17485
90.05  47.55  5.25008
90.05  48.05  5.12643
90.05  48.55  5.64381
90.05  49.05  6.13751
90.05  49.55  6.00107
90.05  50.05  6.46779
90.05  50.55  6.84275
90.05  51.05  6.92208
90.05  51.55  6.74156
90.05  52.05  5.87534
92.55  37.55  0.224412
92.55  38.05  0.736534
92.55  38.55  0.675083
92.55  39.05  0.503578
92.55  39.55  0.521463
92.55  40.05  0.302146
92.55  40.55  0.316982
92.55  41.05  0.704999
92.55  41.55  1.71541
92.55  42.05  1.99741
92.55  42.55  1.93023
92.55  43.05  1.9833
92.55  43.55  3.18009
92.55  44.05  3.10444
92.55  44.55  3.61859
92.55  45.05  4.11716
92.55  45.55  4.12033
92.55  46.05  3.96596
92.55  46.55  4.28358
92.55  47.05  4.80185
92.55  47.55  4.84384
92.55  48.05  4.92222
92.55  48.55  5.45637
92.55  49.05  5.96706
92.55  49.55  5.92909
92.55  50.05  6.17985
92.55  50.55  6.66013
92.55  51.05  6.76075
92.55  51.55  6.65242
92.55  52.05  6.19443
95.05  37.55  0.6105
95.05  38.05  1.06928
95.05  38.55  0.664816
95.05  39.05  0.237358
95.05  39.55  0.458752
95.05  40.05  0.414805
95.05  40.55  0.432387
95.05  41.05  0.800315
95.05  41.55  1.43988
95.05  42.05  1.54541
95.05  42.55  1.71781
95.05  43.05  2.05098
95.05  43.55  3.02917
95.05  44.05  3.23826
95.05  44.55  3.81402
95.05  45.05  4.29901
95.05  45.55  4.17639
95.05  46.05  3.88303
95.05  46.55  4.3539
95.05  47.05  4.84223
95.05  47.55  4.69194
95.05  48.05  4.79125
95.05  48.55  5.24018
95.05  49.05  5.99899
95.05  49.55  5.94892
95.05  50.05  6.02113
95.05  50.55  6.59555
95.05  51.05  6.78942
95.05  51.55  6.78613
95.05  52.05  6.26063
97.55  37.55  0.71398
97.55  38.05  1.1566
97.55  38.55  0.400331
97.55  39.05  0.0804984
97.55  39.55  0.252356
97.55  40.05  0.734974
97.55  40.55  0.48665
97.55  41.05  0.592141
97.55  41.55  1.07473
97.55  42.05  1.16988
97.55  42.55  1.435
97.55  43.05  1.99177
97.55  43.55  2.95948
97.55  44.05  3.36695
97.55  44.55  3.77859
97.55  45.05  4.1508
97.55  45.55  3.97047
97.55  46.05  3.8523
97.55  46.55  4.28098
97.55  47.05  4.67159
97.55  47.55  4.40725
97.55  48.05  4.56283
97.55  48.55  4.899
97.55  49.05  5.79145
97.55  49.55  5.77653
97.55  50.05  5.84341
97.55  50.55  6.32992
97.55  51.05  6.58053
97.55  51.55  6.72556
97.55  52.05  6.31499
100.05  37.55  0.668691
100.05  38.05  1.27996
100.05  38.55  0.655437
100.05  39.05  0.553399
100.05  39.55  0.768836
100.05  40.05  0.726482
100.05  40.55  0.562503
100.05  41.05  0.815753
100.05  41.55  1.12755
100.05  42.05  1.4968
100.05  42.55  1.75939
100.05  43.05  2.21695
100.05  43.55  3.18291
100.05  44.05  3.49875
100.05  44.55  3.81438
100.05  45.05  4.10113
100.05  45.55  3.95891
100.05  46.05  3.96091
100.05  46.55  4.28501
100.05  47.05  4.62633
100.05  47.55  4.41611
100.05  48.05  4.52599
100.05  48.55  4.75608
100.05  49.05  5.72231
100.05  49.55  5.80593
100.05  50.05  5.84438
100.05  50.55  6.26375
100.05  51.05  6.52773
100.05  51.55  6.75271
100.05  52.05  6.8798
102.55  37.55  0.910523
102.55  38.05  1.41172
102.55  38.55  0.80989
102.55  39.05  0.712504
102.55  39.55  0.929856
102.55  40.05  0.604842
102.55  40.55  0.443421
102.55  41.05  0.649442
102.55  41.55  1.01086
102.55  42.05  1.58352
102.55  42.55  1.98961
102.55  43.05  2.39428
102.55  43.55  3.42788
102.55  44.05  3.51017
102.55  44.55  3.62646
102.55  45.05  3.81346
102.55  45.55  3.80731
102.55  46.05  3.94951
102.55  46.55  4.19248
102.55  47.05  4.40683
102.55  47.55  4.2128
102.55  48.05  4.2562
102.55  48.55  4.57305
102.55  49.05  5.40064
102.55  49.55  5.57254
102.55  50.05  5.66263
102.55  50.55  6.08361
102.55  51.05  6.33255
102.55  51.55  6.40339
102.55  52.05  5.9018
105.05  37.55  1.20645
105.05  38.05  1.40233
105.05  38.55  0.746911
105.05  39.05  0.497208
105.05  39.55  0.888578
105.05  40.05  0.796857
105.05  40.55  0.650216
105.05  41.05  0.794713
105.05  41.55  1.38547
105.05  42.05  1.55722
105.05  42.55  2.26415
105.05  43.05  2.80254
105.05  43.55  3.54853
105.05  44.05  3.66291
105.05  44.55  3.65139
105.05  45.05  3.87968
105.05  45.55  4.10644
105.05  46.05  4.26321
105.05  46.55  4.34011
105.05  47.05  4.51243
105.05  47.55  4.18709
105.05  48.05  4.11906
105.05  48.55  4.53752
105.05  49.05  5.30165
105.05  49.55  5.55836
105.05  50.05  5.73976
105.05  50.55  6.14735
105.05  51.05  6.40837
105.05  51.55  6.37832
105.05  52.05  5.50732
107.55  37.55  1.10537
107.55  38.05  1.22351
107.55  38.55  0.558735
107.55  39.05  0.366626
107.55  39.55  0.923965
107.55  40.05  0.849512
107.55  40.55  0.619014
107.55  41.05  0.921785
107.55  41.55  1.65064
107.55  42.05  1.6631
107.55  42.55  2.5076
107.55  43.05  3.04575
107.55  43.55  3.63855
107.55  44.05  3.52182
107.55  44.55  3.5275
107.55  45.05  3.88574
107.55  45.55  4.29073
107.55  46.05  4.19761
107.55  46.55  4.13238
107.55  47.05  4.42086
107.55  47.55  4.08703
107.55  48.05  3.83986
107.55  48.55  4.21757
107.55  49.05  5.02019
107.55  49.55  5.40938
107.55  50.05  5.55894
107.55  50.55  5.98691
107.55  51.05  6.35505
107.55  51.55  6.34199
107.55  52.05  5.78148
110.05  37.55  0.942164
110.05  38.05  1.15679
110.05  38.55  0.67437
110.05  39.05  0.66829
110.05  39.55  1.45158
110.05  40.05  1.09999
110.05  40.55  0.851618
110.05  41.05  1.31142
110.05  41.55  2.07597
110.05  42.05  2.34567
110.05  42.55  3.01491
110.05  43.05  3.42912
110.05  43.55  3.88953
110.05  44.05  3.55098
110.05  44.55  3.59841
110.05  45.05  4.08031
110.05  45.55  4.34567
110.05  46.05  4.30635
110.05  46.55  4.28557
110.05  47.05  4.48443
110.05  47.55  4.19205
110.05  48.05  3.86757
110.05  48.55  4.17547
110.05  49.05  4.96072
110.05  49.55  5.386
110.05  50.05  5.5183
110.05  50.55  6.01702
110.05  51.05  6.30791
110.05  51.55  6.24514
110.05  52.05  5.36253
112.55  37.55  0.676958
112.55  38.05  1.07836
112.55  38.55  0.874282
112.55  39.05  0.87229
112.55  39.55  1.56951
112.55  40.05  1.31314
112.55  40.55  1.4157
112.55  41.05  1.79008
112.55  41.55  2.49775
112.55  42.05  2.66292
112.55  42.55  3.0596
112.55  43.05  3.53474
112.55  43.55  3.90084
112.55  44.05  3.40063
112.55  44.55  3.53299
112.55  45.05  4.02837
112.55  45.55  4.29221
112.55  46.05  4.22838
112.55  46.55  4.18946
112.55  47.05  4.47578
112.55  47.55  4.06504
112.55  48.05  3.75155
112.55  48.55  3.87666
112.55  49.05  4.75466
112.55  49.55  5.1558
112.55  50.05  5.4165
112.55  50.55  5.95635
112.55  51.05  6.14427
112.55  51.55  5.96932
112.55  52.05  4.97098
115.05  37.55  1.0452
115.05  38.05  1.66854
115.05  38.55  1.32148
115.05  39.05  1.14725
115.05  39.55  1.71905
115.05  40.05  2.01748
115.05  40.55  2.08653
115.05  41.05  2.30942
115.05  41.55  2.86453
115.05  42.05  3.08625
115.05  42.55  3.26061
115.05  43.05  3.67506
115.05  43.55  4.00146
115.05  44.05  3.61422
115.05  44.55  3.68742
115.05  45.05  4.10684
115.05  45.55  4.3177
115.05  46.05  4.36731
115.05  46.55  4.29652
115.05  47.05  4.42442
115.05  47.55  4.17581
115.05  48.05  3.74829
115.05  48.55  3.61487
115.05  49.05  4.72308
115.05  49.55  5.19015
115.05  50.05  5.57594
115.05  50.55  6.175
115.05  51.05  6.28349
115.05  51.55  6.02129
115.05  52.05  4.93577
117.55  37.55  1.24056
117.55  38.05  2.08202
117.55  38.55  1.58611
117.55  39.05  1.32473
117.55  39.55  1.91402
117.55  40.05  2.76144
117.55  40.55  2.43943
117.55  41.05  2.42708
117.55  41.55  3.02636
117.55  42.05  3.48236
117.55  42.55  3.36482
117.55  43.05  3.64581
117.55  43.55  3.83825
117.55  44.05  3.66305
117.55  44.55  3.67261
117.55  45.05  3.94208
117.55  45.55  4.14226
117.55  46.05  4.34797
117.55  46.55  4.33363
117.55  47.05  4.06505
117.55  47.55  4.07555
117.55  48.05  3.72313
117.55  48.55  3.55014
117.55  49.05  4.69097
117.55  49.55  5.10311
117.55  50.05  5.49257
117.55  50.55  6.12789
117.55  51.05  6.16683
117.55  51.55  5.89568
117.55  52.05  4.78565
120.05  37.55  1.57001
120.05  38.05  2.18674
120.05  38.55  1.70548
120.05  39.05  1.41275
120.05  39.55  2.29323
120.05  40.05  3.69104
120.05  40.55  2.52121
120.05  41.05  2.2509
120.05  41.55  3.15428
120.05  42.05  3.66079
120.05  42.55  3.29654
120.05  43.05  3.50586
120.05  43.55  3.50101
120.05  44.05  3.56041
120.05  44.55  3.5897
120.05  45.05  3.72157
120.05  45.55  3.72165
120.05  46.05  3.98251
120.05  46.55  4.09671
120.05  47.05  3.56807
120.05  47.55  3.7488
120.05  48.05  3.43202
120.05  48.55  3.36162
120.05  49.05  4.61051
120.05  49.55  4.89193
120.05  50.05  5.21308
120.05  50.55  5.841
120.05  51.05  5.84337
120.05  51.55  5.55701
120.05  52.05  3.92701
122.55  41.05  2.36513
122.55  42.55  3.49762
122.55  43.05  3.75469
122.55  43.55  3.0114
122.55  44.05  3.75941
122.55  44.55  3.79491
122.55  45.05  3.88963
122.55  45.55  3.43392
122.55  46.05  3.3377
122.55  46.55  3.56622
122.55  47.05  2.92721
122.55  47.55  3.681
122.55  48.05  3.76779
122.55  48.55  3.37687
122.55  49.05  4.52729
122.55  49.55  4.2661
122.55  50.05  4.78859
122.55  50.55  5.35574
122.55  51.05  5.4135
