-52.45  48.05  inf
-49.95  48.05  4.05076
-47.45  40.55  14.3622
-39.95  38.05  29.5332
-39.95  39.05  28.3605
-39.95  39.55  28.1422
-39.95  40.05  26.9606
-39.95  40.55  26.1802
-39.95  41.05  26.7154
-39.95  41.55  25.9559
-39.95  42.05  26.4117
-39.95  43.55  25.0476
-39.95  44.55  23.2753
-39.95  45.05  23.2942
-39.95  45.55  22.3808
-39.95  46.05  23.2832
-39.95  46.55  22.0204
-39.95  47.05  23.0284
-39.95  47.55  22.5133
-39.95  48.05  23.5401
-39.95  48.55  24.4568
-39.95  49.05  25.2936
-39.95  49.55  24.5564
-39.95  50.05  24.9945
-39.95  50.55  24.8675
-39.95  51.05  25.423
-39.95  51.55  25.4271
-37.45  37.55  27.5677
-37.45  38.05  28.169
-37.45  38.55  27.577
-37.45  39.05  27.3993
-37.45  39.55  27.1657
-37.45  40.05  26.038
-37.45  40.55  25.4266
-37.45  41.05  25.8659
-37.45  41.55  25.0019
-37.45  42.05  25.0321
-37.45  42.55  25.2388
-37.45  43.05  25.011
-37.45  43.55  23.6901
-37.45  44.05  22.7027
-37.45  44.55  22.3172
-37.45  45.05  22.4098
-37.45  45.55  21.6077
-37.45  46.05  21.5969
-37.45  46.55  21.6192
-37.45  47.05  22.1994
-37.45  47.55  22.1092
-37.45  48.05  22.5814
-37.45  48.55  23.2925
-37.45  49.05  23.4522
-37.45  49.55  23.5782
-37.45  50.05  23.7343
-37.45  50.55  24.1382
-37.45  51.05  24.6354
-37.45  51.55  24.9182
-34.95  37.55  25.8069
-34.95  38.05  26.1067
-34.95  38.55  25.1497
-34.95  39.05  24.8684
-34.95  39.55  25.047
-34.95  40.05  24.2191
-34.95  40.55  23.8107
-34.95  41.05  24.0292
-34.95  41.55  23.2812
-34.95  42.05  22.9279
-34.95  42.55  22.962
-34.95  43.05  22.8689
-34.95  43.55  21.8933
-34.95  44.05  21.0599
-34.95  44.55  20.6009
-34.95  45.05  20.5133
-34.95  45.55  19.8779
-34.95  46.05  19.8681
-34.95  46.55  19.9572
-34.95  47.05  20.1898
-34.95  47.55  20.2875
-34.95  48.05  20.4805
-34.95  48.55  20.9387
-34.95  49.05  21.682
-34.95  49.55  21.681
-34.95  50.05  21.9046
-34.95  50.55  22.4733
-34.95  51.05  23.3113
-34.95  51.55  23.6598
-34.95  52.05  23.6742
-32.45  37.55  25.8854
-32.45  38.05  26.1404
-32.45  38.55  24.9077
-32.45  39.05  24.4246
-32.45  39.55  24.7484
-32.45  40.05  24.1644
-32.45  40.55  23.8659
-32.45  41.05  23.9772
-32.45  41.55  23.17
-32.45  42.05  22.6302
-32.45  42.55  22.6248
-32.45  43.05  22.4516
-32.45  43.55  21.8388
-32.45  44.05  21.2204
-32.45  44.55  20.6132
-32.45  45.05  20.3139
-32.45  45.55  19.8241
-32.45  46.05  19.8737
-32.45  46.55  19.8428
-32.45  47.05  20.086
-32.45  47.55  20.1061
-32.45  48.05  20.322
-32.45  48.55  20.8287
-32.45  49.05  21.6909
-32.45  49.55  21.5981
-32.45  50.05  21.7493
-32.45  50.55  22.4563
-32.45  51.05  23.5462
-32.45  51.55  23.8857
-32.45  52.05  23.7815
-29.95  37.55  25.6119
-29.95  38.05  25.9938
-29.95  38.55  24.9072
-29.95  39.05  24.5203
-29.95  39.55  24.6353
-29.95  40.05  24.207
-29.95  40.55  24.1355
-29.95  41.05  24.0969
-29.95  41.55  22.9789
-29.95  42.05  22.3919
-29.95  42.55  22.4384
-29.95  43.05  22.3391
-29.95  43.55  21.8106
-29.95  44.05  21.357
-29.95  44.55  20.5547
-29.95  45.05  20.2751
-29.95  45.55  19.7652
-29.95  46.05  19.8194
-29.95  46.55  19.4415
-29.95  47.05  19.8051
-29.95  47.55  19.9044
-29.95  48.05  19.9165
-29.95  48.55  20.3542
-29.95  49.05  21.0891
-29.95  49.55  21.2064
-29.95  50.05  21.4931
-29.95  50.55  22.3475
-29.95  51.05  23.3903
-29.95  51.55  23.7002
-29.95  52.05  23.1681
-27.45  37.55  25.2628
-27.45  38.05  25.6697
-27.45  38.55  24.7142
-27.45  39.05  24.371
-27.45  39.55  24.5651
-27.45  40.05  24.0334
-27.45  40.55  24.0136
-27.45  41.05  24.0854
-27.45  41.55  22.718
-27.45  42.05  22.0261
-27.45  42.55  22.1288
-27.45  43.05  22.0503
-27.45  43.55  21.415
-27.45  44.05  20.9358
-27.45  44.55  20.3744
-27.45  45.05  20.0418
-27.45  45.55  19.4947
-27.45  46.05  19.4537
-27.45  46.55  19.157
-27.45  47.05  19.2542
-27.45  47.55  19.568
-27.45  48.05  19.41
-27.45  48.55  19.6935
-27.45  49.05  20.4567
-27.45  49.55  20.5399
-27.45  50.05  20.9973
-27.45  50.55  21.9821
-27.45  51.05  23.0835
-27.45  51.55  23.4388
-27.45  52.05  22.7526
-24.95  37.55  25.2136
-24.95  38.05  25.5111
-24.95  38.55  24.6362
-24.95  39.05  24.1827
-24.95  39.55  24.6028
-24.95  40.05  23.9789
-24.95  40.55  23.6995
-24.95  41.05  24.0171
-24.95  41.55  22.7547
-24.95  42.05  22.1939
-24.95  42.55  22.1811
-24.95  43.05  21.9576
-24.95  43.55  21.4641
-24.95  44.05  20.8292
-24.95  44.55  20.3067
-24.95  45.05  20.0906
-24.95  45.55  19.4261
-24.95  46.05  19.1136
-24.95  46.55  19.0498
-24.95  47.05  19.1654
-24.95  47.55  19.3952
-24.95  48.05  19.3975
-24.95  48.55  19.619
-24.95  49.05  20.1577
-24.95  49.55  20.4171
-24.95  50.05  20.8163
-24.95  50.55  21.7274
-24.95  51.05  22.8381
-24.95  51.55  23.2438
-24.95  52.05  23.2721
-22.45  37.55  24.865
-22.45  38.05  25.098
-22.45  38.55  24.1932
-22.45  39.05  23.9038
-22.45  39.55  24.4442
-22.45  40.05  23.633
-22.45  40.55  23.1319
-22.45  41.05  23.296
-22.45  41.55  22.5035
-22.45  42.05  21.9378
-22.45  42.55  21.9358
-22.45  43.05  21.8579
-22.45  43.55  21.3246
-22.45  44.05  20.7309
-22.45  44.55  20.1762
-22.45  45.05  19.8662
-22.45  45.55  19.1161
-22.45  46.05  18.7432
-22.45  46.55  18.7359
-22.45  47.05  19.016
-22.45  47.55  19.0813
-22.45  48.05  19.2116
-22.45  48.55  19.3807
-22.45  49.05  19.8787
-22.45  49.55  20.2329
-22.45  50.05  20.5471
-22.45  50.55  21.4367
-22.45  51.05  22.5973
-22.45  51.55  23.055
-22.45  52.05  22.6685
-19.95  37.55  24.8948
-19.95  38.05  24.8488
-19.95  38.55  23.8523
-19.95  39.05  23.8152
-19.95  39.55  24.3619
-19.95  40.05  23.615
-19.95  40.55  23.1192
-19.95  41.05  23.1262
-19.95  41.55  22.2628
-19.95  42.05  21.8
-19.95  42.55  21.8835
-19.95  43.05  21.6736
-19.95  43.55  20.9693
-19.95  44.05  20.4961
-19.95  44.55  20.084
-19.95  45.05  19.9425
-19.95  45.55  19.2899
-19.95  46.05  19.0088
-19.95  46.55  18.9454
-19.95  47.05  18.8692
-19.95  47.55  18.9543
-19.95  48.05  19.1148
-19.95  48.55  19.2356
-19.95  49.05  20.0617
-19.95  49.55  20.2677
-19.95  50.05  20.4355
-19.95  50.55  21.2473
-19.95  51.05  22.2915
-19.95  51.55  22.7902
-19.95  52.05  23.2892
-17.45  37.55  24.3295
-17.45  38.05  24.4243
-17.45  38.55  23.351
-17.45  39.05  23.2645
-17.45  39.55  24.0862
-17.45  40.05  23.5056
-17.45  40.55  22.9097
-17.45  41.05  22.6933
-17.45  41.55  21.9265
-17.45  42.05  21.1454
-17.45  42.55  21.3322
-17.45  43.05  21.278
-17.45  43.55  20.4255
-17.45  44.05  20.0818
-17.45  44.55  19.8327
-17.45  45.05  19.8335
-17.45  45.55  19.192
-17.45  46.05  18.9423
-17.45  46.55  18.8257
-17.45  47.05  18.598
-17.45  47.55  18.6972
-17.45  48.05  18.6933
-17.45  48.55  18.9954
-17.45  49.05  20.0275
-17.45  49.55  19.8374
-17.45  50.05  20.1028
-17.45  50.55  20.8931
-17.45  51.05  21.7343
-17.45  51.55  22.088
-17.45  52.05  21.9703
-14.95  37.55  23.9518
-14.95  38.05  24.2735
-14.95  38.55  23.338
-14.95  39.05  23.0328
-14.95  39.55  23.9561
-14.95  40.05  23.2455
-14.95  40.55  22.6632
-14.95  41.05  22.4336
-14.95  41.55  21.4975
-14.95  42.05  20.8451
-14.95  42.55  20.9423
-14.95  43.05  20.7962
-14.95  43.55  20.3896
-14.95  44.05  19.8677
-14.95  44.55  19.6474
-14.95  45.05  19.6916
-14.95  45.55  19.0058
-14.95  46.05  18.8746
-14.95  46.55  18.852
-14.95  47.05  18.5941
-14.95  47.55  18.6453
-14.95  48.05  18.6152
-14.95  48.55  19.0465
-14.95  49.05  19.6971
-14.95  49.55  19.5083
-14.95  50.05  19.8109
-14.95  50.55  20.7082
-14.95  51.05  21.5605
-14.95  51.55  21.7472
-14.95  52.05  21.0867
-12.45  37.55  23.887
-12.45  38.05  24.0148
-12.45  38.55  22.9501
-12.45  39.05  22.7188
-12.45  39.55  23.4347
-12.45  40.05  22.6607
-12.45  40.55  22.1689
-12.45  41.05  22.0688
-12.45  41.55  21.1731
-12.45  42.05  20.3081
-12.45  42.55  20.3062
-12.45  43.05  20.3467
-12.45  43.55  20.3156
-12.45  44.05  19.3203
-12.45  44.55  19.0904
-12.45  45.05  19.3333
-12.45  45.55  18.7818
-12.45  46.05  18.7212
-12.45  46.55  18.6819
-12.45  47.05  18.3421
-12.45  47.55  18.2535
-12.45  48.05  18.3332
-12.45  48.55  18.6837
-12.45  49.05  19.3186
-12.45  49.55  19.2275
-12.45  50.05  19.5265
-12.45  50.55  20.309
-12.45  51.05  21.284
-12.45  51.55  21.5328
-12.45  52.05  20.791
-9.95  37.55  23.9412
-9.95  38.05  23.9572
-9.95  38.55  22.7326
-9.95  39.05  22.7146
-9.95  39.55  23.6176
-9.95  40.05  22.6272
-9.95  40.55  22.0473
-9.95  41.05  21.8482
-9.95  41.55  21.011
-9.95  42.05  20.3912
-9.95  42.55  20.1648
-9.95  43.05  20.0663
-9.95  43.55  19.9784
-9.95  44.05  19.4119
-9.95  44.55  19.1953
-9.95  45.05  19.1863
-9.95  45.55  18.5699
-9.95  46.05  18.5887
-9.95  46.55  18.5719
-9.95  47.05  18.2934
-9.95  47.55  18.0854
-9.95  48.05  18.0531
-9.95  48.55  18.2912
-9.95  49.05  19.0976
-9.95  49.55  19.0318
-9.95  50.05  19.4034
-9.95  50.55  20.1861
-9.95  51.05  21.1394
-9.95  51.55  21.4517
-9.95  52.05  21.1544
-7.45  37.55  24.0919
-7.45  38.05  23.8334
-7.45  38.55  22.4576
-7.45  39.05  22.2161
-7.45  39.55  22.6564
-7.45  40.05  22.4563
-7.45  40.55  21.7545
-7.45  41.05  21.4459
-7.45  41.55  20.5815
-7.45  42.05  20.2391
-7.45  42.55  20.0035
-7.45  43.05  19.7737
-7.45  43.55  19.5767
-7.45  44.05  19.3467
-7.45  44.55  19.0386
-7.45  45.05  18.8792
-7.45  45.55  18.1435
-7.45  46.05  18.2393
-7.45  46.55  18.3011
-7.45  47.05  18.2141
-7.45  47.55  17.7503
-7.45  48.05  17.6998
-7.45  48.55  17.9378
-7.45  49.05  18.5248
-7.45  49.55  18.5447
-7.45  50.05  18.9924
-7.45  50.55  19.9924
-7.45  51.05  20.8349
-7.45  51.55  21.0775
-7.45  52.05  20.5345
-4.95  37.55  23.6852
-4.95  38.05  23.5335
-4.95  38.55  22.2262
-4.95  39.05  21.7862
-4.95  39.55  22.2539
-4.95  40.05  22.4071
-4.95  40.55  21.5665
-4.95  41.05  21.5008
-4.95  41.55  20.34
-4.95  42.05  19.6627
-4.95  42.55  19.9428
-4.95  43.05  19.7101
-4.95  43.55  19.3359
-4.95  44.05  19.11
-4.95  44.55  18.7953
-4.95  45.05  18.7043
-4.95  45.55  18.0456
-4.95  46.05  18.0209
-4.95  46.55  18.1449
-4.95  47.05  18.1683
-4.95  47.55  17.7013
-4.95  48.05  17.4424
-4.95  48.55  17.665
-4.95  49.05  18.3566
-4.95  49.55  18.1483
-4.95  50.05  18.3679
-4.95  50.55  19.6047
-4.95  51.05  20.5725
-4.95  51.55  20.7448
-4.95  52.05  20.4797
-2.45  37.55  22.8535
-2.45  38.05  22.9313
-2.45  38.55  21.8288
-2.45  39.05  21.2892
-2.45  39.55  21.6357
-2.45  40.05  21.7791
-2.45  40.55  21.1822
-2.45  41.05  21.3289
-2.45  41.55  19.8996
-2.45  42.05  19.0821
-2.45  42.55  19.3833
-2.45  43.05  19.2947
-2.45  43.55  18.87
-2.45  44.05  18.6552
-2.45  44.55  18.3371
-2.45  45.05  18.4369
-2.45  45.55  17.8841
-2.45  46.05  17.6648
-2.45  46.55  17.7181
-2.45  47.05  17.7432
-2.45  47.55  17.4433
-2.45  48.05  17.1826
-2.45  48.55  17.2924
-2.45  49.05  17.9475
-2.45  49.55  17.7242
-2.45  50.05  17.7285
-2.45  50.55  18.9469
-2.45  51.05  20.2518
-2.45  51.55  20.5212
-2.45  52.05  20.1736
0.05  37.55  22.4569
0.05  38.05  22.7924
0.05  38.55  21.8476
0.05  39.05  21.1454
0.05  39.55  21.2324
0.05  40.05  21.4173
0.05  40.55  21.329
0.05  41.05  21.3057
0.05  41.55  19.7308
0.05  42.05  19.0315
0.05  42.55  19.0096
0.05  43.05  18.9826
0.05  43.55  18.5108
0.05  44.05  18.1755
0.05  44.55  18.1053
0.05  45.05  18.1325
0.05  45.55  17.4937
0.05  46.05  17.3886
0.05  46.55  17.4105
0.05  47.05  17.3453
0.05  47.55  16.9859
0.05  48.05  16.8481
0.05  48.55  16.9079
0.05  49.05  17.4894
0.05  49.55  17.3935
0.05  50.05  17.3584
0.05  50.55  18.4868
0.05  51.05  19.807
0.05  51.55  20.3127
0.05  52.05  20.1989
2.55  37.55  22.281
2.55  38.05  22.4274
2.55  38.55  21.2901
2.55  39.05  20.6714
2.55  39.55  20.7098
2.55  40.05  21.1379
2.55  40.55  21.1124
2.55  41.05  20.7495
2.55  41.55  19.3014
2.55  42.05  18.596
2.55  42.55  18.5365
2.55  43.05  18.7038
2.55  43.55  18.133
2.55  44.05  17.6933
2.55  44.55  17.645
2.55  45.05  17.6992
2.55  45.55  17.0525
2.55  46.05  17.015
2.55  46.55  17.1726
2.55  47.05  16.9748
2.55  47.55  16.5539
2.55  48.05  16.3755
2.55  48.55  16.5616
2.55  49.05  16.8382
2.55  49.55  16.9198
2.55  50.05  17.0969
2.55  50.55  17.9921
2.55  51.05  19.4032
2.55  51.55  19.8555
2.55  52.05  19.8324
5.05  37.55  23.4533
5.05  38.05  22.7199
5.05  38.55  20.9769
5.05  39.05  20.525
5.05  39.55  20.8796
5.05  40.05  21.2209
5.05  40.55  20.7776
5.05  41.05  20.5248
5.05  41.55  19.0716
5.05  42.05  18.5226
5.05  42.55  18.4498
5.05  43.05  18.5207
5.05  43.55  17.8933
5.05  44.05  17.5054
5.05  44.55  17.2028
5.05  45.05  17.2938
5.05  45.55  16.8492
5.05  46.05  16.602
5.05  46.55  16.6778
5.05  47.05  16.3778
5.05  47.55  16.1148
5.05  48.05  16.0246
5.05  48.55  16.5207
5.05  49.05  16.7525
5.05  49.55  16.736
5.05  50.05  17.1271
5.05  50.55  17.7312
5.05  51.05  19.0687
5.05  51.55  19.519
5.05  52.05  20.1269
7.55  37.55  23.0994
7.55  38.05  22.0169
7.55  38.55  20.2084
7.55  39.05  19.9404
7.55  39.55  20.9037
7.55  40.05  20.3792
7.55  40.55  19.6575
7.55  41.05  19.3932
7.55  41.55  18.6108
7.55  42.05  18.3101
7.55  42.55  18.1948
7.55  43.05  18.1384
7.55  43.55  17.5617
7.55  44.05  16.7554
7.55  44.55  16.3129
7.55  45.05  16.8617
7.55  45.55  16.4755
7.55  46.05  16.0996
7.55  46.55  16.1599
7.55  47.05  15.8329
7.55  47.55  15.516
7.55  48.05  15.5769
7.55  48.55  16.0614
7.55  49.05  16.352
7.55  49.55  16.3653
7.55  50.05  16.8198
7.55  50.55  17.3985
7.55  51.05  18.7198
7.55  51.55  19.2796
7.55  52.05  19.6598
10.05  37.55  22.6313
10.05  38.05  21.7598
10.05  38.55  20.1885
10.05  39.05  19.9843
10.05  39.55  20.8524
10.05  40.05  20.027
10.05  40.55  19.0952
10.05  41.05  18.8074
10.05  41.55  18.4048
10.05  42.05  18.1812
10.05  42.55  18.1288
10.05  43.05  18.0131
10.05  43.55  17.3887
10.05  44.05  16.7124
10.05  44.55  16.1991
10.05  45.05  16.4435
10.05  45.55  15.8288
10.05  46.05  15.4807
10.05  46.55  15.7514
10.05  47.05  15.5063
10.05  47.55  15.2144
10.05  48.05  15.3456
10.05  48.55  15.6218
10.05  49.05  16.0013
10.05  49.55  16.0001
10.05  50.05  16.5435
10.05  50.55  17.093
10.05  51.05  18.503
10.05  51.55  19.3342
10.05  52.05  19.5729
12.55  37.55  21.9174
12.55  38.05  21.3504
12.55  38.55  19.9286
12.55  39.05  19.6459
12.55  39.55  20.1013
12.55  40.05  19.7456
12.55  40.55  18.8942
12.55  41.05  18.6116
12.55  41.55  18.1473
12.55  42.05  17.6112
12.55  42.55  17.5779
12.55  43.05  17.6472
12.55  43.55  17.1591
12.55  44.05  16.5184
12.55  44.55  16.0301
12.55  45.05  16.0327
12.55  45.55  15.2737
12.55  46.05  14.984
12.55  46.55  15.3082
12.55  47.05  15.1711
12.55  47.55  14.8611
12.55  48.05  14.8658
12.55  48.55  15.3128
12.55  49.05  15.6867
12.55  49.55  15.5071
12.55  50.05  16.1136
12.55  50.55  16.8311
12.55  51.05  18.2096
12.55  51.55  18.787
12.55  52.05  19.1161
15.05  37.55  21.3694
15.05  38.05  21.2699
15.05  38.55  20.0568
15.05  39.05  19.4684
15.05  39.55  19.6633
15.05  40.05  19.599
15.05  40.55  18.8045
15.05  41.05  18.6577
15.05  41.55  18.1267
15.05  42.05  17.5822
15.05  42.55  17.318
15.05  43.05  17.4332
15.05  43.55  17.0406
15.05  44.05  16.4088
15.05  44.55  16.0955
15.05  45.05  15.9615
15.05  45.55  15.2339
15.05  46.05  14.9435
15.05  46.55  15.1577
15.05  47.05  15.1808
15.05  47.55  14.8712
15.05  48.05  14.4373
15.05  48.55  14.7611
15.05  49.05  15.4316
15.05  49.55  15.2661
15.05  50.05  15.9367
15.05  50.55  16.7748
15.05  51.05  17.997
15.05  51.55  18.324
15.05  52.05  17.715
17.55  37.55  20.6291
17.55  38.05  20.7197
17.55  38.55  19.6372
17.55  39.05  19.066
17.55  39.55  19.0642
17.55  40.05  18.7137
17.55  40.55  17.8897
17.55  41.05  17.9045
17.55  41.55  17.7161
17.55  42.05  17.2024
17.55  42.55  16.9578
17.55  43.05  17.0417
17.55  43.55  16.7103
17.55  44.05  16.1026
17.55  44.55  15.8488
17.55  45.05  15.612
17.55  45.55  15.0871
17.55  46.05  14.7611
17.55  46.55  14.9571
17.55  47.05  14.942
17.55  47.55  14.7019
17.55  48.05  14.1859
17.55  48.55  14.3889
17.55  49.05  15.0766
17.55  49.55  15.0059
17.55  50.05  15.5409
17.55  50.55  16.4964
17.55  51.05  17.6538
17.55  51.55  18.0928
17.55  52.05  17.6669
20.05  37.55  20.3821
20.05  38.05  20.5978
20.05  38.55  19.8284
20.05  39.05  19.3517
20.05  39.55  18.9711
20.05  40.05  18.1742
20.05  40.55  17.4496
20.05  41.05  17.5686
20.05  41.55  17.0132
20.05  42.05  16.3929
20.05  42.55  16.4864
20.05  43.05  16.4902
20.05  43.55  16.1497
20.05  44.05  15.4863
20.05  44.55  15.1947
20.05  45.05  15.2102
20.05  45.55  14.8359
20.05  46.05  14.5696
20.05  46.55  14.9145
20.05  47.05  15.0721
20.05  47.55  14.6819
20.05  48.05  14.33
20.05  48.55  14.578
20.05  49.05  14.8473
20.05  49.55  14.7064
20.05  50.05  15.1689
20.05  50.55  16.22
20.05  51.05  17.6224
20.05  51.55  18.0973
20.05  52.05  18.2086
22.55  37.55  20.1478
22.55  38.05  20.404
22.55  38.55  19.7714
22.55  39.05  19.4646
22.55  39.55  18.7376
22.55  40.05  17.4523
22.55  40.55  16.802
22.55  41.05  17.0328
22.55  41.55  16.7128
22.55  42.05  15.6311
22.55  42.55  15.8202
22.55  43.05  15.9713
22.55  43.55  15.5563
22.55  44.05  14.981
22.55  44.55  14.649
22.55  45.05  14.6548
22.55  45.55  14.4785
22.55  46.05  14.3401
22.55  46.55  14.6116
22.55  47.05  14.8866
22.55  47.55  14.4276
22.55  48.05  14.1046
22.55  48.55  14.319
22.55  49.05  14.5691
22.55  49.55  14.3354
22.55  50.05  14.8623
22.55  50.55  15.8851
22.55  51.05  17.2591
22.55  51.55  17.7771
22.55  52.05  18.4165
25.05  37.55  20.4416
25.05  38.05  20.4127
25.05  38.55  19.4787
25.05  39.05  19.2194
25.05  39.55  17.86
25.05  40.05  16.8024
25.05  40.55  16.367
25.05  41.05  16.7918
25.05  41.55  16.3166
25.05  42.05  15.3615
25.05  42.55  15.1394
25.05  43.05  15.2559
25.05  43.55  15.0464
25.05  44.05  14.4863
25.05  44.55  14.0757
25.05  45.05  14.2988
25.05  45.55  14.2277
25.05  46.05  14.2193
25.05  46.55  14.4355
25.05  47.05  14.7849
25.05  47.55  14.3725
25.05  48.05  13.9945
25.05  48.55  14.0978
25.05  49.05  14.4495
25.05  49.55  14.3573
25.05  50.05  14.7412
25.05  50.55  15.6235
25.05  51.05  17.0688
25.05  51.55  17.5669
25.05  52.05  17.4685
27.55  37.55  19.0882
27.55  38.05  19.3677
27.55  38.55  18.3843
27.55  39.05  18.0622
27.55  39.55  17.0484
27.55  40.05  16.2694
27.55  40.55  15.6944
27.55  41.05  15.6918
27.55  41.55  14.944
27.55  42.05  14.6253
27.55  42.55  14.5226
27.55  43.05  14.7454
27.55  43.55  14.5542
27.55  44.05  13.8875
27.55  44.55  13.4893
27.55  45.05  13.8758
27.55  45.55  13.815
27.55  46.05  13.7933
27.55  46.55  14.1051
27.55  47.05  14.5861
27.55  47.55  14.0163
27.55  48.05  13.592
27.55  48.55  13.7949
27.55  49.05  14.2116
27.55  49.55  14.1928
27.55  50.05  14.5592
27.55  50.55  15.3887
27.55  51.05  16.7998
27.55  51.55  17.4037
27.55  52.05  17.5003
30.05  37.55  17.4236
30.05  38.05  18.0243
30.05  38.55  17.2976
30.05  39.05  16.9238
30.05  39.55  16.7559
30.05  40.05  16.1965
30.05  40.55  15.5886
30.05  41.05  15.3547
30.05  41.55  13.7979
30.05  42.05  13.4398
30.05  42.55  13.4785
30.05  43.05  13.8476
30.05  43.55  13.9474
30.05  44.05  13.3385
30.05  44.55  13.2863
30.05  45.05  13.6175
30.05  45.55  13.5638
30.05  46.05  13.7378
30.05  46.55  14.2115
30.05  47.05  14.2618
30.05  47.55  13.8068
30.05  48.05  13.4513
30.05  48.55  13.7146
30.05  49.05  14.3026
30.05  49.55  14.4673
30.05  50.05  14.758
30.05  50.55  15.3705
30.05  51.05  16.533
30.05  51.55  17.1082
30.05  52.05  17.1073
32.55  37.55  16.8163
32.55  38.05  17.2958
32.55  38.55  16.4144
32.55  39.05  16.1164
32.55  39.55  16.6454
32.55  40.05  15.4318
32.55  40.55  14.5616
32.55  41.05  14.3428
32.55  41.55  13.4533
32.55  42.05  12.8307
32.55  42.55  12.795
32.55  43.05  13.3239
32.55  43.55  13.4527
32.55  44.05  12.9601
32.55  44.55  13.0362
32.55  45.05  13.4163
32.55  45.55  13.285
32.55  46.05  13.5156
32.55  46.55  14.0585
32.55  47.05  13.788
32.55  47.55  13.4797
32.55  48.05  13.2534
32.55  48.55  13.3785
32.55  49.05  14.1053
32.55  49.55  14.539
32.55  50.05  14.7954
32.55  50.55  15.1423
32.55  51.05  16.1795
32.55  51.55  16.7189
32.55  52.05  16.8428
35.05  37.55  16.0623
35.05  38.05  16.4752
35.05  38.55  15.4577
35.05  39.05  15.1422
35.05  39.55  15.6906
35.05  40.05  14.3527
35.05  40.55  13.6192
35.05  41.05  13.2085
35.05  41.55  12.9729
35.05  42.05  12.6785
35.05  42.55  12.6036
35.05  43.05  12.9886
35.05  43.55  13.3987
35.05  44.05  12.9769
35.05  44.55  12.9629
35.05  45.05  13.3381
35.05  45.55  13.2219
35.05  46.05  13.2048
35.05  46.55  13.4406
35.05  47.05  13.5179
35.05  47.55  13.407
35.05  48.05  13.352
35.05  48.55  13.5352
35.05  49.05  14.1988
35.05  49.55  14.4539
35.05  50.05  14.6659
35.05  50.55  15.1315
35.05  51.05  16.3209
35.05  51.55  16.8603
35.05  52.05  16.9408
37.55  37.55  15.2037
37.55  38.05  15.6285
37.55  38.55  15.0112
37.55  39.05  14.5343
37.55  39.55  14.3103
37.55  40.05  13.2712
37.55  40.55  12.7545
37.55  41.05  12.4084
37.55  41.55  12.0977
37.55  42.05  12.0502
37.55  42.55  12.2668
37.55  43.05  12.5978
37.55  43.55  13.1656
37.55  44.05  12.6343
37.55  44.55  12.4633
37.55  45.05  13.0178
37.55  45.55  12.8877
37.55  46.05  12.6501
37.55  46.55  12.9312
37.55  47.05  13.0828
37.55  47.55  13.11
37.55  48.05  13.0982
37.55  48.55  13.4777
37.55  49.05  14.0924
37.55  49.55  14.2637
37.55  50.05  14.4703
37.55  50.55  14.9089
37.55  51.05  16.1186
37.55  51.55  16.4962
37.55  52.05  15.6243
40.05  37.55  14.3609
40.05  38.05  14.8138
40.05  38.55  14.4901
40.05  39.05  13.8617
40.05  39.55  12.8407
40.05  40.05  12.1953
40.05  40.55  12.1358
40.05  41.05  11.8291
40.05  41.55  11.6141
40.05  42.05  11.7206
40.05  42.55  11.8488
40.05  43.05  12.112
40.05  43.55  12.7107
40.05  44.05  12.2557
40.05  44.55  12.2266
40.05  45.05  12.7135
40.05  45.55  12.4664
40.05  46.05  12.0664
40.05  46.55  12.783
40.05  47.05  12.9563
40.05  47.55  12.8108
40.05  48.05  12.8126
40.05  48.55  13.3128
40.05  49.05  14.0079
40.05  49.55  14.1775
40.05  50.05  14.6276
40.05  50.55  15.2458
40.05  51.05  16.0749
40.05  51.55  16.23
40.05  52.05  15.5762
42.55  37.55  13.7768
42.55  38.05  14.2162
42.55  38.55  13.9139
42.55  39.05  13.3479
42.55  39.55  12.2869
42.55  40.05  11.4948
42.55  40.55  11.3168
42.55  41.05  11.0975
42.55  41.55  11.1013
42.55  42.05  11.4037
42.55  42.55  11.4586
42.55  43.05  11.559
42.55  43.55  12.2055
42.55  44.05  11.6938
42.55  44.55  11.8552
42.55  45.05  12.2026
42.55  45.55  11.9498
42.55  46.05  11.6633
42.55  46.55  12.2436
42.55  47.05  12.5739
42.55  47.55  12.4394
42.55  48.05  12.4552
42.55  48.55  12.9915
42.55  49.05  13.7376
42.55  49.55  13.9464
42.55  50.05  14.3249
42.55  50.55  14.9982
42.55  51.05  15.7364
42.55  51.55  15.8251
42.55  52.05  14.9291
45.05  37.55  13.5341
45.05  38.05  13.9475
45.05  38.55  13.575
45.05  39.05  12.882
45.05  39.55  11.6527
45.05  40.05  10.8187
45.05  40.55  10.2801
45.05  41.05  10.0411
45.05  41.55  10.7167
45.05  42.05  10.8741
45.05  42.55  10.8538
45.05  43.05  11.0718
45.05  43.55  11.4812
45.05  44.05  11.1392
45.05  44.55  11.6148
45.05  45.05  11.8971
45.05  45.55  11.6636
45.05  46.05  11.6048
45.05  46.55  11.8506
45.05  47.05  12.4337
45.05  47.55  12.2011
45.05  48.05  12.2434
45.05  48.55  12.8023
45.05  49.05  13.7529
45.05  49.55  13.9921
45.05  50.05  14.1198
45.05  50.55  14.7963
45.05  51.05  15.3809
45.05  51.55  15.4557
45.05  52.05  14.533
47.55  37.55  13.3864
47.55  38.05  13.6593
47.55  38.55  12.9601
47.55  39.05  11.94
47.55  39.55  11.0832
47.55  40.05  10.042
47.55  40.55  9.81173
47.55  41.05  9.65669
47.55  41.55  9.99952
47.55  42.05  10.1136
47.55  42.55  10.2541
47.55  43.05  10.8266
47.55  43.55  10.773
47.55  44.05  10.5528
47.55  44.55  10.9152
47.55  45.05  11.492
47.55  45.55  11.3658
47.55  46.05  11.2326
47.55  46.55  11.5557
47.55  47.05  12.1962
47.55  47.55  11.8405
47.55  48.05  11.8966
47.55  48.55  12.5914
47.55  49.05  13.4764
47.55  49.55  13.567
47.55  50.05  13.8563
47.55  50.55  14.5104
47.55  51.05  15.0717
47.55  51.55  15.1132
47.55  52.05  14.3587
50.05  37.55  13.0901
50.05  38.05  13.1051
50.05  38.55  12.2021
50.05  39.05  11.166
50.05  39.55  10.6475
50.05  40.05  9.71507
50.05  40.55  9.35373
50.05  41.05  9.05104
50.05  41.55  9.37475
50.05  42.05  9.50152
50.05  42.55  9.74034
50.05  43.05  10.1314
50.05  43.55  10.191
50.05  44.05  9.93522
50.05  44.55  10.1119
50.05  45.05  10.8961
50.05  45.55  11.148
50.05  46.05  10.8259
50.05  46.55  11.4106
50.05  47.05  12.0225
50.05  47.55  11.7028
50.05  48.05  11.7204
50.05  48.55  12.5262
50.05  49.05  13.3632
50.05  49.55  13.4246
50.05  50.05  13.8807
50.05  50.55  14.3413
50.05  51.05  14.9437
50.05  51.55  14.9818
50.05  52.05  14.1267
52.55  37.55  12.1217
52.55  38.05  12.0242
52.55  38.55  11.2078
52.55  39.05  10.3921
52.55  39.55  9.83073
52.55  40.05  8.93503
52.55  40.55  8.63637
52.55  41.05  8.68063
52.55  41.55  9.17751
52.55  42.05  9.08489
52.55  42.55  9.08768
52.55  43.05  9.16907
52.55  43.55  9.85946
52.55  44.05  9.5792
52.55  44.55  9.6976
52.55  45.05  10.2602
52.55  45.55  10.556
52.55  46.05  10.4216
52.55  46.55  11.04
52.55  47.05  11.7002
52.55  47.55  11.5533
52.55  48.05  11.6182
52.55  48.55  12.2961
52.55  49.05  13.0105
52.55  49.55  13.176
52.55  50.05  13.5574
52.55  50.55  14.1
52.55  51.05  14.7172
52.55  51.55  14.889
52.55  52.05  14.3005
55.05  37.55  11.0135
55.05  38.05  11.0354
55.05  38.55  10.473
55.05  39.05  10.1298
55.05  39.55  9.38585
55.05  40.05  8.42696
55.05  40.55  8.02003
55.05  41.05  8.32775
55.05  41.55  9.01004
55.05  42.05  8.5168
55.05  42.55  8.54791
55.05  43.05  8.7572
55.05  43.55  9.42116
55.05  44.05  8.81644
55.05  44.55  9.19311
55.05  45.05  9.79937
55.05  45.55  10.3626
55.05  46.05  10.0663
55.05  46.55  10.5491
55.05  47.05  11.3479
55.05  47.55  11.4447
55.05  48.05  11.545
55.05  48.55  12.0033
55.05  49.05  12.8754
55.05  49.55  12.9692
55.05  50.05  13.2495
55.05  50.55  13.8452
55.05  51.05  14.538
55.05  51.55  14.9026
55.05  52.05  15.5981
57.55  37.55  10.4758
57.55  38.05  10.6204
57.55  38.55  9.83268
57.55  39.05  9.31716
57.55  39.55  8.65957
57.55  40.05  7.83013
57.55  40.55  7.24259
57.55  41.05  7.42948
57.55  41.55  8.00262
57.55  42.05  7.80579
57.55  42.55  8.14505
57.55  43.05  8.47965
57.55  43.55  8.78521
57.55  44.05  8.31868
57.55  44.55  8.60118
57.55  45.05  9.28953
57.55  45.55  9.34703
57.55  46.05  9.31227
57.55  46.55  10.1418
57.55  47.05  10.8933
57.55  47.55  11.0062
57.55  48.05  11.1844
57.55  48.55  11.7392
57.55  49.05  12.6891
57.55  49.55  12.764
57.55  50.05  12.9783
57.55  50.55  13.5566
57.55  51.05  14.2053
57.55  51.55  14.5201
57.55  52.05  14.2981
60.05  37.55  9.72836
60.05  38.05  10.0383
60.05  38.55  9.23311
60.05  39.05  8.73706
60.05  39.55  8.41174
60.05  40.05  7.639
60.05  40.55  7.12204
60.05  41.05  7.20632
60.05  41.55  7.69644
60.05  42.05  7.5266
60.05  42.55  7.8312
60.05  43.05  8.11811
60.05  43.55  8.39959
60.05  44.05  8.29731
60.05  44.55  8.2708
60.05  45.05  8.9246
60.05  45.55  8.85081
60.05  46.05  8.88707
60.05  46.55  9.85832
60.05  47.05  10.7807
60.05  47.55  11.0069
60.05  48.05  11.2152
60.05  48.55  11.8612
60.05  49.05  12.7768
60.05  49.55  12.8211
60.05  50.05  12.9541
60.05  50.55  13.5752
60.05  51.05  14.0605
60.05  51.55  14.1998
60.05  52.05  13.8555
62.55  37.55  9.40501
62.55  38.05  9.78913
62.55  38.55  8.86051
62.55  39.05  8.44086
62.55  39.55  8.25895
62.55  40.05  7.31943
62.55  40.55  6.85691
62.55  41.05  6.84048
62.55  41.55  7.42323
62.55  42.05  7.23129
62.55  42.55  7.40419
62.55  43.05  7.53904
62.55  43.55  8.0345
62.55  44.05  7.9835
62.55  44.55  7.99969
62.55  45.05  8.68893
62.55  45.55  8.85464
62.55  46.05  8.82261
62.55  46.55  9.65405
62.55  47.05  10.633
62.55  47.55  10.9265
62.55  48.05  11.0852
62.55  48.55  11.603
62.55  49.05  12.5732
62.55  49.55  12.5684
62.55  50.05  12.8391
62.55  50.55  13.4537
62.55  51.05  13.8444
62.55  51.55  13.9735
62.55  52.05  13.5183
65.05  37.55  9.29628
65.05  38.05  9.55042
65.05  38.55  8.75319
65.05  39.05  8.33369
65.05  39.55  8.04668
65.05  40.05  7.46468
65.05  40.55  7.01514
65.05  41.05  6.74611
65.05  41.55  7.16178
65.05  42.05  7.10878
65.05  42.55  7.15618
65.05  43.05  7.31102
65.05  43.55  7.95683
65.05  44.05  7.82733
65.05  44.55  7.94837
65.05  45.05  8.49953
65.05  45.55  8.75812
65.05  46.05  8.83077
65.05  46.55  9.54308
65.05  47.05  10.5184
65.05  47.55  10.9945
65.05  48.05  11.1541
65.05  48.55  11.5508
65.05  49.05  12.428
65.05  49.55  12.6372
65.05  50.05  12.9873
65.05  50.55  13.4936
65.05  51.05  13.8454
65.05  51.55  13.9916
65.05  52.05  13.5378
67.55  37.55  8.19845
67.55  38.05  8.56978
67.55  38.55  7.74483
67.55  39.05  7.34178
67.55  39.55  7.68239
67.55  40.05  6.9587
67.55  40.55  6.59195
67.55  41.05  6.42807
67.55  41.55  6.66406
67.55  42.05  6.72142
67.55  42.55  6.86339
67.55  43.05  7.07184
67.55  43.55  7.68075
67.55  44.05  7.52018
67.55  44.55  7.66068
67.55  45.05  8.15786
67.55  45.55  8.57014
67.55  46.05  8.71028
67.55  46.55  9.27684
67.55  47.05  10.3248
67.55  47.55  10.8999
67.55  48.05  11.0093
67.55  48.55  11.4775
67.55  49.05  12.3091
67.55  49.55  12.4771
67.55  50.05  12.8241
67.55  50.55  13.3318
67.55  51.05  13.7561
67.55  51.55  13.9488
67.55  52.05  13.4472
70.05  37.55  7.58904
70.05  38.05  7.89991
70.05  38.55  6.92994
70.05  39.05  6.80959
70.05  39.55  7.33093
70.05  40.05  6.6326
70.05  40.55  6.33886
70.05  41.05  6.26234
70.05  41.55  6.53817
70.05  42.05  6.30233
70.05  42.55  6.61861
70.05  43.05  6.84375
70.05  43.55  7.50576
70.05  44.05  7.50677
70.05  44.55  7.76976
70.05  45.05  8.19659
70.05  45.55  8.65418
70.05  46.05  8.77349
70.05  46.55  9.30477
70.05  47.05  10.4045
70.05  47.55  11.0274
70.05  48.05  11.0645
70.05  48.55  11.5733
70.05  49.05  12.3881
70.05  49.55  12.3635
70.05  50.05  12.6981
70.05  50.55  13.2678
70.05  51.05  13.8026
70.05  51.55  14.0552
70.05  52.05  13.5262
72.55  37.55  6.76253
72.55  38.05  7.02772
72.55  38.55  6.55265
72.55  39.05  6.51836
72.55  39.55  6.29679
72.55  40.05  6.07223
72.55  40.55  5.83223
72.55  41.05  5.7258
72.55  41.55  6.13032
72.55  42.05  5.92852
72.55  42.55  6.11332
72.55  43.05  6.37092
72.55  43.55  7.34831
72.55  44.05  7.36697
72.55  44.55  7.52378
72.55  45.05  7.96665
72.55  45.55  8.53139
72.55  46.05  8.66484
72.55  46.55  9.10069
72.55  47.05  10.1628
72.55  47.55  10.9671
72.55  48.05  10.9157
72.55  48.55  11.4325
72.55  49.05  12.2944
72.55  49.55  12.191
72.55  50.05  12.4666
72.55  50.55  13.0178
72.55  51.05  13.6124
72.55  51.55  13.8277
72.55  52.05  13.3858
75.05  37.55  6.52378
75.05  38.05  6.79373
75.05  38.55  6.25194
75.05  39.05  5.95182
75.05  39.55  5.80691
75.05  40.05  5.51954
75.05  40.55  5.3324
75.05  41.05  5.65204
75.05  41.55  5.8788
75.05  42.05  5.69216
75.05  42.55  5.76997
75.05  43.05  6.26409
75.05  43.55  7.05202
75.05  44.05  7.0868
75.05  44.55  7.43164
75.05  45.05  7.94011
75.05  45.55  8.53876
75.05  46.05  8.80023
75.05  46.55  9.31289
75.05  47.05  10.3268
75.05  47.55  10.9741
75.05  48.05  10.9792
75.05  48.55  11.5084
75.05  49.05  12.2952
75.05  49.55  12.2723
75.05  50.05  12.4725
75.05  50.55  13.0263
75.05  51.05  13.5531
75.05  51.55  13.7728
75.05  52.05  13.4645
77.55  37.55  5.78099
77.55  38.05  6.20673
77.55  38.55  5.62509
77.55  39.05  5.20478
77.55  39.55  5.32952
77.55  40.05  4.8751
77.55  40.55  4.66196
77.55  41.05  4.91259
77.55  41.55  5.33899
77.55  42.05  5.28106
77.55  42.55  5.56497
77.55  43.05  6.02639
77.55  43.55  6.60735
77.55  44.05  6.71792
77.55  44.55  7.15803
77.55  45.05  7.83285
77.55  45.55  8.42784
77.55  46.05  8.5512
77.55  46.55  9.18134
77.55  47.05  10.2308
77.55  47.55  10.8414
77.55  48.05  10.9829
77.55  48.55  11.4193
77.55  49.05  12.084
77.55  49.55  12.1409
77.55  50.05  12.3305
77.55  50.55  12.9379
77.55  51.05  13.3516
77.55  51.55  13.5055
77.55  52.05  12.8221
80.05  37.55  5.74178
80.05  38.05  6.04655
80.05  38.55  5.34526
80.05  39.05  4.80365
80.05  39.55  4.74449
80.05  40.05  4.16462
80.05  40.55  3.90995
80.05  41.05  4.22615
80.05  41.55  5.20039
80.05  42.05  5.22188
80.05  42.55  5.51962
80.05  43.05  5.81194
80.05  43.55  6.51532
80.05  44.05  6.71271
80.05  44.55  7.15662
80.05  45.05  7.68826
80.05  45.55  8.59446
80.05  46.05  8.56627
80.05  46.55  9.15347
80.05  47.05  10.235
80.05  47.55  10.8861
80.05  48.05  11.1101
80.05  48.55  11.4829
80.05  49.05  12.0963
80.05  49.55  12.1081
80.05  50.05  12.3396
80.05  50.55  12.9984
80.05  51.05  13.3556
80.05  51.55  13.4399
80.05  52.05  12.8547
82.55  37.55  5.18218
82.55  38.05  5.55262
82.55  38.55  4.80398
82.55  39.05  4.23748
82.55  39.55  4.32071
82.55  40.05  3.72708
82.55  40.55  3.4987
82.55  41.05  4.00774
82.55  41.55  4.92107
82.55  42.05  4.72395
82.55  42.55  5.08172
82.55  43.05  5.53004
82.55  43.55  6.26231
82.55  44.05  6.49974
82.55  44.55  6.86022
82.55  45.05  7.36199
82.55  45.55  8.52428
82.55  46.05  8.46286
82.55  46.55  9.03283
82.55  47.05  10.1199
82.55  47.55  10.6659
82.55  48.05  10.8425
82.55  48.55  11.3335
82.55  49.05  11.9201
82.55  49.55  11.9426
82.55  50.05  12.2488
82.55  50.55  12.8109
82.55  51.05  13.1762
82.55  51.55  13.1699
82.55  52.05  12.3653
85.05  37.55  5.3193
85.05  38.05  5.29905
85.05  38.55  4.3692
85.05  39.05  3.96943
85.05  39.55  4.10122
85.05  40.05  3.39771
85.05  40.55  3.24312
85.05  41.05  3.57821
85.05  41.55  4.43281
85.05  42.05  4.42249
85.05  42.55  4.74652
85.05  43.05  5.24555
85.05  43.55  6.20335
85.05  44.05  6.46483
85.05  44.55  6.7771
85.05  45.05  7.47839
85.05  45.55  8.5772
85.05  46.05  8.54322
85.05  46.55  9.12367
85.05  47.05  10.1127
85.05  47.55  10.7931
85.05  48.05  10.8305
85.05  48.55  11.3474
85.05  49.05  11.957
85.05  49.55  11.9043
85.05  50.05  12.2568
85.05  50.55  12.7848
85.05  51.05  13.1806
85.05  51.55  13.1096
85.05  52.05  12.3275
87.55  37.55  4.651
87.55  38.05  4.44313
87.55  38.55  3.51486
87.55  39.05  3.28881
87.55  39.55  3.91138
87.55  40.05  2.99912
87.55  40.55  2.61798
87.55  41.05  2.90009
87.55  41.55  3.70307
87.55  42.05  3.77584
87.55  42.55  4.17004
87.55  43.05  4.9505
87.55  43.55  5.94977
87.55  44.05  6.16647
87.55  44.55  6.53158
87.55  45.05  7.28656
87.55  45.55  8.34172
87.55  46.05  8.55798
87.55  46.55  9.0747
87.55  47.05  9.99238
87.55  47.55  10.6878
87.55  48.05  10.8396
87.55  48.55  11.1816
87.55  49.05  11.8364
87.55  49.55  11.7179
87.55  50.05  12.114
87.55  50.55  12.5904
87.55  51.05  13.047
87.55  51.55  13.135
87.55  52.05  12.3425
90.05  37.55  3.97859
90.05  38.05  3.87071
90.05  38.55  3.02616
90.05  39.05  2.97878
90.05  39.55  3.39536
90.05  40.05  2.65864
90.05  40.55  2.16716
90.05  41.05  2.41503
90.05  41.55  3.3159
90.05  42.05  3.79172
90.05  42.55  4.07027
90.05  43.05  4.91076
90.05  43.55  5.899
90.05  44.05  6.17961
90.05  44.55  6.59731
90.05  45.05  7.39539
90.05  45.55  8.31331
90.05  46.05  8.65827
90.05  46.55  9.0845
90.05  47.05  10.0198
90.05  47.55  10.6106
90.05  48.05  10.8945
90.05  48.55  11.1609
90.05  49.05  11.8101
90.05  49.55  11.7958
90.05  50.05  12.2527
90.05  50.55  12.6628
90.05  51.05  13.1087
90.05  51.55  13.2781
90.05  52.05  12.7915
92.55  37.55  3.45322
92.55  38.05  3.59769
92.55  38.55  2.68655
92.55  39.05  2.46228
92.55  39.55  2.57758
92.55  40.05  2.15007
92.55  40.55  1.94141
92.55  41.05  2.12743
92.55  41.55  2.88451
92.55  42.05  3.54443
92.55  42.55  3.85386
92.55  43.05  4.44093
92.55  43.55  5.54614
92.55  44.05  6.1353
92.55  44.55  6.53937
92.55  45.05  7.21011
92.55  45.55  8.0882
92.55  46.05  8.41649
92.55  46.55  9.00646
92.55  47.05  9.82833
92.55  47.55  10.3135
92.55  48.05  10.551
92.55  48.55  10.9691
92.55  49.05  11.6568
92.55  49.55  11.6538
92.55  50.05  12.0513
92.55  50.55  12.6187
92.55  51.05  13.0012
92.55  51.55  13.0779
92.55  52.05  12.4489
95.05  37.55  3.87167
95.05  38.05  3.5923
95.05  38.55  2.33198
95.05  39.05  1.95449
95.05  39.55  2.12028
95.05  40.05  1.75313
95.05  40.55  1.57758
95.05  41.05  1.86395
95.05  41.55  2.62382
95.05  42.05  3.43113
95.05  42.55  3.84894
95.05  43.05  4.32884
95.05  43.55  5.42246
95.05  44.05  6.13745
95.05  44.55  6.50567
95.05  45.05  7.23087
95.05  45.55  8.20953
95.05  46.05  8.62803
95.05  46.55  9.24346
95.05  47.05  10.145
95.05  47.55  10.4312
95.05  48.05  10.5423
95.05  48.55  11.0165
95.05  49.05  11.754
95.05  49.55  11.7427
95.05  50.05  12.022
95.05  50.55  12.6457
95.05  51.05  13.0322
95.05  51.55  13.035
95.05  52.05  12.3204
97.55  37.55  3.59332
97.55  38.05  3.14924
97.55  38.55  1.88542
97.55  39.05  1.47317
97.55  39.55  1.71355
97.55  40.05  1.42735
97.55  40.55  1.13719
97.55  41.05  1.57199
97.55  41.55  2.40965
97.55  42.05  3.2049
97.55  42.55  3.66091
97.55  43.05  4.09207
97.55  43.55  5.08032
97.55  44.05  5.94018
97.55  44.55  6.38801
97.55  45.05  7.18016
97.55  45.55  8.23533
97.55  46.05  8.68512
97.55  46.55  9.15674
97.55  47.05  10.14
97.55  47.55  10.3491
97.55  48.05  10.4527
97.55  48.55  10.9153
97.55  49.05  11.6745
97.55  49.55  11.7288
97.55  50.05  11.8196
97.55  50.55  12.4027
97.55  51.05  12.8269
97.55  51.55  12.9085
97.55  52.05  12.5778
100.05  37.55  3.18391
100.05  38.05  2.98005
100.05  38.55  1.92878
100.05  39.05  1.34535
100.05  39.55  1.52904
100.05  40.05  1.46662
100.05  40.55  1.31664
100.05  41.05  1.80805
100.05  41.55  2.83178
100.05  42.05  3.39246
100.05  42.55  3.69743
100.05  43.05  4.16971
100.05  43.55  5.14694
100.05  44.05  6.04189
100.05  44.55  6.55793
100.05  45.05  7.29978
100.05  45.55  8.37687
100.05  46.05  8.92351
100.05  46.55  9.40848
100.05  47.05  10.2048
100.05  47.55  10.3796
100.05  48.05  10.6068
100.05  48.55  11.021
100.05  49.05  11.7831
100.05  49.55  11.8083
100.05  50.05  11.8502
100.05  50.55  12.3634
100.05  51.05  12.8758
100.05  51.55  13.0801
100.05  52.05  13.1654
102.55  37.55  2.77854
102.55  38.05  2.57003
102.55  38.55  1.5358
102.55  39.05  1.17897
102.55  39.55  1.14112
102.55  40.05  1.24996
102.55  40.55  1.40099
102.55  41.05  1.90938
102.55  41.55  2.94692
102.55  42.05  3.09364
102.55  42.55  3.40224
102.55  43.05  3.92908
102.55  43.55  5.09368
102.55  44.05  6.10618
102.55  44.55  6.58386
102.55  45.05  7.16931
102.55  45.55  8.25029
102.55  46.05  8.90357
102.55  46.55  9.48268
102.55  47.05  10.1096
102.55  47.55  10.2714
102.55  48.05  10.5084
102.55  48.55  10.9333
102.55  49.05  11.6984
102.55  49.55  11.6769
102.55  50.05  11.7805
102.55  50.55  12.2821
102.55  51.05  12.7699
102.55  51.55  12.9149
102.55  52.05  12.5264
105.05  37.55  2.76402
105.05  38.05  2.6207
105.05  38.55  1.52459
105.05  39.05  1.1566
105.05  39.55  1.23257
105.05  40.05  1.33793
105.05  40.55  1.46783
105.05  41.05  1.93057
105.05  41.55  2.81319
105.05  42.05  2.87384
105.05  42.55  3.40315
105.05  43.05  3.98914
105.05  43.55  5.33849
105.05  44.05  6.45444
105.05  44.55  6.80598
105.05  45.05  7.42139
105.05  45.55  8.61611
105.05  46.05  9.12027
105.05  46.55  9.59684
105.05  47.05  10.2801
105.05  47.55  10.3796
105.05  48.05  10.5871
105.05  48.55  10.9785
105.05  49.05  11.7557
105.05  49.55  11.7147
105.05  50.05  11.8634
105.05  50.55  12.3654
105.05  51.05  12.8436
105.05  51.55  12.9438
105.05  52.05  12.2828
107.55  37.55  2.16686
107.55  38.05  2.14221
107.55  38.55  1.29437
107.55  39.05  1.03595
107.55  39.55  1.3102
107.55  40.05  1.24648
107.55  40.55  1.30624
107.55  41.05  1.78751
107.55  41.55  2.62822
107.55  42.05  2.7082
107.55  42.55  3.35636
107.55  43.05  4.07811
107.55  43.55  5.23801
107.55  44.05  6.35157
107.55  44.55  6.83461
107.55  45.05  7.6141
107.55  45.55  8.69918
107.55  46.05  8.88344
107.55  46.55  9.32188
107.55  47.05  10.1639
107.55  47.55  10.2994
107.55  48.05  10.4648
107.55  48.55  10.873
107.55  49.05  11.6486
107.55  49.55  11.6025
107.55  50.05  11.7329
107.55  50.55  12.2504
107.55  51.05  12.7351
107.55  51.55  12.8992
107.55  52.05  12.3582
110.05  37.55  1.73083
110.05  38.05  1.99005
110.05  38.55  1.38444
110.05  39.05  1.01158
110.05  39.55  1.36667
110.05  40.05  1.41775
110.05  40.55  1.48452
110.05  41.05  1.98537
110.05  41.55  2.77632
110.05  42.05  2.78143
110.05  42.55  3.42082
110.05  43.05  4.21494
110.05  43.55  5.32784
110.05  44.05  6.30779
110.05  44.55  6.94389
110.05  45.05  7.75995
110.05  45.55  8.77379
110.05  46.05  8.96135
110.05  46.55  9.42703
110.05  47.05  10.2296
110.05  47.55  10.3905
110.05  48.05  10.5151
110.05  48.55  10.9114
110.05  49.05  11.6955
110.05  49.55  11.7078
110.05  50.05  11.8017
110.05  50.55  12.2998
110.05  51.05  12.7999
110.05  51.55  12.985
110.05  52.05  12.4486
112.55  37.55  1.57768
112.55  38.05  1.98175
112.55  38.55  1.36098
112.55  39.05  1.01655
112.55  39.55  1.28059
112.55  40.05  1.3884
112.55  40.55  1.59457
112.55  41.05  2.18428
112.55  41.55  2.97282
112.55  42.05  2.79104
112.55  42.55  3.40661
112.55  43.05  4.23247
112.55  43.55  5.34529
112.55  44.05  6.14237
112.55  44.55  6.77653
112.55  45.05  7.74465
112.55  45.55  8.7048
112.55  46.05  8.8713
112.55  46.55  9.35418
112.55  47.05  10.1609
112.55  47.55  10.2967
112.55  48.05  10.4127
112.55  48.55  10.7541
112.55  49.05  11.4739
112.55  49.55  11.5433
112.55  50.05  11.6848
112.55  50.55  12.2171
112.55  51.05  12.6888
112.55  51.55  12.7559
112.55  52.05  12.3518
115.05  37.55  1.81384
115.05  38.05  2.15011
115.05  38.55  1.49135
115.05  39.05  1.23837
115.05  39.55  1.53464
115.05  40.05  1.73225
115.05  40.55  1.9159
115.05  41.05  2.38418
115.05  41.55  3.0052
115.05  42.05  3.13784
115.05  42.55  3.7053
115.05  43.05  4.52721
115.05  43.55  5.61868
115.05  44.05  6.57374
115.05  44.55  7.01452
115.05  45.05  7.79626
115.05  45.55  8.85866
115.05  46.05  8.93698
115.05  46.55  9.49617
115.05  47.05  10.1855
115.05  47.55  10.3435
115.05  48.05  10.4782
115.05  48.55  10.9423
115.05  49.05  11.5932
115.05  49.55  11.5868
115.05  50.05  11.7664
115.05  50.55  12.3726
115.05  51.05  12.8312
115.05  51.55  12.818
115.05  52.05  12.2144
117.55  37.55  1.55167
117.55  38.05  1.84988
117.55  38.55  1.3996
117.55  39.05  1.32912
117.55  39.55  1.72984
117.55  40.05  1.98774
117.55  40.55  2.04685
117.55  41.05  2.38607
117.55  41.55  2.85379
117.55  42.05  3.3467
117.55  42.55  3.86729
117.55  43.05  4.59368
117.55  43.55  5.56119
117.55  44.05  6.90559
117.55  44.55  7.04676
117.55  45.05  7.62304
117.55  45.55  8.73719
117.55  46.05  8.83939
117.55  46.55  9.42118
117.55  47.05  9.93264
117.55  47.55  10.1017
117.55  48.05  10.3045
117.55  48.55  10.8149
117.55  49.05  11.4882
117.55  49.55  11.4857
117.55  50.05  11.6596
117.55  50.55  12.2844
117.55  51.05  12.7244
117.55  51.55  12.725
117.55  52.05  12.4474
120.05  37.55  0.73608
120.05  38.05  1.0694
120.05  38.55  0.853739
120.05  39.05  1.53562
120.05  39.55  1.9864
120.05  40.05  1.96315
120.05  40.55  2.09808
120.05  41.05  2.39847
120.05  41.55  2.73562
120.05  42.05  3.48878
120.05  42.55  4.34006
120.05  43.05  4.55133
120.05  43.55  5.61738
120.05  44.05  7.2639
120.05  44.55  7.00383
120.05  45.05  7.34356
120.05  45.55  8.28965
120.05  46.05  8.46373
120.05  46.55  9.1476
120.05  47.05  9.54185
120.05  47.55  9.60624
120.05  48.05  9.95314
120.05  48.55  10.4847
120.05  49.05  11.1688
120.05  49.55  11.1851
120.05  50.05  11.3656
120.05  50.55  12.0082
120.05  51.05  12.4367
120.05  51.55  12.3754
120.05  52.05  11.9116
122.55  38.05  0.177846
122.55  38.55  -0
122.55  41.55  3.2234
122.55  45.05  7.95012
122.55  45.55  7.30306
122.55  46.05  8.0045
122.55  46.55  8.91548
122.55  47.05  8.96338
122.55  47.55  8.78403
122.55  48.05  9.20302
122.55  48.55  10.7705
122.55  49.05  10.7251
122.55  49.55  10.4009
122.55  50.05  10.9334
122.55  50.55  11.3802
122.55  51.05  11.9131
122.55  51.55  11.9509
