-56.25  39.25  inf
-43.75  47.25  5.0833
-43.75  47.75  5.57124
-41.25  39.25  8.86154
-41.25  40.25  9.31269
-41.25  42.25  8.26225
-41.25  47.75  9.32124
-41.25  49.75  9.03637
-41.25  50.25  9.03858
-38.75  37.75  9.83589
-38.75  38.25  9.89823
-38.75  38.75  9.14592
-38.75  39.25  8.60985
-38.75  39.75  8.34965
-38.75  40.25  8.47844
-38.75  40.75  8.0367
-38.75  41.25  8.19858
-38.75  41.75  8.58247
-38.75  42.25  8.04424
-38.75  42.75  8.52796
-38.75  43.25  8.49869
-38.75  43.75  8.28184
-38.75  44.25  8.90486
-38.75  44.75  8.8537
-38.75  45.25  8.74909
-38.75  45.75  8.79304
-38.75  46.25  8.17379
-38.75  46.75  7.76752
-38.75  47.25  8.0502
-38.75  47.75  8.95115
-38.75  48.25  10.0536
-38.75  48.75  9.26353
-38.75  49.25  9.31694
-38.75  49.75  9.71665
-38.75  50.25  9.14576
-38.75  50.75  9.13359
-38.75  51.25  8.38553
-36.25  37.75  7.78813
-36.25  38.25  7.77919
-36.25  38.75  6.91657
-36.25  39.25  6.62793
-36.25  39.75  6.50735
-36.25  40.25  6.7246
-36.25  40.75  6.38237
-36.25  41.25  6.32585
-36.25  41.75  6.55634
-36.25  42.25  6.62587
-36.25  42.75  6.02634
-36.25  43.25  5.76106
-36.25  43.75  6.03154
-36.25  44.25  6.72939
-36.25  44.75  6.52655
-36.25  45.25  6.44342
-36.25  45.75  6.35461
-36.25  46.25  5.94781
-36.25  46.75  5.92345
-36.25  47.25  6.28963
-36.25  47.75  6.84193
-36.25  48.25  7.30149
-36.25  48.75  7.01394
-36.25  49.25  7.30639
-36.25  49.75  7.63369
-36.25  50.25  7.2971
-36.25  50.75  7.45494
-36.25  51.25  6.69898
-33.75  37.75  7.82064
-33.75  38.25  7.76355
-33.75  38.75  7.68577
-33.75  39.25  6.81891
-33.75  39.75  6.62943
-33.75  40.25  6.92742
-33.75  40.75  6.76667
-33.75  41.25  6.43906
-33.75  41.75  6.35516
-33.75  42.25  6.65521
-33.75  42.75  6.22282
-33.75  43.25  5.95196
-33.75  43.75  6.10443
-33.75  44.25  6.70086
-33.75  44.75  6.5978
-33.75  45.25  6.59242
-33.75  45.75  6.67052
-33.75  46.25  6.01749
-33.75  46.75  5.9855
-33.75  47.25  6.34899
-33.75  47.75  6.88009
-33.75  48.25  7.23226
-33.75  48.75  7.03672
-33.75  49.25  7.43104
-33.75  49.75  7.80609
-33.75  50.25  7.53972
-33.75  50.75  7.73199
-33.75  51.25  6.95837
-31.25  37.75  8.00684
-31.25  38.25  7.79008
-31.25  38.75  7.84819
-31.25  39.25  7.23929
-31.25  39.75  6.72845
-31.25  40.25  7.0404
-31.25  40.75  6.6869
-31.25  41.25  6.41276
-31.25  41.75  6.33583
-31.25  42.25  6.62285
-31.25  42.75  6.57343
-31.25  43.25  6.11212
-31.25  43.75  6.29213
-31.25  44.25  6.56687
-31.25  44.75  6.28922
-31.25  45.25  6.46346
-31.25  45.75  6.5852
-31.25  46.25  5.83101
-31.25  46.75  5.81507
-31.25  47.25  6.29084
-31.25  47.75  6.78889
-31.25  48.25  7.01201
-31.25  48.75  7.06337
-31.25  49.25  7.35534
-31.25  49.75  7.7753
-31.25  50.25  7.69486
-31.25  50.75  8.05573
-31.25  51.25  7.46622
-28.75  37.75  8.25927
-28.75  38.25  7.96035
-28.75  38.75  7.50583
-28.75  39.25  7.0903
-28.75  39.75  6.84584
-28.75  40.25  7.31053
-28.75  40.75  6.61714
-28.75  41.25  6.38222
-28.75  41.75  6.38462
-28.75  42.25  6.63254
-28.75  42.75  6.42715
-28.75  43.25  6.06041
-28.75  43.75  6.3622
-28.75  44.25  6.61727
-28.75  44.75  6.07811
-28.75  45.25  6.1847
-28.75  45.75  6.44566
-28.75  46.25  6.05419
-28.75  46.75  5.78722
-28.75  47.25  6.11692
-28.75  47.75  6.70925
-28.75  48.25  6.63664
-28.75  48.75  6.71684
-28.75  49.25  7.08687
-28.75  49.75  7.83076
-28.75  50.25  7.74011
-28.75  50.75  8.08216
-28.75  51.25  7.56412
-26.25  37.75  8.09918
-26.25  38.25  7.81317
-26.25  38.75  7.28972
-26.25  39.25  7.00617
-26.25  39.75  7.17135
-26.25  40.25  7.47831
-26.25  40.75  6.66173
-26.25  41.25  6.36825
-26.25  41.75  6.26719
-26.25  42.25  6.41291
-26.25  42.75  6.25209
-26.25  43.25  6.10333
-26.25  43.75  6.43377
-26.25  44.25  6.37103
-26.25  44.75  5.83242
-26.25  45.25  5.81535
-26.25  45.75  6.35371
-26.25  46.25  6.13883
-26.25  46.75  5.99761
-26.25  47.25  6.082
-26.25  47.75  6.45986
-26.25  48.25  6.30291
-26.25  48.75  6.26254
-26.25  49.25  6.80601
-26.25  49.75  7.66576
-26.25  50.25  7.71544
-26.25  50.75  8.05356
-26.25  51.25  7.46373
-23.75  37.75  7.44468
-23.75  38.25  7.27569
-23.75  38.75  7.30355
-23.75  39.25  7.04072
-23.75  39.75  7.17131
-23.75  40.25  7.25822
-23.75  40.75  6.80723
-23.75  41.25  6.4586
-23.75  41.75  6.16751
-23.75  42.25  6.39773
-23.75  42.75  6.17988
-23.75  43.25  6.01328
-23.75  43.75  6.30044
-23.75  44.25  6.29373
-23.75  44.75  5.80563
-23.75  45.25  5.73649
-23.75  45.75  6.14455
-23.75  46.25  6.07715
-23.75  46.75  5.99916
-23.75  47.25  6.04272
-23.75  47.75  6.31258
-23.75  48.25  6.20739
-23.75  48.75  6.14267
-23.75  49.25  6.66638
-23.75  49.75  7.35301
-23.75  50.25  7.56401
-23.75  50.75  7.95745
-23.75  51.25  7.3206
-21.25  37.75  6.68094
-21.25  38.25  6.7713
-21.25  38.75  7.29766
-21.25  39.25  6.94832
-21.25  39.75  6.89446
-21.25  40.25  7.05745
-21.25  40.75  6.70185
-21.25  41.25  6.39129
-21.25  41.75  6.2424
-21.25  42.25  6.38547
-21.25  42.75  6.15468
-21.25  43.25  5.76536
-21.25  43.75  5.83441
-21.25  44.25  6.03787
-21.25  44.75  5.64965
-21.25  45.25  5.64662
-21.25  45.75  5.99528
-21.25  46.25  5.88275
-21.25  46.75  5.72357
-21.25  47.25  5.93893
-21.25  47.75  6.23042
-21.25  48.25  6.25233
-21.25  48.75  6.21803
-21.25  49.25  6.60624
-21.25  49.75  7.25689
-21.25  50.25  7.49853
-21.25  50.75  7.95183
-21.25  51.25  7.62526
-18.75  37.75  6.47585
-18.75  38.25  6.6938
-18.75  38.75  6.97861
-18.75  39.25  6.82668
-18.75  39.75  6.78648
-18.75  40.25  7.02233
-18.75  40.75  6.52493
-18.75  41.25  6.35221
-18.75  41.75  6.33843
-18.75  42.25  6.39512
-18.75  42.75  6.1823
-18.75  43.25  5.73047
-18.75  43.75  5.6468
-18.75  44.25  5.9867
-18.75  44.75  5.57296
-18.75  45.25  5.58356
-18.75  45.75  6.00563
-18.75  46.25  5.80944
-18.75  46.75  5.74104
-18.75  47.25  6.0423
-18.75  47.75  6.23682
-18.75  48.25  6.09374
-18.75  48.75  6.16585
-18.75  49.25  6.73425
-18.75  49.75  7.47954
-18.75  50.25  7.5059
-18.75  50.75  7.9444
-18.75  51.25  7.52307
-16.25  37.75  6.3598
-16.25  38.25  6.66174
-16.25  38.75  6.67992
-16.25  39.25  6.43502
-16.25  39.75  6.6032
-16.25  40.25  6.68619
-16.25  40.75  6.32008
-16.25  41.25  6.05202
-16.25  41.75  6.23251
-16.25  42.25  6.34121
-16.25  42.75  6.12665
-16.25  43.25  5.75295
-16.25  43.75  5.81341
-16.25  44.25  5.88281
-16.25  44.75  5.27392
-16.25  45.25  5.26331
-16.25  45.75  5.81111
-16.25  46.25  5.63577
-16.25  46.75  5.46755
-16.25  47.25  5.86894
-16.25  47.75  6.19662
-16.25  48.25  6.18719
-16.25  48.75  6.3084
-16.25  49.25  6.9815
-16.25  49.75  7.64711
-16.25  50.25  7.50895
-16.25  50.75  7.89698
-16.25  51.25  7.50372
-13.75  37.75  6.10623
-13.75  38.25  6.44751
-13.75  38.75  6.56759
-13.75  39.25  6.04548
-13.75  39.75  6.20551
-13.75  40.25  6.43208
-13.75  40.75  6.23316
-13.75  41.25  5.88813
-13.75  41.75  6.04127
-13.75  42.25  6.31771
-13.75  42.75  6.0589
-13.75  43.25  5.85572
-13.75  43.75  6.04762
-13.75  44.25  5.72545
-13.75  44.75  5.16995
-13.75  45.25  5.1135
-13.75  45.75  5.59493
-13.75  46.25  5.54244
-13.75  46.75  5.17026
-13.75  47.25  5.48426
-13.75  47.75  6.25185
-13.75  48.25  6.39202
-13.75  48.75  6.37302
-13.75  49.25  6.91966
-13.75  49.75  7.59274
-13.75  50.25  7.44218
-13.75  50.75  7.81553
-13.75  51.25  7.51404
-11.25  37.75  6.2153
-11.25  38.25  6.1266
-11.25  38.75  6.31087
-11.25  39.25  5.80743
-11.25  39.75  5.54221
-11.25  40.25  5.92931
-11.25  40.75  5.98574
-11.25  41.25  5.7629
-11.25  41.75  5.93876
-11.25  42.25  6.2569
-11.25  42.75  5.91657
-11.25  43.25  5.63962
-11.25  43.75  5.75519
-11.25  44.25  5.59247
-11.25  44.75  5.1231
-11.25  45.25  4.9462
-11.25  45.75  5.45403
-11.25  46.25  5.64347
-11.25  46.75  5.50595
-11.25  47.25  5.66027
-11.25  47.75  6.48415
-11.25  48.25  6.64057
-11.25  48.75  6.45248
-11.25  49.25  6.9612
-11.25  49.75  7.51999
-11.25  50.25  7.29476
-11.25  50.75  7.55354
-11.25  51.25  6.90765
-8.75  37.75  6.28745
-8.75  38.25  5.99076
-8.75  38.75  5.90005
-8.75  39.25  5.86097
-8.75  39.75  5.48551
-8.75  40.25  5.89921
-8.75  40.75  5.62591
-8.75  41.25  5.60402
-8.75  41.75  5.90884
-8.75  42.25  6.19312
-8.75  42.75  5.81518
-8.75  43.25  5.47633
-8.75  43.75  5.5279
-8.75  44.25  5.45353
-8.75  44.75  5.06797
-8.75  45.25  5.06018
-8.75  45.75  5.78532
-8.75  46.25  5.68905
-8.75  46.75  5.90032
-8.75  47.25  6.04191
-8.75  47.75  6.40327
-8.75  48.25  6.6411
-8.75  48.75  6.34577
-8.75  49.25  6.78716
-8.75  49.75  7.47872
-8.75  50.25  7.32646
-8.75  50.75  7.55727
-8.75  51.25  6.9289
-6.25  37.75  6.06862
-6.25  38.25  6.12642
-6.25  38.75  5.98987
-6.25  39.25  5.67544
-6.25  39.75  5.49348
-6.25  40.25  5.8381
-6.25  40.75  5.44445
-6.25  41.25  5.45634
-6.25  41.75  5.77772
-6.25  42.25  5.99468
-6.25  42.75  5.53836
-6.25  43.25  5.20998
-6.25  43.75  5.34631
-6.25  44.25  5.49656
-6.25  44.75  5.07759
-6.25  45.25  5.00335
-6.25  45.75  5.56643
-6.25  46.25  5.44406
-6.25  46.75  5.47612
-6.25  47.25  5.78521
-6.25  47.75  6.18262
-6.25  48.25  6.52193
-6.25  48.75  6.39897
-6.25  49.25  6.65926
-6.25  49.75  7.50671
-6.25  50.25  7.52333
-6.25  50.75  7.65823
-6.25  51.25  6.78956
-3.75  37.75  6.11426
-3.75  38.25  6.23288
-3.75  38.75  6.24379
-3.75  39.25  5.60065
-3.75  39.75  5.39734
-3.75  40.25  5.81522
-3.75  40.75  5.37972
-3.75  41.25  5.24613
-3.75  41.75  5.48556
-3.75  42.25  5.54693
-3.75  42.75  5.36006
-3.75  43.25  5.10104
-3.75  43.75  5.28428
-3.75  44.25  5.74671
-3.75  44.75  5.20011
-3.75  45.25  5.02727
-3.75  45.75  5.46455
-3.75  46.25  5.36213
-3.75  46.75  5.25174
-3.75  47.25  5.587
-3.75  47.75  6.03629
-3.75  48.25  6.17162
-3.75  48.75  6.39321
-3.75  49.25  6.71665
-3.75  49.75  7.59192
-3.75  50.25  7.61984
-3.75  50.75  7.70845
-3.75  51.25  6.80559
-1.25  37.75  6.24603
-1.25  38.25  6.19509
-1.25  38.75  6.15828
-1.25  39.25  5.44108
-1.25  39.75  5.389
-1.25  40.25  5.9418
-1.25  40.75  5.51019
-1.25  41.25  5.1593
-1.25  41.75  5.19518
-1.25  42.25  5.19742
-1.25  42.75  5.11712
-1.25  43.25  5.00057
-1.25  43.75  5.15553
-1.25  44.25  5.75746
-1.25  44.75  5.04045
-1.25  45.25  4.59353
-1.25  45.75  4.93318
-1.25  46.25  5.00803
-1.25  46.75  4.8816
-1.25  47.25  5.18612
-1.25  47.75  5.74172
-1.25  48.25  6.01426
-1.25  48.75  6.08142
-1.25  49.25  6.52334
-1.25  49.75  7.48474
-1.25  50.25  7.53068
-1.25  50.75  8.06532
-1.25  51.25  7.63624
1.25  37.75  6.20526
1.25  38.25  6.11536
1.25  38.75  5.94432
1.25  39.25  5.35875
1.25  39.75  5.23283
1.25  40.25  5.83043
1.25  40.75  5.68956
1.25  41.25  5.19632
1.25  41.75  5.1259
1.25  42.25  5.24422
1.25  42.75  5.2194
1.25  43.25  5.0018
1.25  43.75  5.02214
1.25  44.25  5.0176
1.25  44.75  4.60337
1.25  45.25  4.41871
1.25  45.75  4.80189
1.25  46.25  4.71694
1.25  46.75  4.66943
1.25  47.25  4.89849
1.25  47.75  5.5226
1.25  48.25  6.16022
1.25  48.75  6.17645
1.25  49.25  6.51012
1.25  49.75  7.04524
1.25  50.25  7.14978
1.25  50.75  7.79189
1.25  51.25  7.63302
3.75  37.75  6.12247
3.75  38.25  6.18587
3.75  38.75  6.17404
3.75  39.25  5.99167
3.75  39.75  5.69549
3.75  40.25  5.9903
3.75  40.75  6.53219
3.75  41.25  5.70218
3.75  41.75  5.10265
3.75  42.25  5.25933
3.75  42.75  5.1219
3.75  43.25  4.79733
3.75  43.75  4.7425
3.75  44.25  4.42971
3.75  44.75  4.11296
3.75  45.25  4.14434
3.75  45.75  4.63022
3.75  46.25  4.54489
3.75  46.75  4.51917
3.75  47.25  4.55848
3.75  47.75  5.16106
3.75  48.25  5.8932
3.75  48.75  5.98864
3.75  49.25  6.226
3.75  49.75  6.77019
3.75  50.25  6.97486
3.75  50.75  7.56876
3.75  51.25  7.36314
6.25  37.75  6.05243
6.25  38.25  6.12521
6.25  38.75  6.18846
6.25  39.25  6.36438
6.25  39.75  6.19367
6.25  40.25  5.93478
6.25  40.75  6.089
6.25  41.25  5.74212
6.25  41.75  5.20544
6.25  42.25  5.17007
6.25  42.75  5.05233
6.25  43.25  4.88446
6.25  43.75  4.92062
6.25  44.25  4.28043
6.25  44.75  3.97508
6.25  45.25  4.05476
6.25  45.75  4.46399
6.25  46.25  4.45098
6.25  46.75  4.60108
6.25  47.25  4.66702
6.25  47.75  5.07356
6.25  48.25  5.48403
6.25  48.75  5.7388
6.25  49.25  6.10338
6.25  49.75  6.77138
6.25  50.25  7.00118
6.25  50.75  7.59959
6.25  51.25  7.30357
8.75  37.75  6.29093
8.75  38.25  6.39924
8.75  38.75  6.29427
8.75  39.25  6.06601
8.75  39.75  6.07207
8.75  40.25  5.816
8.75  40.75  4.90893
8.75  41.25  4.8028
8.75  41.75  4.72628
8.75  42.25  4.83859
8.75  42.75  4.87925
8.75  43.25  4.77
8.75  43.75  4.85864
8.75  44.25  4.5475
8.75  44.75  4.12258
8.75  45.25  4.23817
8.75  45.75  4.36982
8.75  46.25  4.35979
8.75  46.75  4.37296
8.75  47.25  4.61319
8.75  47.75  4.98135
8.75  48.25  5.13941
8.75  48.75  5.25663
8.75  49.25  5.67019
8.75  49.75  6.67075
8.75  50.25  7.08533
8.75  50.75  7.64474
8.75  51.25  7.20747
11.25  37.75  6.58499
11.25  38.25  6.72804
11.25  38.75  6.52311
11.25  39.25  5.98343
11.25  39.75  5.9226
11.25  40.25  5.82753
11.25  40.75  4.80944
11.25  41.25  4.84583
11.25  41.75  4.66896
11.25  42.25  4.81904
11.25  42.75  4.82279
11.25  43.25  4.75807
11.25  43.75  4.93737
11.25  44.25  5.05439
11.25  44.75  4.28246
11.25  45.25  4.30353
11.25  45.75  4.58012
11.25  46.25  4.2235
11.25  46.75  4.11098
11.25  47.25  4.37313
11.25  47.75  4.79355
11.25  48.25  4.97823
11.25  48.75  5.11297
11.25  49.25  5.46952
11.25  49.75  6.38131
11.25  50.25  6.86947
11.25  50.75  7.45162
11.25  51.25  7.00444
13.75  37.75  7.15407
13.75  38.25  7.1549
13.75  38.75  6.78316
13.75  39.25  6.22732
13.75  39.75  5.99896
13.75  40.25  6.1178
13.75  40.75  5.40125
13.75  41.25  5.29543
13.75  41.75  5.01501
13.75  42.25  4.89173
13.75  42.75  4.68773
13.75  43.25  4.45309
13.75  43.75  4.8432
13.75  44.25  5.13824
13.75  44.75  4.51765
13.75  45.25  4.39698
13.75  45.75  4.71979
13.75  46.25  4.18562
13.75  46.75  4.04586
13.75  47.25  4.28649
13.75  47.75  4.79175
13.75  48.25  4.82938
13.75  48.75  4.90485
13.75  49.25  5.31669
13.75  49.75  6.26948
13.75  50.25  6.61883
13.75  50.75  6.95465
13.75  51.25  6.34764
16.25  37.75  6.58967
16.25  38.25  6.74322
16.25  38.75  6.74125
16.25  39.25  6.20766
16.25  39.75  6.03929
16.25  40.25  6.19502
16.25  40.75  5.61252
16.25  41.25  5.44352
16.25  41.75  5.39228
16.25  42.25  5.08623
16.25  42.75  4.69199
16.25  43.25  4.33243
16.25  43.75  4.66704
16.25  44.25  5.07477
16.25  44.75  4.6676
16.25  45.25  4.65442
16.25  45.75  4.90968
16.25  46.25  4.39573
16.25  46.75  4.2034
16.25  47.25  4.45779
16.25  47.75  4.86098
16.25  48.25  4.78126
16.25  48.75  4.84585
16.25  49.25  5.29747
16.25  49.75  6.29613
16.25  50.25  6.63812
16.25  50.75  6.85747
16.25  51.25  6.24365
18.75  37.25  8.66324
18.75  37.75  6.19005
18.75  38.25  6.66847
18.75  38.75  6.90733
18.75  39.25  6.16592
18.75  39.75  6.22109
18.75  40.25  6.47826
18.75  40.75  6.09001
18.75  41.25  5.62904
18.75  41.75  5.20622
18.75  42.25  4.83132
18.75  42.75  4.55107
18.75  43.25  4.26346
18.75  43.75  4.55006
18.75  44.25  5.06937
18.75  44.75  4.44509
18.75  45.25  4.66842
18.75  45.75  4.73217
18.75  46.25  4.63453
18.75  46.75  4.62253
18.75  47.25  4.64922
18.75  47.75  4.89411
18.75  48.25  4.80725
18.75  48.75  4.92914
18.75  49.25  5.44819
18.75  49.75  6.33434
18.75  50.25  6.55547
18.75  50.75  6.8209
18.75  51.25  6.36966
21.25  37.75  6.36607
21.25  38.25  6.91341
21.25  38.75  7.08183
21.25  39.25  6.21871
21.25  39.75  6.27483
21.25  40.25  6.3475
21.25  40.75  5.63071
21.25  41.25  5.3258
21.25  41.75  5.33866
21.25  42.25  4.62557
21.25  42.75  4.38604
21.25  43.25  4.34355
21.25  43.75  4.68802
21.25  44.25  4.96637
21.25  44.75  4.48469
21.25  45.25  4.61195
21.25  45.75  4.51787
21.25  46.25  4.67552
21.25  46.75  4.73348
21.25  47.25  4.79832
21.25  47.75  5.01954
21.25  48.25  4.99788
21.25  48.75  5.15986
21.25  49.25  5.67072
21.25  49.75  6.3161
21.25  50.25  6.53291
21.25  50.75  6.72617
21.25  51.25  6.2452
23.75  37.75  6.59315
23.75  38.25  6.91338
23.75  38.75  7.65401
23.75  39.25  6.4478
23.75  39.75  6.21794
23.75  40.25  6.22647
23.75  40.75  5.40019
23.75  41.25  5.08399
23.75  41.75  5.09012
23.75  42.25  4.74012
23.75  42.75  4.31403
23.75  43.25  4.37226
23.75  43.75  4.96467
23.75  44.25  5.05652
23.75  44.75  4.89218
23.75  45.25  4.8873
23.75  45.75  5.28344
23.75  46.25  4.94811
23.75  46.75  4.7686
23.75  47.25  5.04315
23.75  47.75  5.33414
23.75  48.25  5.38016
23.75  48.75  5.39399
23.75  49.25  5.75754
23.75  49.75  6.60488
23.75  50.25  6.69097
23.75  50.75  6.70181
23.75  51.25  5.96718
26.25  37.75  6.36465
26.25  38.25  6.56221
26.25  38.75  6.98107
26.25  39.25  6.40323
26.25  39.75  6.2004
26.25  40.25  6.20084
26.25  40.75  5.29147
26.25  41.25  4.98292
26.25  41.75  5.12034
26.25  42.25  5.22045
26.25  42.75  4.47796
26.25  43.25  4.22561
26.25  43.75  4.68005
26.25  44.25  5.03617
26.25  44.75  5.01718
26.25  45.25  5.10481
26.25  45.75  6.05173
26.25  46.25  5.15185
26.25  46.75  4.92361
26.25  47.25  5.21979
26.25  47.75  5.41459
26.25  48.25  5.53027
26.25  48.75  5.55816
26.25  49.25  5.84868
26.25  49.75  6.99041
26.25  50.25  6.693
26.25  50.75  6.67056
26.25  51.25  5.93671
28.75  37.75  6.12774
28.75  38.25  6.32709
28.75  38.75  6.26851
28.75  39.25  5.98911
28.75  39.75  5.84572
28.75  40.25  6.45086
28.75  40.75  5.34661
28.75  41.25  4.58207
28.75  41.75  4.90276
28.75  42.25  4.95132
28.75  42.75  4.46626
28.75  43.25  4.20826
28.75  43.75  4.4782
28.75  44.25  4.95536
28.75  44.75  4.82273
28.75  45.25  5.13204
28.75  45.75  5.77704
28.75  46.25  5.32187
28.75  46.75  5.15205
28.75  47.25  5.29182
28.75  47.75  5.58368
28.75  48.25  5.70676
28.75  48.75  5.70157
28.75  49.25  5.93791
28.75  49.75  6.92031
28.75  50.25  6.82349
28.75  50.75  6.82493
28.75  51.25  6.16324
31.25  37.75  6.06397
31.25  38.25  6.20071
31.25  38.75  5.80827
31.25  39.25  5.8674
31.25  39.75  5.90403
31.25  40.25  5.96884
31.25  40.75  5.27353
31.25  41.25  4.4
31.25  41.75  4.61509
31.25  42.25  4.93612
31.25  42.75  4.51811
31.25  43.25  4.24245
31.25  43.75  4.55824
31.25  44.25  4.97913
31.25  44.75  4.81736
31.25  45.25  5.00262
31.25  45.75  5.52668
31.25  46.25  5.30013
31.25  46.75  5.2586
31.25  47.25  5.34919
31.25  47.75  5.56315
31.25  48.25  5.68441
31.25  48.75  5.69498
31.25  49.25  5.91369
31.25  49.75  6.79846
31.25  50.25  7.02683
31.25  50.75  7.10847
31.25  51.25  6.28899
33.75  37.75  6.26073
33.75  38.25  6.1862
33.75  38.75  4.84733
33.75  39.25  5.36612
33.75  39.75  5.33247
33.75  40.25  4.87798
33.75  40.75  4.5391
33.75  41.25  4.24099
33.75  41.75  4.35648
33.75  42.25  4.42295
33.75  42.75  4.36858
33.75  43.25  4.10331
33.75  43.75  4.66191
33.75  44.25  5.05948
33.75  44.75  4.90448
33.75  45.25  4.89035
33.75  45.75  5.33198
33.75  46.25  5.44371
33.75  46.75  5.17379
33.75  47.25  5.16945
33.75  47.75  5.42377
33.75  48.25  5.62284
33.75  48.75  5.7054
33.75  49.25  5.9534
33.75  49.75  6.73409
33.75  50.25  6.84146
33.75  50.75  7.17176
33.75  51.25  6.6057
36.25  37.75  5.73897
36.25  38.25  5.38969
36.25  38.75  4.57332
36.25  39.25  4.79616
36.25  39.75  4.62988
36.25  40.25  4.68564
36.25  40.75  4.23416
36.25  41.25  4.09668
36.25  41.75  4.34431
36.25  42.25  4.10424
36.25  42.75  4.25813
36.25  43.25  4.19952
36.25  43.75  4.72688
36.25  44.25  5.31239
36.25  44.75  4.85802
36.25  45.25  4.75239
36.25  45.75  5.25017
36.25  46.25  5.08612
36.25  46.75  4.90862
36.25  47.25  5.12322
36.25  47.75  5.42638
36.25  48.25  5.64923
36.25  48.75  5.61798
36.25  49.25  5.94126
36.25  49.75  6.73314
36.25  50.25  6.81632
36.25  50.75  7.17739
36.25  51.25  6.68767
38.75  37.75  4.41723
38.75  38.25  4.37307
38.75  38.75  4.62201
38.75  39.25  4.25979
38.75  39.75  4.21102
38.75  40.25  4.64187
38.75  40.75  4.03391
38.75  41.25  3.75727
38.75  41.75  4.23532
38.75  42.25  4.28613
38.75  42.75  4.2725
38.75  43.25  4.2863
38.75  43.75  4.33575
38.75  44.25  5.23553
38.75  44.75  4.85366
38.75  45.25  4.69186
38.75  45.75  5.00039
38.75  46.25  4.77691
38.75  46.75  4.7808
38.75  47.25  5.01396
38.75  47.75  5.43482
38.75  48.25  5.66358
38.75  48.75  5.57603
38.75  49.25  5.96389
38.75  49.75  6.76284
38.75  50.25  6.75556
38.75  50.75  6.97206
38.75  51.25  6.16523
41.25  37.75  4.16865
41.25  38.25  4.38086
41.25  38.75  4.7554
41.25  39.25  4.18335
41.25  39.75  4.04088
41.25  40.25  4.128
41.25  40.75  4.05073
41.25  41.25  3.59009
41.25  41.75  4.08453
41.25  42.25  4.84878
41.25  42.75  4.305
41.25  43.25  4.29417
41.25  43.75  4.2336
41.25  44.25  4.88414
41.25  44.75  4.81611
41.25  45.25  4.70356
41.25  45.75  4.96761
41.25  46.25  4.80733
41.25  46.75  4.76621
41.25  47.25  4.97818
41.25  47.75  5.46392
41.25  48.25  5.66265
41.25  48.75  5.63466
41.25  49.25  6.04962
41.25  49.75  6.72725
41.25  50.25  6.68232
41.25  50.75  6.81883
41.25  51.25  5.97434
43.75  37.75  4.4663
43.75  38.25  4.64431
43.75  38.75  5.03035
43.75  39.25  4.30638
43.75  39.75  3.91191
43.75  40.25  3.80513
43.75  40.75  4.06582
43.75  41.25  3.28805
43.75  41.75  3.87166
43.75  42.25  4.37335
43.75  42.75  3.88739
43.75  43.25  4.00657
43.75  43.75  4.05798
43.75  44.25  4.46954
43.75  44.75  4.48626
43.75  45.25  4.5932
43.75  45.75  4.84489
43.75  46.25  4.66097
43.75  46.75  4.58091
43.75  47.25  4.90658
43.75  47.75  5.37466
43.75  48.25  5.53927
43.75  48.75  5.54915
43.75  49.25  5.97757
43.75  49.75  6.68243
43.75  50.25  6.53781
43.75  50.75  6.58579
43.75  51.25  5.73451
46.25  37.75  4.6051
46.25  38.25  4.69259
46.25  38.75  4.40756
46.25  39.25  3.95858
46.25  39.75  3.8378
46.25  40.25  3.85899
46.25  40.75  4.07605
46.25  41.25  3.21246
46.25  41.75  3.18588
46.25  42.25  3.79863
46.25  42.75  3.76409
46.25  43.25  3.84288
46.25  43.75  3.82302
46.25  44.25  4.27285
46.25  44.75  4.27745
46.25  45.25  4.61928
46.25  45.75  5.05454
46.25  46.25  4.75588
46.25  46.75  4.59446
46.25  47.25  4.85379
46.25  47.75  5.36597
46.25  48.25  5.55267
46.25  48.75  5.50776
46.25  49.25  5.86585
46.25  49.75  6.51535
46.25  50.25  6.46267
46.25  50.75  6.50753
46.25  51.25  5.68721
48.75  37.75  5.20627
48.75  38.25  4.8679
48.75  38.75  3.91029
48.75  39.25  3.65829
48.75  39.75  3.60101
48.75  40.25  3.61915
48.75  40.75  3.39855
48.75  41.25  3.11789
48.75  41.75  2.74087
48.75  42.25  3.40979
48.75  42.75  3.3462
48.75  43.25  3.18718
48.75  43.75  3.35559
48.75  44.25  4.06321
48.75  44.75  4.23953
48.75  45.25  4.42063
48.75  45.75  4.71691
48.75  46.25  4.61575
48.75  46.75  4.59634
48.75  47.25  4.72985
48.75  47.75  5.33846
48.75  48.25  5.68538
48.75  48.75  5.41157
48.75  49.25  5.56187
48.75  49.75  6.34818
48.75  50.25  6.38362
48.75  50.75  6.48653
48.75  51.25  5.73395
51.25  37.75  4.81175
51.25  38.25  4.32323
51.25  38.75  3.67947
51.25  39.25  3.37127
51.25  39.75  3.29548
51.25  40.25  3.78084
51.25  40.75  3.22282
51.25  41.25  3.0922
51.25  41.75  2.87382
51.25  42.25  3.43092
51.25  42.75  3.14785
51.25  43.25  2.7627
51.25  43.75  3.03335
51.25  44.25  4.00274
51.25  44.75  4.10229
51.25  45.25  4.1364
51.25  45.75  4.36708
51.25  46.25  4.34902
51.25  46.75  4.60363
51.25  47.25  4.75649
51.25  47.75  5.25279
51.25  48.25  5.37535
51.25  48.75  5.19451
51.25  49.25  5.52115
51.25  49.75  6.28261
51.25  50.25  6.42182
51.25  50.75  6.55553
51.25  51.25  5.82952
53.75  37.75  4.11691
53.75  38.25  3.56096
53.75  38.75  3.41716
53.75  39.25  3.14456
53.75  39.75  2.97229
53.75  40.25  3.50499
53.75  40.75  3.23197
53.75  41.25  2.69667
53.75  41.75  2.84508
53.75  42.25  3.67385
53.75  42.75  2.88761
53.75  43.25  2.3204
53.75  43.75  2.74229
53.75  44.25  3.73262
53.75  44.75  3.85357
53.75  45.25  3.68778
53.75  45.75  4.08413
53.75  46.25  4.12659
53.75  46.75  4.30207
53.75  47.25  4.71229
53.75  47.75  5.0753
53.75  48.25  5.11827
53.75  48.75  5.07343
53.75  49.25  5.5383
53.75  49.75  6.28912
53.75  50.25  6.30343
53.75  50.75  6.38972
53.75  51.25  5.7464
56.25  37.75  3.46513
56.25  38.25  3.09723
56.25  38.75  3.08597
56.25  39.25  3.15967
56.25  39.75  3.06078
56.25  40.25  3.55396
56.25  40.75  2.88526
56.25  41.25  2.2367
56.25  41.75  2.35316
56.25  42.25  2.99741
56.25  42.75  2.66712
56.25  43.25  2.29081
56.25  43.75  2.70287
56.25  44.25  3.42447
56.25  44.75  3.55111
56.25  45.25  3.43361
56.25  45.75  3.86515
56.25  46.25  3.98432
56.25  46.75  4.00001
56.25  47.25  4.4837
56.25  47.75  5.05003
56.25  48.25  5.1344
56.25  48.75  5.20155
56.25  49.25  5.65205
56.25  49.75  6.25552
56.25  50.25  6.24207
56.25  50.75  6.35964
56.25  51.25  5.67528
58.75  37.75  3.33996
58.75  38.25  3.07808
58.75  38.75  2.8394
58.75  39.25  3.06403
58.75  39.75  3.07056
58.75  40.25  3.34106
58.75  40.75  2.38946
58.75  41.25  1.93571
58.75  41.75  2.01955
58.75  42.25  2.1401
58.75  42.75  2.22007
58.75  43.25  2.09258
58.75  43.75  2.38104
58.75  44.25  3.03557
58.75  44.75  2.9632
58.75  45.25  3.29769
58.75  45.75  3.74489
58.75  46.25  3.8637
58.75  46.75  3.84943
58.75  47.25  4.3463
58.75  47.75  4.98067
58.75  48.25  5.17619
58.75  48.75  5.05486
58.75  49.25  5.47838
58.75  49.75  6.16616
58.75  50.25  6.08345
58.75  50.75  6.28663
58.75  51.25  5.65364
61.25  37.75  2.60151
61.25  38.25  2.58926
61.25  38.75  2.7009
61.25  39.25  2.80351
61.25  39.75  2.87329
61.25  40.25  3.19438
61.25  40.75  2.35343
61.25  41.25  1.99054
61.25  41.75  1.98374
61.25  42.25  2.0026
61.25  42.75  2.11272
61.25  43.25  2.16209
61.25  43.75  2.53046
61.25  44.25  3.05941
61.25  44.75  3.05622
61.25  45.25  3.48792
61.25  45.75  3.83911
61.25  46.25  3.83159
61.25  46.75  3.89132
61.25  47.25  4.3885
61.25  47.75  4.98859
61.25  48.25  5.19084
61.25  48.75  5.02276
61.25  49.25  5.43467
61.25  49.75  6.15417
61.25  50.25  6.02902
61.25  50.75  6.21915
61.25  51.25  5.65586
63.75  37.75  2.0029
63.75  38.25  2.11947
63.75  38.75  2.69414
63.75  39.25  2.55025
63.75  39.75  2.81168
63.75  40.25  2.95946
63.75  40.75  2.1956
63.75  41.25  1.92664
63.75  41.75  2.07958
63.75  42.25  2.16549
63.75  42.75  1.93675
63.75  43.25  1.98683
63.75  43.75  2.2016
63.75  44.25  2.89758
63.75  44.75  3.12479
63.75  45.25  3.29522
63.75  45.75  3.53928
63.75  46.25  3.80541
63.75  46.75  4.01412
63.75  47.25  4.458
63.75  47.75  4.96339
63.75  48.25  5.13856
63.75  48.75  4.97559
63.75  49.25  5.45008
63.75  49.75  6.13322
63.75  50.25  5.98484
63.75  50.75  6.06516
63.75  51.25  5.34242
66.25  37.75  1.84962
66.25  38.25  2.0368
66.25  38.75  2.58625
66.25  39.25  2.11826
66.25  39.75  2.42506
66.25  40.25  2.66385
66.25  40.75  2.07249
66.25  41.25  1.75974
66.25  41.75  1.92602
66.25  42.25  2.19614
66.25  42.75  1.82906
66.25  43.25  1.86164
66.25  43.75  2.11055
66.25  44.25  2.52904
66.25  44.75  2.51601
66.25  45.25  2.8157
66.25  45.75  3.40528
66.25  46.25  3.78782
66.25  46.75  4.09967
66.25  47.25  4.53715
66.25  47.75  4.92605
66.25  48.25  5.14253
66.25  48.75  4.98556
66.25  49.25  5.45423
66.25  49.75  6.14038
66.25  50.25  6.02759
66.25  50.75  6.09074
66.25  51.25  5.31971
68.75  37.75  1.89176
68.75  38.25  2.03346
68.75  38.75  2.42254
68.75  39.25  1.93941
68.75  39.75  1.97569
68.75  40.25  2.24042
68.75  40.75  1.78566
68.75  41.25  1.55929
68.75  41.75  1.68783
68.75  42.25  2.10855
68.75  42.75  1.71887
68.75  43.25  1.62386
68.75  43.75  2.04999
68.75  44.25  2.54771
68.75  44.75  2.33232
68.75  45.25  2.58528
68.75  45.75  3.33831
68.75  46.25  3.84937
68.75  46.75  4.09521
68.75  47.25  4.43354
68.75  47.75  4.82576
68.75  48.25  5.07141
68.75  48.75  4.96084
68.75  49.25  5.35214
68.75  49.75  6.116
68.75  50.25  6.07588
68.75  50.75  6.26826
68.75  51.25  5.63425
71.25  37.75  1.84236
71.25  38.25  1.95158
71.25  38.75  2.11825
71.25  39.25  1.6408
71.25  39.75  1.55843
71.25  40.25  1.93582
71.25  40.75  1.8098
71.25  41.25  1.69098
71.25  41.75  1.78041
71.25  42.25  1.90465
71.25  42.75  1.71458
71.25  43.25  1.58393
71.25  43.75  2.10883
71.25  44.25  2.84104
71.25  44.75  2.43319
71.25  45.25  2.60863
71.25  45.75  3.41378
71.25  46.25  3.94482
71.25  46.75  4.02415
71.25  47.25  4.32417
71.25  47.75  4.75418
71.25  48.25  5.05131
71.25  48.75  4.95637
71.25  49.25  5.31496
71.25  49.75  6.08927
71.25  50.25  6.0761
71.25  50.75  6.31351
71.25  51.25  5.67344
73.75  37.75  1.98052
73.75  38.25  1.84027
73.75  38.75  1.76673
73.75  39.25  1.30829
73.75  39.75  1.25701
73.75  40.25  1.65782
73.75  40.75  1.57952
73.75  41.25  1.31838
73.75  41.75  1.25315
73.75  42.25  1.59502
73.75  42.75  1.74762
73.75  43.25  1.62471
73.75  43.75  2.20444
73.75  44.25  3.00302
73.75  44.75  2.69829
73.75  45.25  2.75713
73.75  45.75  3.47705
73.75  46.25  3.85884
73.75  46.75  3.80146
73.75  47.25  4.26314
73.75  47.75  4.65936
73.75  48.25  4.97657
73.75  48.75  5.0801
73.75  49.25  5.41436
73.75  49.75  6.06957
73.75  50.25  6.02392
73.75  50.75  6.40518
73.75  51.25  5.90105
76.25  37.75  1.32557
76.25  38.25  1.32865
76.25  38.75  1.72104
76.25  39.25  1.44509
76.25  39.75  1.39602
76.25  40.25  1.43832
76.25  40.75  1.24272
76.25  41.25  0.981367
76.25  41.75  1.00757
76.25  42.25  1.38634
76.25  42.75  1.68809
76.25  43.25  1.74923
76.25  43.75  2.35965
76.25  44.25  3.01849
76.25  44.75  3.08337
76.25  45.25  3.10585
76.25  45.75  3.54933
76.25  46.25  3.86359
76.25  46.75  3.70604
76.25  47.25  4.21843
76.25  47.75  4.77813
76.25  48.25  4.92414
76.25  48.75  5.09033
76.25  49.25  5.45889
76.25  49.75  6.11253
76.25  50.25  6.10183
76.25  50.75  6.54167
76.25  51.25  5.9813
78.75  37.75  0.651958
78.75  38.25  0.770161
78.75  38.75  1.47848
78.75  39.25  1.33914
78.75  39.75  1.31507
78.75  40.25  1.17349
78.75  40.75  0.99581
78.75  41.25  0.584603
78.75  41.75  0.597074
78.75  42.25  1.01663
78.75  42.75  1.53765
78.75  43.25  1.76828
78.75  43.75  2.06772
78.75  44.25  2.98985
78.75  44.75  3.22021
78.75  45.25  3.41596
78.75  45.75  3.69582
78.75  46.25  3.67727
78.75  46.75  3.59422
78.75  47.25  4.20487
78.75  47.75  4.82191
78.75  48.25  5.08241
78.75  48.75  4.99708
78.75  49.25  5.41276
78.75  49.75  6.15194
78.75  50.25  6.13033
78.75  50.75  6.36436
78.75  51.25  5.71444
81.25  37.75  0.494452
81.25  38.25  0.669603
81.25  38.75  1.18828
81.25  39.25  0.989983
81.25  39.75  0.854887
81.25  40.25  0.923746
81.25  40.75  0.814479
81.25  41.25  0.522596
81.25  41.75  0.726505
81.25  42.25  1.10405
81.25  42.75  1.39626
81.25  43.25  1.6008
81.25  43.75  1.84266
81.25  44.25  2.92007
81.25  44.75  2.98427
81.25  45.25  3.25759
81.25  45.75  3.69726
81.25  46.25  3.65408
81.25  46.75  3.66559
81.25  47.25  4.23835
81.25  47.75  4.80814
81.25  48.25  5.08249
81.25  48.75  5.00094
81.25  49.25  5.44788
81.25  49.75  6.1861
81.25  50.25  6.09575
81.25  50.75  6.35175
81.25  51.25  5.70288
83.75  37.75  0.402243
83.75  38.25  0.601211
83.75  38.75  1.03769
83.75  39.25  0.680909
83.75  39.75  0.415824
83.75  40.25  0.691516
83.75  40.75  0.683368
83.75  41.25  0.653459
83.75  41.75  0.992142
83.75  42.25  1.51079
83.75  42.75  1.51336
83.75  43.25  1.58259
83.75  43.75  1.95381
83.75  44.25  2.86935
83.75  44.75  2.89071
83.75  45.25  3.12681
83.75  45.75  3.72201
83.75  46.25  3.80044
83.75  46.75  3.7218
83.75  47.25  4.16007
83.75  47.75  4.76546
83.75  48.25  5.1386
83.75  48.75  5.11513
83.75  49.25  5.37142
83.75  49.75  6.15082
83.75  50.25  6.22968
83.75  50.75  6.56722
83.75  51.25  6.09732
86.25  37.75  0.249468
86.25  38.25  0.492433
86.25  38.75  0.789326
86.25  39.25  0.407065
86.25  39.75  0.208607
86.25  40.25  0.641965
86.25  40.75  0.74249
86.25  41.25  0.622886
86.25  41.75  0.944912
86.25  42.25  2.103
86.25  42.75  1.56415
86.25  43.25  1.61891
86.25  43.75  2.08642
86.25  44.25  2.8246
86.25  44.75  3.02328
86.25  45.25  3.21866
86.25  45.75  3.78723
86.25  46.25  3.84353
86.25  46.75  3.8003
86.25  47.25  4.19175
86.25  47.75  4.63267
86.25  48.25  5.09413
86.25  48.75  5.14294
86.25  49.25  5.3945
86.25  49.75  6.20592
86.25  50.25  6.26187
86.25  50.75  6.56742
86.25  51.25  5.9815
88.75  37.75  -0
88.75  38.25  0.369715
88.75  38.75  0.583345
88.75  39.25  0.212833
88.75  39.75  0.251422
88.75  40.25  0.687902
88.75  40.75  0.847886
88.75  41.25  0.763709
88.75  41.75  1.13186
88.75  42.25  2.01338
88.75  42.75  1.78685
88.75  43.25  1.82312
88.75  43.75  2.16077
88.75  44.25  2.97327
88.75  44.75  3.12891
88.75  45.25  3.28739
88.75  45.75  3.7315
88.75  46.25  3.72468
88.75  46.75  3.87056
88.75  47.25  4.08687
88.75  47.75  4.47905
88.75  48.25  5.00763
88.75  48.75  5.24917
88.75  49.25  5.45316
88.75  49.75  6.23525
88.75  50.25  6.29453
88.75  50.75  6.47181
88.75  51.25  5.89125
91.25  37.75  0.0505698
91.25  38.25  0.421178
91.25  38.75  0.701318
91.25  39.25  0.360119
91.25  39.75  0.360718
91.25  40.25  0.739861
91.25  40.75  0.774943
91.25  41.25  0.94042
91.25  41.75  1.38827
91.25  42.25  1.86932
91.25  42.75  1.96883
91.25  43.25  2.04561
91.25  43.75  2.42115
91.25  44.25  3.04957
91.25  44.75  3.19833
91.25  45.25  3.35552
91.25  45.75  3.65982
91.25  46.25  3.7449
91.25  46.75  3.84589
91.25  47.25  4.05688
91.25  47.75  4.49219
91.25  48.25  4.86796
91.25  48.75  5.20366
91.25  49.25  5.47211
91.25  49.75  6.24843
91.25  50.25  6.33198
91.25  50.75  6.49084
91.25  51.25  5.80456
93.75  37.75  0.426914
93.75  38.25  0.577713
93.75  38.75  0.823868
93.75  39.25  0.863785
93.75  39.75  0.734518
93.75  40.25  1.08187
93.75  40.75  0.995082
93.75  41.25  1.07617
93.75  41.75  1.6263
93.75  42.25  1.85764
93.75  42.75  1.70754
93.75  43.25  1.84058
93.75  43.75  2.51443
93.75  44.25  3.20681
93.75  44.75  3.26164
93.75  45.25  3.26819
93.75  45.75  3.65325
93.75  46.25  3.7487
93.75  46.75  3.8729
93.75  47.25  4.09307
93.75  47.75  4.57882
93.75  48.25  4.91409
93.75  48.75  5.02301
93.75  49.25  5.55176
93.75  49.75  6.23971
93.75  50.25  6.13811
93.75  50.75  6.21405
93.75  51.25  5.39234
96.25  37.75  0.61186
96.25  38.25  0.817459
96.25  38.75  1.06938
96.25  39.25  0.647639
96.25  39.75  0.652117
96.25  40.25  1.41227
96.25  40.75  0.68666
96.25  41.25  0.789472
96.25  41.75  1.38604
96.25  42.25  1.82627
96.25  42.75  1.67788
96.25  43.25  1.7385
96.25  43.75  2.46768
96.25  44.25  3.21261
96.25  44.75  3.2534
96.25  45.25  3.20762
96.25  45.75  3.60925
96.25  46.25  3.80679
96.25  46.75  3.97888
96.25  47.25  4.1837
96.25  47.75  4.64007
96.25  48.25  4.95226
96.25  48.75  4.96564
96.25  49.25  5.58568
96.25  49.75  6.27027
96.25  50.25  6.0398
96.25  50.75  6.04278
96.25  51.25  5.28528
98.75  37.75  1.25769
98.75  38.25  1.50663
98.75  38.75  1.50572
98.75  39.25  0.872888
98.75  39.75  0.882196
98.75  40.25  1.38404
98.75  40.75  0.719516
98.75  41.25  0.772271
98.75  41.75  1.29974
98.75  42.25  1.93153
98.75  42.75  1.94964
98.75  43.25  2.03037
98.75  43.75  2.39771
98.75  44.25  3.25796
98.75  44.75  3.32333
98.75  45.25  3.19531
98.75  45.75  3.55055
98.75  46.25  3.94927
98.75  46.75  3.8462
98.75  47.25  4.04181
98.75  47.75  4.71391
98.75  48.25  5.05761
98.75  48.75  4.98316
98.75  49.25  5.68192
98.75  49.75  6.33097
98.75  50.25  6.04236
98.75  50.75  6.0899
98.75  51.25  5.31126
101.25  37.75  1.98966
101.25  38.25  2.20853
101.25  38.75  2.0905
101.25  39.25  1.28023
101.25  39.75  1.13235
101.25  40.25  1.31146
101.25  40.75  1.0565
101.25  41.25  0.866034
101.25  41.75  1.28738
101.25  42.25  2.15914
101.25  42.75  2.2375
101.25  43.25  2.30969
101.25  43.75  2.56701
101.25  44.25  3.37116
101.25  44.75  3.15801
101.25  45.25  3.00865
101.25  45.75  3.46251
101.25  46.25  3.96948
101.25  46.75  3.79739
101.25  47.25  4.0015
101.25  47.75  4.7366
101.25  48.25  5.05991
101.25  48.75  5.00386
101.25  49.25  5.67399
101.25  49.75  6.33414
101.25  50.25  6.07117
101.25  50.75  6.08999
101.25  51.25  5.26731
103.75  37.75  2.31529
103.75  38.25  2.52801
103.75  38.75  2.27894
103.75  39.25  1.46318
103.75  39.75  1.27187
103.75  40.25  1.4564
103.75  40.75  1.06416
103.75  41.25  0.90679
103.75  41.75  1.40725
103.75  42.25  2.38253
103.75  42.75  2.59011
103.75  43.25  2.60107
103.75  43.75  3.13172
103.75  44.25  3.58207
103.75  44.75  3.26838
103.75  45.25  3.29184
103.75  45.75  3.86448
103.75  46.25  4.09547
103.75  46.75  3.93754
103.75  47.25  4.14906
103.75  47.75  4.70083
103.75  48.25  5.13928
103.75  48.75  5.23635
103.75  49.25  5.69385
103.75  49.75  6.37856
103.75  50.25  6.08272
103.75  50.75  6.07295
103.75  51.25  5.21048
106.25  37.75  2.60436
106.25  38.25  2.64418
106.25  38.75  1.91716
106.25  39.25  1.48266
106.25  39.75  1.36869
106.25  40.25  1.32802
106.25  40.75  1.09774
106.25  41.25  1.10433
106.25  41.75  1.66034
106.25  42.25  2.61413
106.25  42.75  2.8734
106.25  43.25  2.72542
106.25  43.75  3.19628
106.25  44.25  3.62277
106.25  44.75  3.37688
106.25  45.25  3.57456
106.25  45.75  4.43908
106.25  46.25  4.19156
106.25  46.75  4.00819
106.25  47.25  4.20001
106.25  47.75  4.80676
106.25  48.25  5.29359
106.25  48.75  5.35149
106.25  49.25  5.78196
106.25  49.75  6.44907
106.25  50.25  6.14663
106.25  50.75  6.15971
106.25  51.25  5.32104
108.75  37.75  3.21204
108.75  38.25  2.94444
108.75  38.75  2.08474
108.75  39.25  1.54959
108.75  39.75  1.51598
108.75  40.25  1.69167
108.75  40.75  1.4989
108.75  41.25  1.60346
108.75  41.75  2.10133
108.75  42.25  2.8742
108.75  42.75  3.11631
108.75  43.25  3.01924
108.75  43.75  3.26461
108.75  44.25  3.77837
108.75  44.75  3.65259
108.75  45.25  3.74864
108.75  45.75  4.38068
108.75  46.25  4.22752
108.75  46.75  4.13744
108.75  47.25  4.42388
108.75  47.75  5.10513
108.75  48.25  5.39805
108.75  48.75  5.29794
108.75  49.25  5.91375
108.75  49.75  6.53941
108.75  50.25  6.27643
108.75  50.75  6.33937
108.75  51.25  5.5258
111.25  37.75  3.56401
111.25  38.25  3.24445
111.25  38.75  2.37168
111.25  39.25  1.75382
111.25  39.75  1.71953
111.25  40.25  2.12109
111.25  40.75  1.98867
111.25  41.25  1.90369
111.25  41.75  2.38325
111.25  42.25  3.20828
111.25  42.75  3.15085
111.25  43.25  3.10563
111.25  43.75  3.30112
111.25  44.25  3.88385
111.25  44.75  3.85705
111.25  45.25  3.91182
111.25  45.75  4.34849
111.25  46.25  4.29694
111.25  46.75  4.28663
111.25  47.25  4.6197
111.25  47.75  5.20078
111.25  48.25  5.35514
111.25  48.75  5.27876
111.25  49.25  5.899
111.25  49.75  6.56512
111.25  50.25  6.31514
111.25  50.75  6.46545
111.25  51.25  5.66611
113.75  37.75  4.09108
113.75  38.25  3.58397
113.75  38.75  2.67455
113.75  39.25  2.40813
113.75  39.75  2.10702
113.75  40.25  2.40547
113.75  40.75  2.532
113.75  41.25  2.642
113.75  41.75  3.07278
113.75  42.25  3.57183
113.75  42.75  3.36783
113.75  43.25  3.26668
113.75  43.75  3.34353
113.75  44.25  3.99974
113.75  44.75  4.01044
113.75  45.25  3.99893
113.75  45.75  4.31134
113.75  46.25  4.27043
113.75  46.75  4.42347
113.75  47.25  4.90281
113.75  47.75  5.32132
113.75  48.25  5.47329
113.75  48.75  5.3489
113.75  49.25  5.80824
113.75  49.75  6.51551
113.75  50.25  6.41195
113.75  50.75  6.8691
113.75  51.25  6.5428
116.25  37.75  4.36783
116.25  38.25  3.91441
116.25  38.75  2.79734
116.25  39.25  2.58239
116.25  39.75  2.38345
116.25  40.25  2.65288
116.25  40.75  2.9861
116.25  41.25  3.33862
116.25  41.75  3.75335
116.25  42.25  3.80138
116.25  42.75  3.52965
116.25  43.25  3.28842
116.25  43.75  3.34665
116.25  44.25  4.00016
116.25  44.75  4.12776
116.25  45.25  4.08317
116.25  45.75  4.32659
116.25  46.25  4.2856
116.25  46.75  4.28534
116.25  47.25  4.8331
116.25  47.75  5.42849
116.25  48.25  5.51128
116.25  48.75  5.50934
116.25  49.25  5.94727
116.25  49.75  6.53025
116.25  50.25  6.44733
116.25  50.75  6.96597
116.25  51.25  6.70736
118.75  37.75  4.6008
118.75  38.25  4.10355
118.75  38.75  2.78004
118.75  39.25  2.63295
118.75  39.75  2.67254
118.75  40.25  2.92369
118.75  40.75  3.26127
118.75  41.25  3.69938
118.75  41.75  4.06326
118.75  42.25  3.67653
118.75  42.75  3.30935
118.75  43.25  3.03168
118.75  43.75  3.10667
118.75  44.25  3.81298
118.75  44.75  3.99489
118.75  45.25  3.96695
118.75  45.75  4.12312
118.75  46.25  4.15303
118.75  46.75  3.98641
118.75  47.25  4.55365
118.75  47.75  5.35186
118.75  48.25  5.29371
118.75  48.75  5.3969
118.75  49.25  5.89302
118.75  49.75  6.29651
118.75  50.25  6.2521
118.75  50.75  6.72227
118.75  51.25  6.49818
121.25  37.75  4.90519
121.25  38.25  3.82049
121.25  38.75  2.78715
121.25  39.25  2.62039
121.25  39.75  3.11389
121.25  40.25  3.22789
121.25  40.75  3.36645
121.25  41.25  3.76057
121.25  41.75  4.59771
121.25  42.25  3.42218
121.25  42.75  2.72552
121.25  43.25  2.43892
121.25  43.75  2.63453
121.25  44.25  3.47904
121.25  44.75  3.56719
121.25  45.25  3.7188
121.25  45.75  3.675
121.25  46.25  3.80147
121.25  46.75  3.57253
121.25  47.25  4.06629
121.25  47.75  5.11652
121.25  48.25  4.83566
121.25  48.75  5.12637
121.25  49.25  5.59222
121.25  49.75  5.87634
121.25  50.25  6.04319
121.25  50.75  6.35731
123.75  42.25  2.33824
123.75  42.75  2.13792
123.75  43.25  1.80081
123.75  45.75  2.37026
123.75  50.25  5.11975
131.25  51.25  inf
141.25  50.75  inf
