-42.45  43.55  2.46858e-07
-42.45  48.05  1.4864e-07
-39.95  38.05  7.53961e-11
-39.95  38.55  1.6588e-10
-39.95  39.55  1.05674e-09
-39.95  40.05  5.37153e-09
-39.95  40.55  3.67254e-09
-39.95  41.05  2.75807e-09
-39.95  41.55  4.45846e-09
-39.95  42.05  3.59226e-08
-39.95  42.55  6.4254e-08
-39.95  43.05  3.88782e-08
-39.95  43.55  5.27455e-09
-39.95  44.05  1.37466e-08
-39.95  44.55  2.50355e-08
-39.95  45.05  8.97025e-09
-39.95  45.55  2.71051e-08
-39.95  46.05  1.57716e-07
-39.95  46.55  3.64716e-08
-39.95  47.05  1.44592e-08
-39.95  47.55  4.9641e-09
-39.95  48.05  6.35192e-09
-39.95  48.55  3.65243e-10
-39.95  49.05  3.43396e-10
-39.95  49.55  2.33063e-10
-39.95  50.05  4.5989e-10
-39.95  50.55  2.68546e-10
-39.95  51.05  1.47142e-10
-39.95  51.55  5.96049e-11
-37.45  37.55  1.805e-09
-37.45  38.05  1.72666e-09
-37.45  38.55  2.40357e-09
-37.45  39.05  2.92749e-09
-37.45  39.55  6.46107e-09
-37.45  40.05  1.83566e-08
-37.45  40.55  3.15778e-08
-37.45  41.05  2.58096e-08
-37.45  41.55  3.35262e-08
-37.45  42.05  7.4092e-08
-37.45  42.55  1.05645e-07
-37.45  43.05  8.9035e-08
-37.45  43.55  2.6191e-08
-37.45  44.05  6.27598e-08
-37.45  44.55  6.49509e-08
-37.45  45.05  4.20448e-08
-37.45  45.55  1.05049e-07
-37.45  46.05  1.63693e-07
-37.45  46.55  1.17738e-07
-37.45  47.05  6.27284e-08
-37.45  47.55  2.14889e-08
-37.45  48.05  1.74149e-08
-37.45  48.55  6.59534e-09
-37.45  49.05  2.56726e-09
-37.45  49.55  2.14512e-09
-37.45  50.05  2.23994e-09
-37.45  50.55  9.10632e-10
-37.45  51.05  3.98995e-10
-37.45  51.55  3.6488e-10
-34.95  37.55  3.67702e-08
-34.95  38.05  3.20548e-08
-34.95  38.55  7.2593e-08
-34.95  39.05  6.85581e-08
-34.95  39.55  8.56994e-08
-34.95  40.05  2.59762e-07
-34.95  40.55  3.65358e-07
-34.95  41.05  3.19802e-07
-34.95  41.55  5.53043e-07
-34.95  42.05  1.13388e-06
-34.95  42.55  1.59424e-06
-34.95  43.05  1.40101e-06
-34.95  43.55  6.03564e-07
-34.95  44.05  1.01059e-06
-34.95  44.55  8.64358e-07
-34.95  45.05  6.83899e-07
-34.95  45.55  1.36164e-06
-34.95  46.05  2.26873e-06
-34.95  46.55  1.75222e-06
-34.95  47.05  4.66268e-07
-34.95  47.55  3.32363e-07
-34.95  48.05  2.94155e-07
-34.95  48.55  1.47711e-07
-34.95  49.05  3.94418e-08
-34.95  49.55  5.08214e-08
-34.95  50.05  4.05401e-08
-34.95  50.55  1.58734e-08
-34.95  51.05  9.37599e-09
-34.95  51.55  8.96246e-09
-34.95  52.05  3.07291e-08
-32.45  37.55  5.19548e-08
-32.45  38.05  3.63037e-08
-32.45  38.55  6.4338e-08
-32.45  39.05  5.93938e-08
-32.45  39.55  7.57328e-08
-32.45  40.05  2.06283e-07
-32.45  40.55  2.06578e-07
-32.45  41.05  1.85626e-07
-32.45  41.55  3.99195e-07
-32.45  42.05  9.3516e-07
-32.45  42.55  1.50636e-06
-32.45  43.05  1.33759e-06
-32.45  43.55  5.65778e-07
-32.45  44.05  6.42692e-07
-32.45  44.55  6.20698e-07
-32.45  45.05  3.12956e-07
-32.45  45.55  7.21949e-07
-32.45  46.05  1.54094e-06
-32.45  46.55  1.87218e-06
-32.45  47.05  5.18272e-07
-32.45  47.55  3.44325e-07
-32.45  48.05  3.20738e-07
-32.45  48.55  1.90037e-07
-32.45  49.05  2.91702e-08
-32.45  49.55  3.11483e-08
-32.45  50.05  2.69307e-08
-32.45  50.55  1.20265e-08
-32.45  51.05  8.46875e-09
-32.45  51.55  9.38909e-09
-32.45  52.05  3.71415e-08
-29.95  37.55  5.09088e-08
-29.95  38.05  2.82655e-08
-29.95  38.55  5.63802e-08
-29.95  39.05  5.95283e-08
-29.95  39.55  6.63953e-08
-29.95  40.05  1.94066e-07
-29.95  40.55  1.85168e-07
-29.95  41.05  1.71172e-07
-29.95  41.55  3.67795e-07
-29.95  42.05  9.78306e-07
-29.95  42.55  1.35818e-06
-29.95  43.05  1.25018e-06
-29.95  43.55  5.12606e-07
-29.95  44.05  6.30021e-07
-29.95  44.55  8.12936e-07
-29.95  45.05  4.48376e-07
-29.95  45.55  1.22033e-06
-29.95  46.05  1.66382e-06
-29.95  46.55  1.75324e-06
-29.95  47.05  6.92619e-07
-29.95  47.55  5.05535e-07
-29.95  48.05  2.92292e-07
-29.95  48.55  1.81063e-07
-29.95  49.05  3.70581e-08
-29.95  49.55  2.82985e-08
-29.95  50.05  2.46431e-08
-29.95  50.55  1.08194e-08
-29.95  51.05  7.74396e-09
-29.95  51.55  8.95857e-09
-29.95  52.05  4.63092e-08
-27.45  37.55  5.44451e-08
-27.45  38.05  2.85942e-08
-27.45  38.55  1.40979e-07
-27.45  39.05  1.74279e-07
-27.45  39.55  6.35182e-08
-27.45  40.05  1.86687e-07
-27.45  40.55  2.57405e-07
-27.45  41.05  2.44334e-07
-27.45  41.55  4.5722e-07
-27.45  42.05  1.50278e-06
-27.45  42.55  1.61628e-06
-27.45  43.05  1.26754e-06
-27.45  43.55  6.4046e-07
-27.45  44.05  8.71356e-07
-27.45  44.55  1.01612e-06
-27.45  45.05  9.16567e-07
-27.45  45.55  2.15416e-06
-27.45  46.05  2.24303e-06
-27.45  46.55  1.47257e-06
-27.45  47.05  1.29267e-06
-27.45  47.55  8.31175e-07
-27.45  48.05  5.12932e-07
-27.45  48.55  2.88439e-07
-27.45  49.05  6.88896e-08
-27.45  49.55  3.97477e-08
-27.45  50.05  3.26628e-08
-27.45  50.55  1.22663e-08
-27.45  51.05  9.86901e-09
-27.45  51.55  1.14219e-08
-27.45  52.05  4.54277e-08
-24.95  37.55  7.32521e-08
-24.95  38.05  5.17781e-08
-24.95  38.55  1.49024e-07
-24.95  39.05  1.57464e-07
-24.95  39.55  6.75361e-08
-24.95  40.05  1.70494e-07
-24.95  40.55  3.01387e-07
-24.95  41.05  3.04235e-07
-24.95  41.55  4.61848e-07
-24.95  42.05  1.44881e-06
-24.95  42.55  1.45459e-06
-24.95  43.05  1.41292e-06
-24.95  43.55  7.93856e-07
-24.95  44.05  1.21263e-06
-24.95  44.55  1.10203e-06
-24.95  45.05  9.89343e-07
-24.95  45.55  1.89706e-06
-24.95  46.05  2.46895e-06
-24.95  46.55  1.85929e-06
-24.95  47.05  1.03041e-06
-24.95  47.55  7.64672e-07
-24.95  48.05  9.60305e-07
-24.95  48.55  6.12051e-07
-24.95  49.05  1.01872e-07
-24.95  49.55  6.81011e-08
-24.95  50.05  5.57459e-08
-24.95  50.55  1.2737e-08
-24.95  51.05  8.1327e-09
-24.95  51.55  9.91598e-09
-24.95  52.05  4.01226e-08
-22.45  37.55  1.75304e-07
-22.45  38.05  1.01557e-07
-22.45  38.55  2.09927e-07
-22.45  39.05  1.8378e-07
-22.45  39.55  1.27754e-07
-22.45  40.05  2.68799e-07
-22.45  40.55  4.67345e-07
-22.45  41.05  4.27537e-07
-22.45  41.55  5.80834e-07
-22.45  42.05  1.54713e-06
-22.45  42.55  1.76367e-06
-22.45  43.05  1.82006e-06
-22.45  43.55  1.38402e-06
-22.45  44.05  2.47875e-06
-22.45  44.55  2.58161e-06
-22.45  45.05  1.57106e-06
-22.45  45.55  1.86457e-06
-22.45  46.05  2.5886e-06
-22.45  46.55  2.3394e-06
-22.45  47.05  1.39784e-06
-22.45  47.55  1.20933e-06
-22.45  48.05  1.49891e-06
-22.45  48.55  9.02529e-07
-22.45  49.05  1.88832e-07
-22.45  49.55  1.30427e-07
-22.45  50.05  9.75089e-08
-22.45  50.55  2.29477e-08
-22.45  51.05  1.03144e-08
-22.45  51.55  1.15477e-08
-22.45  52.05  5.88648e-08
-19.95  37.55  3.18757e-07
-19.95  38.05  1.21703e-07
-19.95  38.55  2.17849e-07
-19.95  39.05  1.65051e-07
-19.95  39.55  1.18608e-07
-19.95  40.05  2.3565e-07
-19.95  40.55  3.7652e-07
-19.95  41.05  3.1943e-07
-19.95  41.55  5.42375e-07
-19.95  42.05  1.47887e-06
-19.95  42.55  1.76406e-06
-19.95  43.05  1.5438e-06
-19.95  43.55  1.19069e-06
-19.95  44.05  2.68367e-06
-19.95  44.55  2.71205e-06
-19.95  45.05  1.46155e-06
-19.95  45.55  1.77548e-06
-19.95  46.05  2.01719e-06
-19.95  46.55  1.65876e-06
-19.95  47.05  1.17883e-06
-19.95  47.55  1.15136e-06
-19.95  48.05  1.43462e-06
-19.95  48.55  8.84322e-07
-19.95  49.05  1.67172e-07
-19.95  49.55  1.25889e-07
-19.95  50.05  8.29551e-08
-19.95  50.55  2.53483e-08
-19.95  51.05  1.29067e-08
-19.95  51.55  1.29688e-08
-19.95  52.05  2.5082e-08
-17.45  37.55  2.94277e-07
-17.45  38.05  1.44254e-07
-17.45  38.55  3.21747e-07
-17.45  39.05  2.41826e-07
-17.45  39.55  1.07577e-07
-17.45  40.05  2.5196e-07
-17.45  40.55  4.36111e-07
-17.45  41.05  2.95704e-07
-17.45  41.55  6.67235e-07
-17.45  42.05  1.76023e-06
-17.45  42.55  2.09494e-06
-17.45  43.05  2.20254e-06
-17.45  43.55  1.58152e-06
-17.45  44.05  2.70113e-06
-17.45  44.55  2.79712e-06
-17.45  45.05  2.16942e-06
-17.45  45.55  2.44877e-06
-17.45  46.05  1.76108e-06
-17.45  46.55  1.68776e-06
-17.45  47.05  1.03636e-06
-17.45  47.55  1.42569e-06
-17.45  48.05  2.01074e-06
-17.45  48.55  1.00523e-06
-17.45  49.05  1.51606e-07
-17.45  49.55  1.39732e-07
-17.45  50.05  1.07109e-07
-17.45  50.55  3.64213e-08
-17.45  51.05  2.34488e-08
-17.45  51.55  2.06401e-08
-17.45  52.05  3.80274e-08
-14.95  37.55  1.55816e-07
-14.95  38.05  1.18631e-07
-14.95  38.55  3.04664e-07
-14.95  39.05  4.3483e-07
-14.95  39.55  1.32936e-07
-14.95  40.05  4.16783e-07
-14.95  40.55  8.27446e-07
-14.95  41.05  4.74433e-07
-14.95  41.55  5.21283e-07
-14.95  42.05  1.34591e-06
-14.95  42.55  1.45842e-06
-14.95  43.05  1.36356e-06
-14.95  43.55  1.67806e-06
-14.95  44.05  3.02603e-06
-14.95  44.55  3.93194e-06
-14.95  45.05  3.07179e-06
-14.95  45.55  3.1527e-06
-14.95  46.05  1.63643e-06
-14.95  46.55  2.36579e-06
-14.95  47.05  1.85232e-06
-14.95  47.55  1.51367e-06
-14.95  48.05  1.87336e-06
-14.95  48.55  8.2008e-07
-14.95  49.05  1.58559e-07
-14.95  49.55  1.30297e-07
-14.95  50.05  1.19822e-07
-14.95  50.55  4.21268e-08
-14.95  51.05  2.76709e-08
-14.95  51.55  2.42416e-08
-14.95  52.05  5.31623e-08
-12.45  37.55  8.72766e-08
-12.45  38.05  9.32367e-08
-12.45  38.55  3.58758e-07
-12.45  39.05  7.47271e-07
-12.45  39.55  5.79023e-07
-12.45  40.05  1.15948e-06
-12.45  40.55  1.67725e-06
-12.45  41.05  1.08256e-06
-12.45  41.55  6.36245e-07
-12.45  42.05  1.3442e-06
-12.45  42.55  1.61051e-06
-12.45  43.05  1.84732e-06
-12.45  43.55  2.48377e-06
-12.45  44.05  6.21135e-06
-12.45  44.55  6.30037e-06
-12.45  45.05  4.01127e-06
-12.45  45.55  5.67962e-06
-12.45  46.05  3.40011e-06
-12.45  46.55  4.22476e-06
-12.45  47.05  4.05317e-06
-12.45  47.55  2.44022e-06
-12.45  48.05  2.09344e-06
-12.45  48.55  1.01085e-06
-12.45  49.05  2.46371e-07
-12.45  49.55  1.88377e-07
-12.45  50.05  1.71023e-07
-12.45  50.55  5.31461e-08
-12.45  51.05  3.51842e-08
-12.45  51.55  3.50473e-08
-12.45  52.05  9.97868e-08
-9.95  37.55  2.95499e-08
-9.95  38.05  6.06285e-08
-9.95  38.55  3.72639e-07
-9.95  39.05  7.53454e-07
-9.95  39.55  7.26984e-07
-9.95  40.05  1.32163e-06
-9.95  40.55  2.06513e-06
-9.95  41.05  1.39785e-06
-9.95  41.55  1.1086e-06
-9.95  42.05  1.78655e-06
-9.95  42.55  2.42049e-06
-9.95  43.05  2.80052e-06
-9.95  43.55  3.11568e-06
-9.95  44.05  6.67176e-06
-9.95  44.55  5.0162e-06
-9.95  45.05  4.04455e-06
-9.95  45.55  4.98956e-06
-9.95  46.05  3.59502e-06
-9.95  46.55  3.43521e-06
-9.95  47.05  1.95523e-06
-9.95  47.55  2.16093e-06
-9.95  48.05  1.62458e-06
-9.95  48.55  8.25463e-07
-9.95  49.05  2.41858e-07
-9.95  49.55  2.24322e-07
-9.95  50.05  2.03879e-07
-9.95  50.55  8.71753e-08
-9.95  51.05  2.86127e-08
-9.95  51.55  2.95024e-08
-9.95  52.05  1.32554e-07
-7.45  37.55  9.61346e-08
-7.45  38.05  8.10479e-08
-7.45  38.55  3.88054e-07
-7.45  39.05  9.08246e-07
-7.45  39.55  6.17152e-07
-7.45  40.05  1.47373e-06
-7.45  40.55  2.99546e-06
-7.45  41.05  2.42883e-06
-7.45  41.55  2.48315e-06
-7.45  42.05  4.37386e-06
-7.45  42.55  5.01406e-06
-7.45  43.05  4.76746e-06
-7.45  43.55  4.40919e-06
-7.45  44.05  7.91559e-06
-7.45  44.55  7.3646e-06
-7.45  45.05  5.84818e-06
-7.45  45.55  5.09904e-06
-7.45  46.05  5.40149e-06
-7.45  46.55  4.72953e-06
-7.45  47.05  1.77177e-06
-7.45  47.55  2.5221e-06
-7.45  48.05  2.65162e-06
-7.45  48.55  1.0372e-06
-7.45  49.05  3.52853e-07
-7.45  49.55  3.4226e-07
-7.45  50.05  2.95773e-07
-7.45  50.55  1.29581e-07
-7.45  51.05  3.42958e-08
-7.45  51.55  3.2563e-08
-7.45  52.05  9.00906e-08
-4.95  37.55  1.60389e-07
-4.95  38.05  7.88579e-08
-4.95  38.55  2.27368e-07
-4.95  39.05  5.57418e-07
-4.95  39.55  6.09e-07
-4.95  40.05  1.63024e-06
-4.95  40.55  2.78606e-06
-4.95  41.05  1.90993e-06
-4.95  41.55  2.55298e-06
-4.95  42.05  7.53008e-06
-4.95  42.55  8.19884e-06
-4.95  43.05  6.1064e-06
-4.95  43.55  5.06027e-06
-4.95  44.05  7.79534e-06
-4.95  44.55  7.87339e-06
-4.95  45.05  5.89886e-06
-4.95  45.55  5.14266e-06
-4.95  46.05  4.90083e-06
-4.95  46.55  3.98196e-06
-4.95  47.05  2.24776e-06
-4.95  47.55  2.79087e-06
-4.95  48.05  3.74064e-06
-4.95  48.55  1.122e-06
-4.95  49.05  4.40577e-07
-4.95  49.55  3.8571e-07
-4.95  50.05  2.62875e-07
-4.95  50.55  9.96345e-08
-4.95  51.05  3.08722e-08
-4.95  51.55  2.82809e-08
-4.95  52.05  6.40003e-08
-2.45  37.55  1.42369e-07
-2.45  38.05  7.9844e-08
-2.45  38.55  2.48638e-07
-2.45  39.05  4.87211e-07
-2.45  39.55  1.00724e-06
-2.45  40.05  2.11468e-06
-2.45  40.55  2.66264e-06
-2.45  41.05  1.74521e-06
-2.45  41.55  3.41546e-06
-2.45  42.05  1.44858e-05
-2.45  42.55  1.36852e-05
-2.45  43.05  8.555e-06
-2.45  43.55  8.40059e-06
-2.45  44.05  1.2768e-05
-2.45  44.55  1.26605e-05
-2.45  45.05  8.37518e-06
-2.45  45.55  6.53778e-06
-2.45  46.05  5.39902e-06
-2.45  46.55  4.75917e-06
-2.45  47.05  4.42575e-06
-2.45  47.55  3.91122e-06
-2.45  48.05  4.06982e-06
-2.45  48.55  2.10655e-06
-2.45  49.05  5.97415e-07
-2.45  49.55  4.99133e-07
-2.45  50.05  3.25814e-07
-2.45  50.55  1.13377e-07
-2.45  51.05  3.57842e-08
-2.45  51.55  2.77278e-08
-2.45  52.05  7.21171e-08
0.05  37.55  6.61635e-08
0.05  38.05  6.17449e-08
0.05  38.55  2.3134e-07
0.05  39.05  4.64705e-07
0.05  39.55  8.86909e-07
0.05  40.05  1.72149e-06
0.05  40.55  1.75202e-06
0.05  41.05  1.19627e-06
0.05  41.55  4.14938e-06
0.05  42.05  1.24579e-05
0.05  42.55  1.00564e-05
0.05  43.05  8.09458e-06
0.05  43.55  9.03082e-06
0.05  44.05  1.41055e-05
0.05  44.55  1.52096e-05
0.05  45.05  8.3514e-06
0.05  45.55  9.89618e-06
0.05  46.05  8.36939e-06
0.05  46.55  5.73231e-06
0.05  47.05  5.09316e-06
0.05  47.55  5.43934e-06
0.05  48.05  3.14628e-06
0.05  48.55  2.25953e-06
0.05  49.05  4.16708e-07
0.05  49.55  5.68804e-07
0.05  50.05  4.96571e-07
0.05  50.55  1.81772e-07
0.05  51.05  5.61936e-08
0.05  51.55  2.35097e-08
0.05  52.05  3.74441e-08
2.55  37.55  1.08939e-07
2.55  38.05  5.68642e-08
2.55  38.55  2.37278e-07
2.55  39.05  4.92216e-07
2.55  39.55  8.46457e-07
2.55  40.05  1.5437e-06
2.55  40.55  1.16016e-06
2.55  41.05  7.24066e-07
2.55  41.55  6.66023e-06
2.55  42.05  1.33216e-05
2.55  42.55  1.27538e-05
2.55  43.05  1.13163e-05
2.55  43.55  1.3559e-05
2.55  44.05  2.02807e-05
2.55  44.55  2.48948e-05
2.55  45.05  1.3113e-05
2.55  45.55  2.32684e-05
2.55  46.05  2.20726e-05
2.55  46.55  1.16493e-05
2.55  47.05  6.3382e-06
2.55  47.55  9.73827e-06
2.55  48.05  5.37786e-06
2.55  48.55  2.57521e-06
2.55  49.05  5.07926e-07
2.55  49.55  1.11996e-06
2.55  50.05  8.79179e-07
2.55  50.55  2.96562e-07
2.55  51.05  1.11306e-07
2.55  51.55  6.53904e-08
2.55  52.05  1.98377e-07
5.05  37.55  3.30369e-07
5.05  38.05  8.41274e-08
5.05  38.55  1.4679e-07
5.05  39.05  2.47371e-07
5.05  39.55  2.67823e-07
5.05  40.05  1.06209e-06
5.05  40.55  8.82343e-07
5.05  41.05  3.15098e-07
5.05  41.55  4.59155e-06
5.05  42.05  1.33028e-05
5.05  42.55  1.22988e-05
5.05  43.05  9.71482e-06
5.05  43.55  9.99718e-06
5.05  44.05  1.70949e-05
5.05  44.55  2.71447e-05
5.05  45.05  1.4158e-05
5.05  45.55  2.50257e-05
5.05  46.05  2.12299e-05
5.05  46.55  1.0662e-05
5.05  47.05  6.2331e-06
5.05  47.55  1.06684e-05
5.05  48.05  7.33786e-06
5.05  48.55  3.44982e-06
5.05  49.05  8.47524e-07
5.05  49.55  9.72091e-07
5.05  50.05  6.3422e-07
5.05  50.55  2.31146e-07
5.05  51.05  9.04202e-08
5.05  51.55  7.78329e-08
5.05  52.05  3.61621e-07
7.55  37.55  6.10055e-07
7.55  38.05  1.76292e-07
7.55  38.55  1.89487e-07
7.55  39.05  1.82452e-07
7.55  39.55  2.22884e-07
7.55  40.05  1.20299e-06
7.55  40.55  2.81927e-06
7.55  41.05  2.70724e-06
7.55  41.55  5.46339e-06
7.55  42.05  1.83519e-05
7.55  42.55  1.71147e-05
7.55  43.05  1.29157e-05
7.55  43.55  9.4505e-06
7.55  44.05  3.0031e-05
7.55  44.55  4.45147e-05
7.55  45.05  1.43812e-05
7.55  45.55  2.47105e-05
7.55  46.05  2.70156e-05
7.55  46.55  1.15687e-05
7.55  47.05  6.8802e-06
7.55  47.55  1.07584e-05
7.55  48.05  1.14638e-05
7.55  48.55  6.58588e-06
7.55  49.05  2.41522e-06
7.55  49.55  1.47381e-06
7.55  50.05  7.20422e-07
7.55  50.55  1.99983e-07
7.55  51.05  1.03773e-07
7.55  51.55  9.2195e-08
7.55  52.05  2.917e-07
10.05  37.55  3.26338e-07
10.05  38.05  1.19788e-07
10.05  38.55  2.14687e-07
10.05  39.05  2.31345e-07
10.05  39.55  3.39057e-07
10.05  40.05  1.4591e-06
10.05  40.55  6.11905e-06
10.05  41.05  5.86674e-06
10.05  41.55  5.5357e-06
10.05  42.05  1.68503e-05
10.05  42.55  1.58904e-05
10.05  43.05  1.40927e-05
10.05  43.55  1.0007e-05
10.05  44.05  2.13071e-05
10.05  44.55  2.29888e-05
10.05  45.05  1.23781e-05
10.05  45.55  1.59922e-05
10.05  46.05  2.65226e-05
10.05  46.55  1.56935e-05
10.05  47.05  8.05568e-06
10.05  47.55  9.13734e-06
10.05  48.05  1.02989e-05
10.05  48.55  5.52174e-06
10.05  49.05  2.59624e-06
10.05  49.55  2.44212e-06
10.05  50.05  9.01676e-07
10.05  50.55  1.72986e-07
10.05  51.05  8.73916e-08
10.05  51.55  8.18199e-08
10.05  52.05  2.19468e-07
12.55  37.55  2.00489e-07
12.55  38.05  7.57528e-08
12.55  38.55  1.91132e-07
12.55  39.05  2.55443e-07
12.55  39.55  5.15581e-07
12.55  40.05  2.77475e-06
12.55  40.55  6.25358e-06
12.55  41.05  4.08729e-06
12.55  41.55  6.0801e-06
12.55  42.05  2.04698e-05
12.55  42.55  2.52121e-05
12.55  43.05  1.89605e-05
12.55  43.55  9.6406e-06
12.55  44.05  1.66286e-05
12.55  44.55  1.99835e-05
12.55  45.05  1.40057e-05
12.55  45.55  1.4867e-05
12.55  46.05  3.81311e-05
12.55  46.55  2.66832e-05
12.55  47.05  1.04528e-05
12.55  47.55  1.28805e-05
12.55  48.05  1.05139e-05
12.55  48.55  3.70402e-06
12.55  49.05  2.39824e-06
12.55  49.55  3.68949e-06
12.55  50.05  1.67025e-06
12.55  50.55  3.82024e-07
12.55  51.05  1.25848e-07
12.55  51.55  1.21012e-07
12.55  52.05  4.2326e-07
15.05  37.55  1.32034e-07
15.05  38.05  6.9942e-08
15.05  38.55  1.83236e-07
15.05  39.05  2.07651e-07
15.05  39.55  3.89723e-07
15.05  40.05  1.51431e-06
15.05  40.55  2.6569e-06
15.05  41.05  2.93715e-06
15.05  41.55  3.57071e-06
15.05  42.05  1.56386e-05
15.05  42.55  2.66206e-05
15.05  43.05  1.87493e-05
15.05  43.55  9.26403e-06
15.05  44.05  1.38034e-05
15.05  44.55  1.51863e-05
15.05  45.05  8.30007e-06
15.05  45.55  9.73816e-06
15.05  46.05  1.94675e-05
15.05  46.55  1.46103e-05
15.05  47.05  7.81304e-06
15.05  47.55  9.74778e-06
15.05  48.05  9.34228e-06
15.05  48.55  3.92802e-06
15.05  49.05  2.12853e-06
15.05  49.55  2.7483e-06
15.05  50.05  1.50178e-06
15.05  50.55  4.11782e-07
15.05  51.05  1.2828e-07
15.05  51.55  1.22679e-07
15.05  52.05  5.01441e-07
17.55  37.55  1.71759e-07
17.55  38.05  9.83885e-08
17.55  38.55  2.11618e-07
17.55  39.05  3.32383e-07
17.55  39.55  3.92959e-07
17.55  40.05  9.13988e-07
17.55  40.55  1.96929e-06
17.55  41.05  2.26393e-06
17.55  41.55  3.66047e-06
17.55  42.05  1.87323e-05
17.55  42.55  2.49217e-05
17.55  43.05  2.05496e-05
17.55  43.55  9.98563e-06
17.55  44.05  1.90639e-05
17.55  44.55  2.0673e-05
17.55  45.05  6.86723e-06
17.55  45.55  7.8897e-06
17.55  46.05  1.48279e-05
17.55  46.55  1.42035e-05
17.55  47.05  5.23141e-06
17.55  47.55  7.98988e-06
17.55  48.05  9.74907e-06
17.55  48.55  4.69661e-06
17.55  49.05  2.37316e-06
17.55  49.55  3.04786e-06
17.55  50.05  1.57493e-06
17.55  50.55  4.33133e-07
17.55  51.05  1.70496e-07
17.55  51.55  1.17824e-07
17.55  52.05  2.79911e-07
20.05  37.55  1.53149e-07
20.05  38.05  7.93713e-08
20.05  38.55  1.42703e-07
20.05  39.05  3.07382e-07
20.05  39.55  3.45371e-07
20.05  40.05  7.17914e-07
20.05  40.55  2.43783e-06
20.05  41.05  1.89101e-06
20.05  41.55  2.30202e-06
20.05  42.05  1.62959e-05
20.05  42.55  2.44657e-05
20.05  43.05  1.71463e-05
20.05  43.55  6.29957e-06
20.05  44.05  2.05462e-05
20.05  44.55  2.34059e-05
20.05  45.05  6.37471e-06
20.05  45.55  7.0237e-06
20.05  46.05  1.1629e-05
20.05  46.55  9.04614e-06
20.05  47.05  3.45095e-06
20.05  47.55  6.27581e-06
20.05  48.05  8.7268e-06
20.05  48.55  4.2865e-06
20.05  49.05  2.10066e-06
20.05  49.55  2.56828e-06
20.05  50.05  1.33e-06
20.05  50.55  4.70476e-07
20.05  51.05  1.40212e-07
20.05  51.55  7.35903e-08
20.05  52.05  1.83784e-07
22.55  37.55  3.02281e-07
22.55  38.05  1.37059e-07
22.55  38.55  1.21671e-07
22.55  39.05  1.92558e-07
22.55  39.55  4.6348e-07
22.55  40.05  9.72864e-07
22.55  40.55  2.32852e-06
22.55  41.05  1.44782e-06
22.55  41.55  3.22765e-06
22.55  42.05  2.17324e-05
22.55  42.55  3.71144e-05
22.55  43.05  2.28455e-05
22.55  43.55  5.67805e-06
22.55  44.05  1.75953e-05
22.55  44.55  2.40305e-05
22.55  45.05  8.15449e-06
22.55  45.55  1.13395e-05
22.55  46.05  1.41e-05
22.55  46.55  8.35634e-06
22.55  47.05  3.36834e-06
22.55  47.55  5.78995e-06
22.55  48.05  6.89072e-06
22.55  48.55  3.0277e-06
22.55  49.05  1.93728e-06
22.55  49.55  2.63976e-06
22.55  50.05  1.37383e-06
22.55  50.55  5.31478e-07
22.55  51.05  2.03354e-07
22.55  51.55  1.67472e-07
22.55  52.05  7.42018e-07
25.05  37.55  3.09571e-07
25.05  38.05  1.36669e-07
25.05  38.55  1.80215e-07
25.05  39.05  1.28355e-07
25.05  39.55  2.2868e-07
25.05  40.05  7.5593e-07
25.05  40.55  1.5228e-06
25.05  41.05  1.39261e-06
25.05  41.55  4.86076e-06
25.05  42.05  1.49394e-05
25.05  42.55  2.39697e-05
25.05  43.05  2.10222e-05
25.05  43.55  8.57524e-06
25.05  44.05  1.36688e-05
25.05  44.55  1.83493e-05
25.05  45.05  7.95819e-06
25.05  45.55  9.29935e-06
25.05  46.05  1.15982e-05
25.05  46.55  9.07859e-06
25.05  47.05  3.1408e-06
25.05  47.55  2.82942e-06
25.05  48.05  4.52771e-06
25.05  48.55  2.65296e-06
25.05  49.05  1.45628e-06
25.05  49.55  2.15525e-06
25.05  50.05  1.24528e-06
25.05  50.55  5.50213e-07
25.05  51.05  3.23587e-07
25.05  51.55  3.83807e-07
25.05  52.05  1.65416e-06
27.55  37.55  5.41587e-07
27.55  38.05  2.1427e-07
27.55  38.55  4.87125e-07
27.55  39.05  3.48874e-07
27.55  39.55  2.93544e-07
27.55  40.05  5.49344e-07
27.55  40.55  1.14953e-06
27.55  41.05  1.46083e-06
27.55  41.55  6.71688e-06
27.55  42.05  1.67279e-05
27.55  42.55  3.09606e-05
27.55  43.05  2.75325e-05
27.55  43.55  1.89262e-05
27.55  44.05  2.32409e-05
27.55  44.55  2.0197e-05
27.55  45.05  8.80465e-06
27.55  45.55  9.59787e-06
27.55  46.05  1.21846e-05
27.55  46.55  9.0486e-06
27.55  47.05  2.98298e-06
27.55  47.55  3.05158e-06
27.55  48.05  6.61256e-06
27.55  48.55  4.47523e-06
27.55  49.05  1.33456e-06
27.55  49.55  2.2646e-06
27.55  50.05  1.52373e-06
27.55  50.55  7.62988e-07
27.55  51.05  4.92329e-07
27.55  51.55  4.54518e-07
27.55  52.05  1.24066e-06
30.05  37.55  5.36397e-07
30.05  38.05  2.81216e-07
30.05  38.55  4.83026e-07
30.05  39.05  3.33437e-07
30.05  39.55  1.94534e-07
30.05  40.05  1.82862e-07
30.05  40.55  7.37063e-07
30.05  41.05  1.80383e-06
30.05  41.55  7.94857e-06
30.05  42.05  1.92699e-05
30.05  42.55  2.91567e-05
30.05  43.05  1.98566e-05
30.05  43.55  1.6989e-05
30.05  44.05  2.6074e-05
30.05  44.55  2.24816e-05
30.05  45.05  1.05012e-05
30.05  45.55  1.22132e-05
30.05  46.05  9.15596e-06
30.05  46.55  4.97461e-06
30.05  47.05  2.36711e-06
30.05  47.55  3.31819e-06
30.05  48.05  4.27247e-06
30.05  48.55  2.35664e-06
30.05  49.05  1.0517e-06
30.05  49.55  1.48145e-06
30.05  50.05  1.03969e-06
30.05  50.55  4.2962e-07
30.05  51.05  2.65467e-07
30.05  51.55  1.84198e-07
30.05  52.05  1.90777e-07
32.55  37.55  1.23532e-06
32.55  38.05  5.78269e-07
32.55  38.55  1.68742e-06
32.55  39.05  1.44281e-06
32.55  39.55  1.73041e-07
32.55  40.05  1.01281e-06
32.55  40.55  3.83185e-06
32.55  41.05  3.71866e-06
32.55  41.55  9.35525e-06
32.55  42.05  3.17153e-05
32.55  42.55  2.55728e-05
32.55  43.05  2.24711e-05
32.55  43.55  2.25461e-05
32.55  44.05  3.31706e-05
32.55  44.55  2.68218e-05
32.55  45.05  1.37238e-05
32.55  45.55  1.95288e-05
32.55  46.05  8.10954e-06
32.55  46.55  3.58335e-06
32.55  47.05  2.9884e-06
32.55  47.55  4.98379e-06
32.55  48.05  4.57386e-06
32.55  48.55  2.34444e-06
32.55  49.05  1.37234e-06
32.55  49.55  1.35008e-06
32.55  50.05  8.141e-07
32.55  50.55  3.55243e-07
32.55  51.05  1.93512e-07
32.55  51.55  1.75607e-07
32.55  52.05  5.13374e-07
35.05  37.55  2.34605e-06
35.05  38.05  9.08848e-07
35.05  38.55  2.48264e-06
35.05  39.05  2.28465e-06
35.05  39.55  9.24792e-07
35.05  40.05  7.31957e-06
35.05  40.55  1.43943e-05
35.05  41.05  7.12049e-06
35.05  41.55  1.12033e-05
35.05  42.05  3.73198e-05
35.05  42.55  2.74382e-05
35.05  43.05  2.7243e-05
35.05  43.55  1.57139e-05
35.05  44.05  2.31103e-05
35.05  44.55  1.76686e-05
35.05  45.05  1.00301e-05
35.05  45.55  1.09607e-05
35.05  46.05  7.34141e-06
35.05  46.55  5.2871e-06
35.05  47.05  3.03847e-06
35.05  47.55  4.37288e-06
35.05  48.05  4.01699e-06
35.05  48.55  2.74117e-06
35.05  49.05  1.38079e-06
35.05  49.55  1.2792e-06
35.05  50.05  7.4731e-07
35.05  50.55  3.25884e-07
35.05  51.05  2.21679e-07
35.05  51.55  2.29686e-07
35.05  52.05  7.69388e-07
37.55  37.55  2.91237e-06
37.55  38.05  1.36965e-06
37.55  38.55  3.80712e-06
37.55  39.05  4.59661e-06
37.55  39.55  4.81123e-06
37.55  40.05  1.48872e-05
37.55  40.55  1.8777e-05
37.55  41.05  1.15523e-05
37.55  41.55  1.50865e-05
37.55  42.05  4.76714e-05
37.55  42.55  5.18553e-05
37.55  43.05  3.5097e-05
37.55  43.55  1.81337e-05
37.55  44.05  2.58348e-05
37.55  44.55  1.59387e-05
37.55  45.05  1.30245e-05
37.55  45.55  1.12092e-05
37.55  46.05  2.07414e-05
37.55  46.55  1.09547e-05
37.55  47.05  3.43126e-06
37.55  47.55  4.61975e-06
37.55  48.05  4.8444e-06
37.55  48.55  3.08157e-06
37.55  49.05  1.38262e-06
37.55  49.55  1.44052e-06
37.55  50.05  9.2997e-07
37.55  50.55  3.69988e-07
37.55  51.05  3.21046e-07
37.55  51.55  3.74322e-07
37.55  52.05  1.18637e-06
40.05  37.55  3.39121e-06
40.05  38.05  1.62748e-06
40.05  38.55  3.60247e-06
40.05  39.05  5.00236e-06
40.05  39.55  7.53041e-06
40.05  40.05  1.42461e-05
40.05  40.55  1.40028e-05
40.05  41.05  1.97378e-05
40.05  41.55  2.2767e-05
40.05  42.05  3.83918e-05
40.05  42.55  4.8259e-05
40.05  43.05  3.76889e-05
40.05  43.55  2.11648e-05
40.05  44.05  3.5583e-05
40.05  44.55  1.36786e-05
40.05  45.05  9.60006e-06
40.05  45.55  1.18044e-05
40.05  46.05  1.91319e-05
40.05  46.55  8.16539e-06
40.05  47.05  3.02501e-06
40.05  47.55  3.98937e-06
40.05  48.05  3.70889e-06
40.05  48.55  2.1292e-06
40.05  49.05  5.74638e-07
40.05  49.55  1.01789e-06
40.05  50.05  7.99598e-07
40.05  50.55  3.61538e-07
40.05  51.05  3.63336e-07
40.05  51.55  4.65833e-07
40.05  52.05  1.30089e-06
42.55  37.55  5.55098e-06
42.55  38.05  2.35117e-06
42.55  38.55  3.83955e-06
42.55  39.05  4.66465e-06
42.55  39.55  8.86553e-06
42.55  40.05  4.58993e-05
42.55  40.55  6.71759e-05
42.55  41.05  9.98467e-05
42.55  41.55  4.1463e-05
42.55  42.05  5.14062e-05
42.55  42.55  7.66841e-05
42.55  43.05  5.9233e-05
42.55  43.55  2.58297e-05
42.55  44.05  4.56737e-05
42.55  44.55  2.5831e-05
42.55  45.05  1.25734e-05
42.55  45.55  1.55781e-05
42.55  46.05  2.03763e-05
42.55  46.55  1.57419e-05
42.55  47.05  3.48717e-06
42.55  47.55  4.81094e-06
42.55  48.05  4.42856e-06
42.55  48.55  2.16502e-06
42.55  49.05  7.05225e-07
42.55  49.55  1.22564e-06
42.55  50.05  1.06995e-06
42.55  50.55  5.88715e-07
42.55  51.05  5.53801e-07
42.55  51.55  6.06647e-07
42.55  52.05  2.59428e-06
45.05  37.55  4.59106e-06
45.05  38.05  1.7861e-06
45.05  38.55  3.41824e-06
45.05  39.05  7.44496e-06
45.05  39.55  1.10704e-05
45.05  40.05  5.02718e-05
45.05  40.55  9.97795e-05
45.05  41.05  0.000128884
45.05  41.55  5.74198e-05
45.05  42.05  9.6129e-05
45.05  42.55  0.000121077
45.05  43.05  5.78594e-05
45.05  43.55  3.41424e-05
45.05  44.05  4.0995e-05
45.05  44.55  3.0281e-05
45.05  45.05  1.25142e-05
45.05  45.55  1.42495e-05
45.05  46.05  1.19563e-05
45.05  46.55  1.01146e-05
45.05  47.05  4.3254e-06
45.05  47.55  4.31703e-06
45.05  48.05  3.49891e-06
45.05  48.55  1.93257e-06
45.05  49.05  9.66683e-07
45.05  49.55  1.41662e-06
45.05  50.05  1.32613e-06
45.05  50.55  6.53822e-07
45.05  51.05  5.28213e-07
45.05  51.55  5.07003e-07
45.05  52.05  2.21473e-06
47.55  37.55  3.58235e-06
47.55  38.05  1.78865e-06
47.55  38.55  8.39291e-06
47.55  39.05  2.95098e-05
47.55  39.55  2.62832e-05
47.55  40.05  5.83857e-05
47.55  40.55  0.000146896
47.55  41.05  7.54549e-05
47.55  41.55  0.000110595
47.55  42.05  0.000200863
47.55  42.55  0.000176682
47.55  43.05  9.23748e-05
47.55  43.55  6.06124e-05
47.55  44.05  6.00602e-05
47.55  44.55  3.993e-05
47.55  45.05  1.4331e-05
47.55  45.55  1.57108e-05
47.55  46.05  1.76882e-05
47.55  46.55  1.06063e-05
47.55  47.05  7.33579e-06
47.55  47.55  5.45187e-06
47.55  48.05  3.57118e-06
47.55  48.55  2.18577e-06
47.55  49.05  1.63595e-06
47.55  49.55  2.47294e-06
47.55  50.05  2.11175e-06
47.55  50.55  8.77925e-07
47.55  51.05  6.79186e-07
47.55  51.55  6.31466e-07
47.55  52.05  2.74065e-06
50.05  37.55  2.54328e-06
50.05  38.05  2.6005e-06
50.05  38.55  8.62618e-06
50.05  39.05  4.32708e-05
50.05  39.55  3.71602e-05
50.05  40.05  3.44304e-05
50.05  40.55  0.000136514
50.05  41.05  8.34913e-05
50.05  41.55  9.10551e-05
50.05  42.05  0.000232443
50.05  42.55  0.000237253
50.05  43.05  0.000213308
50.05  43.55  0.000104886
50.05  44.05  0.000126485
50.05  44.55  7.67942e-05
50.05  45.05  3.072e-05
50.05  45.55  2.42924e-05
50.05  46.05  3.43863e-05
50.05  46.55  1.39181e-05
50.05  47.05  7.91313e-06
50.05  47.55  7.60868e-06
50.05  48.05  4.67066e-06
50.05  48.55  2.9419e-06
50.05  49.05  2.25818e-06
50.05  49.55  3.06742e-06
50.05  50.05  2.17029e-06
50.05  50.55  9.21227e-07
50.05  51.05  6.95911e-07
50.05  51.55  6.41731e-07
50.05  52.05  1.93554e-06
52.55  37.55  4.33448e-06
52.55  38.05  4.84519e-06
52.55  38.55  1.71681e-05
52.55  39.05  7.52048e-05
52.55  39.55  0.000135354
52.55  40.05  8.68949e-05
52.55  40.55  0.000128372
52.55  41.05  0.000118643
52.55  41.55  0.000295607
52.55  42.05  0.000366756
52.55  42.55  0.000283453
52.55  43.05  0.000333212
52.55  43.55  0.000218476
52.55  44.05  0.000202991
52.55  44.55  0.000144248
52.55  45.05  7.64636e-05
52.55  45.55  6.0231e-05
52.55  46.05  5.88928e-05
52.55  46.55  2.62985e-05
52.55  47.05  1.06736e-05
52.55  47.55  1.31409e-05
52.55  48.05  1.16347e-05
52.55  48.55  7.49332e-06
52.55  49.05  3.51636e-06
52.55  49.55  4.62448e-06
52.55  50.05  3.01304e-06
52.55  50.55  1.39575e-06
52.55  51.05  1.01802e-06
52.55  51.55  8.40475e-07
52.55  52.05  3.96805e-06
55.05  37.55  1.04773e-05
55.05  38.05  1.05662e-05
55.05  38.55  6.365e-05
55.05  39.05  0.000111135
55.05  39.55  0.000123133
55.05  40.05  0.000157851
55.05  40.55  0.000105307
55.05  41.05  0.00014058
55.05  41.55  0.000422242
55.05  42.05  0.000542516
55.05  42.55  0.000431299
55.05  43.05  0.000423805
55.05  43.55  0.000302224
55.05  44.05  0.000199326
55.05  44.55  0.000131547
55.05  45.05  8.5344e-05
55.05  45.55  9.40682e-05
55.05  46.05  8.63489e-05
55.05  46.55  5.20986e-05
55.05  47.05  1.36393e-05
55.05  47.55  1.24482e-05
55.05  48.05  1.17648e-05
55.05  48.55  6.5238e-06
55.05  49.05  1.85842e-06
55.05  49.55  4.14693e-06
55.05  50.05  3.20958e-06
55.05  50.55  1.48633e-06
55.05  51.05  1.16827e-06
55.05  51.55  9.12217e-07
55.05  52.05  3.4416e-06
57.55  37.55  2.59644e-05
57.55  38.05  2.35819e-05
57.55  38.55  0.000108247
57.55  39.05  0.000132309
57.55  39.55  7.42342e-05
57.55  40.05  0.000149797
57.55  40.55  0.000394266
57.55  41.05  0.000716316
57.55  41.55  0.00113338
57.55  42.05  0.00149605
57.55  42.55  0.000970433
57.55  43.05  0.000754982
57.55  43.55  0.000423269
57.55  44.05  0.0003193
57.55  44.55  0.000271543
57.55  45.05  0.000118101
57.55  45.55  0.000143138
57.55  46.05  0.000174385
57.55  46.55  6.66993e-05
57.55  47.05  2.08404e-05
57.55  47.55  1.51791e-05
57.55  48.05  1.36586e-05
57.55  48.55  8.0592e-06
57.55  49.05  2.09033e-06
57.55  49.55  5.29206e-06
57.55  50.05  4.77414e-06
57.55  50.55  1.9792e-06
57.55  51.05  1.79975e-06
57.55  51.55  1.87604e-06
57.55  52.05  8.16736e-06
60.05  37.55  4.12622e-05
60.05  38.05  3.06521e-05
60.05  38.55  0.000127793
60.05  39.05  0.000177985
60.05  39.55  0.000103067
60.05  40.05  0.00020938
60.05  40.55  0.000727101
60.05  41.05  0.00071978
60.05  41.55  0.00146127
60.05  42.05  0.00149971
60.05  42.55  0.00111268
60.05  43.05  0.00132841
60.05  43.55  0.000482607
60.05  44.05  0.000358083
60.05  44.55  0.000341789
60.05  45.05  9.37205e-05
60.05  45.55  0.000103198
60.05  46.05  8.36846e-05
60.05  46.55  1.93975e-05
60.05  47.05  1.13427e-05
60.05  47.55  1.04315e-05
60.05  48.05  9.67119e-06
60.05  48.55  7.5526e-06
60.05  49.05  2.55617e-06
60.05  49.55  3.00857e-06
60.05  50.05  3.24992e-06
60.05  50.55  1.68659e-06
60.05  51.05  1.6729e-06
60.05  51.55  1.99212e-06
60.05  52.05  8.31751e-06
62.55  37.55  0.000112755
62.55  38.05  7.18337e-05
62.55  38.55  0.000222026
62.55  39.05  0.00032423
62.55  39.55  0.000198242
62.55  40.05  0.000451599
62.55  40.55  0.000974795
62.55  41.05  0.000648058
62.55  41.55  0.0017062
62.55  42.05  0.00329913
62.55  42.55  0.00230567
62.55  43.05  0.00166461
62.55  43.55  0.000692753
62.55  44.05  0.000553899
62.55  44.55  0.000257108
62.55  45.05  6.3734e-05
62.55  45.55  0.000105728
62.55  46.05  6.80239e-05
62.55  46.55  2.09627e-05
62.55  47.05  1.42023e-05
62.55  47.55  1.01081e-05
62.55  48.05  1.18241e-05
62.55  48.55  1.0886e-05
62.55  49.05  3.60666e-06
62.55  49.55  3.1779e-06
62.55  50.05  3.07548e-06
62.55  50.55  1.94195e-06
62.55  51.05  2.22326e-06
62.55  51.55  2.35284e-06
62.55  52.05  1.12629e-05
65.05  37.55  0.000122527
65.05  38.05  5.63348e-05
65.05  38.55  0.000255781
65.05  39.05  0.000539627
65.05  39.55  0.000217112
65.05  40.05  0.000521894
65.05  40.55  0.000708807
65.05  41.05  0.00090647
65.05  41.55  0.00200762
65.05  42.05  0.00348887
65.05  42.55  0.00270301
65.05  43.05  0.0017699
65.05  43.55  0.000621791
65.05  44.05  0.000838203
65.05  44.55  0.000424705
65.05  45.05  0.000136032
65.05  45.55  9.94455e-05
65.05  46.05  8.52821e-05
65.05  46.55  2.97817e-05
65.05  47.05  1.1352e-05
65.05  47.55  9.8937e-06
65.05  48.05  1.31837e-05
65.05  48.55  1.12588e-05
65.05  49.05  3.26709e-06
65.05  49.55  2.9497e-06
65.05  50.05  2.68786e-06
65.05  50.55  1.65103e-06
65.05  51.05  1.63527e-06
65.05  51.55  1.63295e-06
65.05  52.05  7.61085e-06
67.55  37.55  0.000524093
67.55  38.05  0.000298379
67.55  38.55  0.000761523
67.55  39.05  0.00102876
67.55  39.55  0.000419004
67.55  40.05  0.000773875
67.55  40.55  0.00194628
67.55  41.05  0.00463566
67.55  41.55  0.00407211
67.55  42.05  0.00556293
67.55  42.55  0.00477349
67.55  43.05  0.00291149
67.55  43.55  0.000677679
67.55  44.05  0.0010257
67.55  44.55  0.000800671
67.55  45.05  0.000349549
67.55  45.55  0.000119312
67.55  46.05  0.000116542
67.55  46.55  4.73865e-05
67.55  47.05  1.28649e-05
67.55  47.55  1.57501e-05
67.55  48.05  1.98032e-05
67.55  48.55  1.43275e-05
67.55  49.05  4.2955e-06
67.55  49.55  4.23936e-06
67.55  50.05  3.51071e-06
67.55  50.55  1.95337e-06
67.55  51.05  1.84299e-06
67.55  51.55  1.72219e-06
67.55  52.05  6.2359e-06
70.05  37.55  0.00147052
70.05  38.05  0.00062838
70.05  38.55  0.00116694
70.05  39.05  0.00133507
70.05  39.55  0.000803346
70.05  40.05  0.00198716
70.05  40.55  0.00446094
70.05  41.05  0.00839891
70.05  41.55  0.0048938
70.05  42.05  0.00521881
70.05  42.55  0.00528591
70.05  43.05  0.00329142
70.05  43.55  0.000598279
70.05  44.05  0.000717915
70.05  44.55  0.000599899
70.05  45.05  0.000277718
70.05  45.55  0.000157811
70.05  46.05  0.00012288
70.05  46.55  5.71798e-05
70.05  47.05  1.46402e-05
70.05  47.55  1.52207e-05
70.05  48.05  1.77032e-05
70.05  48.55  1.39846e-05
70.05  49.05  5.19159e-06
70.05  49.55  5.14304e-06
70.05  50.05  3.69236e-06
70.05  50.55  2.06333e-06
70.05  51.05  1.70574e-06
70.05  51.55  1.56054e-06
70.05  52.05  3.67181e-06
72.55  37.55  0.00266385
72.55  38.05  0.00109285
72.55  38.55  0.0027517
72.55  39.05  0.00317109
72.55  39.55  0.00252011
72.55  40.05  0.00593908
72.55  40.55  0.0100097
72.55  41.05  0.0102119
72.55  41.55  0.00660233
72.55  42.05  0.00969815
72.55  42.55  0.00901357
72.55  43.05  0.00413444
72.55  43.55  0.000511988
72.55  44.05  0.000692225
72.55  44.55  0.000495198
72.55  45.05  0.000305485
72.55  45.55  0.000221024
72.55  46.05  0.000160674
72.55  46.55  7.09504e-05
72.55  47.05  1.99323e-05
72.55  47.55  1.6399e-05
72.55  48.05  2.2334e-05
72.55  48.55  1.76924e-05
72.55  49.05  7.602e-06
72.55  49.55  6.58244e-06
72.55  50.05  6.48127e-06
72.55  50.55  2.81813e-06
72.55  51.05  1.895e-06
72.55  51.55  1.70952e-06
72.55  52.05  3.96889e-06
75.05  37.55  0.00118872
75.05  38.05  0.000964585
75.05  38.55  0.00375798
75.05  39.05  0.00464371
75.05  39.55  0.00311667
75.05  40.05  0.00947755
75.05  40.55  0.0240572
75.05  41.05  0.0195214
75.05  41.55  0.0103931
75.05  42.05  0.0130694
75.05  42.55  0.00948737
75.05  43.05  0.00383897
75.05  43.55  0.000955753
75.05  44.05  0.000681844
75.05  44.55  0.000376718
75.05  45.05  0.000261299
75.05  45.55  0.000263036
75.05  46.05  0.000221666
75.05  46.55  9.8649e-05
75.05  47.05  2.19519e-05
75.05  47.55  1.7532e-05
75.05  48.05  2.29567e-05
75.05  48.55  1.39593e-05
75.05  49.05  5.18048e-06
75.05  49.55  5.66334e-06
75.05  50.05  6.88114e-06
75.05  50.55  2.1229e-06
75.05  51.05  1.68298e-06
75.05  51.55  1.50269e-06
75.05  52.05  4.52091e-06
77.55  37.55  0.00655556
77.55  38.05  0.00426307
77.55  38.55  0.00717603
77.55  39.05  0.00682177
77.55  39.55  0.00508419
77.55  40.05  0.0220182
77.55  40.55  0.0475155
77.55  41.05  0.0436391
77.55  41.55  0.0168509
77.55  42.05  0.0167653
77.55  42.55  0.0112408
77.55  43.05  0.00531032
77.55  43.55  0.00145825
77.55  44.05  0.000838602
77.55  44.55  0.000438364
77.55  45.05  0.000211464
77.55  45.55  0.000241669
77.55  46.05  0.000275346
77.55  46.55  0.000137926
77.55  47.05  4.79315e-05
77.55  47.55  3.08012e-05
77.55  48.05  2.7179e-05
77.55  48.55  1.54977e-05
77.55  49.05  5.89526e-06
77.55  49.55  7.72639e-06
77.55  50.05  6.52878e-06
77.55  50.55  2.70958e-06
77.55  51.05  2.52463e-06
77.55  51.55  2.20671e-06
77.55  52.05  6.86806e-06
80.05  37.55  0.0162632
80.05  38.05  0.00675361
80.05  38.55  0.0100441
80.05  39.05  0.0101146
80.05  39.55  0.00762834
80.05  40.05  0.0371286
80.05  40.55  0.0672444
80.05  41.05  0.0438031
80.05  41.55  0.0140216
80.05  42.05  0.0228713
80.05  42.55  0.0138051
80.05  43.05  0.00530929
80.05  43.55  0.00137414
80.05  44.05  0.00108118
80.05  44.55  0.000616108
80.05  45.05  0.00024653
80.05  45.55  0.000200534
80.05  46.05  0.000301639
80.05  46.55  0.000136403
80.05  47.05  5.13761e-05
80.05  47.55  2.68233e-05
80.05  48.05  1.93253e-05
80.05  48.55  1.2963e-05
80.05  49.05  5.56861e-06
80.05  49.55  7.88804e-06
80.05  50.05  4.76656e-06
80.05  50.55  2.66774e-06
80.05  51.05  2.21251e-06
80.05  51.55  1.74666e-06
80.05  52.05  5.27364e-06
82.55  37.55  0.0159743
82.55  38.05  0.00744026
82.55  38.55  0.011917
82.55  39.05  0.0154451
82.55  39.55  0.0226053
82.55  40.05  0.0778676
82.55  40.55  0.0986257
82.55  41.05  0.0650218
82.55  41.55  0.0145824
82.55  42.05  0.0228596
82.55  42.55  0.0155527
82.55  43.05  0.00456027
82.55  43.55  0.00161864
82.55  44.05  0.00174513
82.55  44.55  0.000879532
82.55  45.05  0.000303314
82.55  45.55  0.000254885
82.55  46.05  0.000279374
82.55  46.55  0.000175242
82.55  47.05  6.02183e-05
82.55  47.55  3.12296e-05
82.55  48.05  2.57744e-05
82.55  48.55  1.67777e-05
82.55  49.05  6.95222e-06
82.55  49.55  1.10256e-05
82.55  50.05  6.54632e-06
82.55  50.55  2.85909e-06
82.55  51.05  2.57612e-06
82.55  51.55  2.63169e-06
82.55  52.05  1.23279e-05
85.05  37.55  0.0204543
85.05  38.05  0.00997169
85.05  38.55  0.0164942
85.05  39.05  0.0303966
85.05  39.55  0.0299462
85.05  40.05  0.0814976
85.05  40.55  0.0706012
85.05  41.05  0.043963
85.05  41.55  0.0117541
85.05  42.05  0.0081436
85.05  42.55  0.00772147
85.05  43.05  0.00310786
85.05  43.55  0.00109723
85.05  44.05  0.00140695
85.05  44.55  0.000813695
85.05  45.05  0.000270341
85.05  45.55  0.000238894
85.05  46.05  0.000191051
85.05  46.55  0.000157929
85.05  47.05  4.6219e-05
85.05  47.55  2.94774e-05
85.05  48.05  2.84635e-05
85.05  48.55  1.67028e-05
85.05  49.05  7.71876e-06
85.05  49.55  1.05862e-05
85.05  50.05  6.12319e-06
85.05  50.55  2.42178e-06
85.05  51.05  2.1786e-06
85.05  51.55  2.69784e-06
85.05  52.05  1.00433e-05
87.55  37.55  0.0531682
87.55  38.05  0.0240749
87.55  38.55  0.0506445
87.55  39.05  0.0668342
87.55  39.55  0.0448434
87.55  40.05  0.0943323
87.55  40.55  0.0794753
87.55  41.05  0.0467722
87.55  41.55  0.0133141
87.55  42.05  0.00899977
87.55  42.55  0.00567566
87.55  43.05  0.00248581
87.55  43.55  0.00106024
87.55  44.05  0.00142213
87.55  44.55  0.000774547
87.55  45.05  0.000351471
87.55  45.55  0.000304728
87.55  46.05  0.000275469
87.55  46.55  0.000196858
87.55  47.05  5.61824e-05
87.55  47.55  4.156e-05
87.55  48.05  4.79593e-05
87.55  48.55  2.06562e-05
87.55  49.05  1.00703e-05
87.55  49.55  1.26075e-05
87.55  50.05  6.97324e-06
87.55  50.55  3.34945e-06
87.55  51.05  2.91698e-06
87.55  51.55  3.1702e-06
87.55  52.05  1.5564e-05
90.05  37.55  0.0589465
90.05  38.05  0.0238218
90.05  38.55  0.0429272
90.05  39.05  0.0462438
90.05  39.55  0.0363953
90.05  40.05  0.0644166
90.05  40.55  0.067176
90.05  41.05  0.0390607
90.05  41.55  0.00754534
90.05  42.05  0.00612389
90.05  42.55  0.00461544
90.05  43.05  0.00301296
90.05  43.55  0.00100404
90.05  44.05  0.00098811
90.05  44.55  0.000511734
90.05  45.05  0.000283452
90.05  45.55  0.000273502
90.05  46.05  0.000281794
90.05  46.55  0.000183903
90.05  47.05  5.03461e-05
90.05  47.55  4.11208e-05
90.05  48.05  4.55694e-05
90.05  48.55  1.76526e-05
90.05  49.05  8.36054e-06
90.05  49.55  1.11026e-05
90.05  50.05  5.67762e-06
90.05  50.55  3.16747e-06
90.05  51.05  2.68082e-06
90.05  51.55  2.67289e-06
90.05  52.05  1.07307e-05
92.55  37.55  0.0578325
92.55  38.05  0.0188962
92.55  38.55  0.0243235
92.55  39.05  0.0299608
92.55  39.55  0.0461226
92.55  40.05  0.085278
92.55  40.55  0.059561
92.55  41.05  0.0293036
92.55  41.55  0.00498609
92.55  42.05  0.00871448
92.55  42.55  0.00967358
92.55  43.05  0.00657236
92.55  43.55  0.0011351
92.55  44.05  0.000883475
92.55  44.55  0.000476265
92.55  45.05  0.000239229
92.55  45.55  0.000294278
92.55  46.05  0.000344326
92.55  46.55  0.000202859
92.55  47.05  6.74999e-05
92.55  47.55  6.81874e-05
92.55  48.05  6.26459e-05
92.55  48.55  2.61412e-05
92.55  49.05  1.06058e-05
92.55  49.55  1.17912e-05
92.55  50.05  8.30397e-06
92.55  50.55  4.12422e-06
92.55  51.05  3.03031e-06
92.55  51.55  3.44988e-06
92.55  52.05  1.22485e-05
95.05  37.55  0.0359415
95.05  38.05  0.0111673
95.05  38.55  0.0184373
95.05  39.05  0.0322704
95.05  39.55  0.0373647
95.05  40.05  0.0383385
95.05  40.55  0.0492739
95.05  41.05  0.0312216
95.05  41.55  0.0101079
95.05  42.05  0.0106097
95.05  42.55  0.0097118
95.05  43.05  0.00529659
95.05  43.55  0.00109038
95.05  44.05  0.000742834
95.05  44.55  0.000358862
95.05  45.05  0.000180536
95.05  45.55  0.000246493
95.05  46.05  0.00032884
95.05  46.55  0.000164492
95.05  47.05  5.26236e-05
95.05  47.55  6.88189e-05
95.05  48.05  6.65443e-05
95.05  48.55  3.31073e-05
95.05  49.05  9.18677e-06
95.05  49.55  1.0311e-05
95.05  50.05  8.0489e-06
95.05  50.55  3.26369e-06
95.05  51.05  2.78675e-06
95.05  51.55  3.4659e-06
95.05  52.05  1.07827e-05
97.55  37.55  0.0258224
97.55  38.05  0.00917366
97.55  38.55  0.0219842
97.55  39.05  0.0399582
97.55  39.55  0.0475767
97.55  40.05  0.0378818
97.55  40.55  0.0926091
97.55  41.05  0.0804004
97.55  41.55  0.0178399
97.55  42.05  0.0111352
97.55  42.55  0.00972383
97.55  43.05  0.00562194
97.55  43.55  0.001482
97.55  44.05  0.000777468
97.55  44.55  0.00033301
97.55  45.05  0.000168562
97.55  45.55  0.000264035
97.55  46.05  0.000338433
97.55  46.55  0.000210181
97.55  47.05  7.85032e-05
97.55  47.55  0.000114073
97.55  48.05  0.000101399
97.55  48.55  5.72415e-05
97.55  49.05  1.20719e-05
97.55  49.55  1.27976e-05
97.55  50.05  1.05551e-05
97.55  50.55  3.96539e-06
97.55  51.05  3.69246e-06
97.55  51.55  3.3882e-06
97.55  52.05  1.19965e-05
100.05  37.55  0.0282594
100.05  38.05  0.00837959
100.05  38.55  0.0196475
100.05  39.05  0.0264425
100.05  39.55  0.0295802
100.05  40.05  0.0558931
100.05  40.55  0.078034
100.05  41.05  0.0566344
100.05  41.55  0.015917
100.05  42.05  0.00809086
100.05  42.55  0.00572028
100.05  43.05  0.00323815
100.05  43.55  0.000704282
100.05  44.05  0.000556577
100.05  44.55  0.000348531
100.05  45.05  0.000173258
100.05  45.55  0.000310497
100.05  46.05  0.000278344
100.05  46.55  0.000205372
100.05  47.05  9.16615e-05
100.05  47.55  0.000126567
100.05  48.05  9.99401e-05
100.05  48.55  6.22017e-05
100.05  49.05  1.25e-05
100.05  49.55  9.92561e-06
100.05  50.05  8.84301e-06
100.05  50.55  3.96151e-06
100.05  51.05  3.24891e-06
100.05  51.55  1.96815e-06
100.05  52.05  3.22253e-06
102.55  37.55  0.0282474
102.55  38.05  0.0080781
102.55  38.55  0.0188648
102.55  39.05  0.0400185
102.55  39.55  0.0287769
102.55  40.05  0.0716883
102.55  40.55  0.087709
102.55  41.05  0.0537631
102.55  41.55  0.0183208
102.55  42.05  0.00861699
102.55  42.55  0.0043994
102.55  43.05  0.00266962
102.55  43.55  0.000372329
102.55  44.05  0.000357374
102.55  44.55  0.00032013
102.55  45.05  0.00021401
102.55  45.55  0.000498455
102.55  46.05  0.000435189
102.55  46.55  0.000244152
102.55  47.05  0.000121142
102.55  47.55  0.000157006
102.55  48.05  0.000140698
102.55  48.55  8.39625e-05
102.55  49.05  2.05358e-05
102.55  49.55  1.19846e-05
102.55  50.05  1.0262e-05
102.55  50.55  5.01392e-06
102.55  51.05  3.90714e-06
102.55  51.55  3.14244e-06
102.55  52.05  1.15008e-05
105.05  37.55  0.00824897
105.05  38.05  0.00648317
105.05  38.55  0.0222115
105.05  39.05  0.0490668
105.05  39.55  0.0254907
105.05  40.05  0.0408107
105.05  40.55  0.0527555
105.05  41.05  0.0330817
105.05  41.55  0.012519
105.05  42.05  0.00686891
105.05  42.55  0.00248975
105.05  43.05  0.00180921
105.05  43.55  0.000319582
105.05  44.05  0.00027871
105.05  44.55  0.000246839
105.05  45.05  0.00020322
105.05  45.55  0.000354654
105.05  46.05  0.000353872
105.05  46.55  0.000217461
105.05  47.05  0.000104023
105.05  47.55  0.000156517
105.05  48.05  0.000153294
105.05  48.55  7.43921e-05
105.05  49.05  1.84015e-05
105.05  49.55  9.88986e-06
105.05  50.05  8.27423e-06
105.05  50.55  3.84279e-06
105.05  51.05  3.04252e-06
105.05  51.55  3.29319e-06
105.05  52.05  1.08058e-05
107.55  37.55  0.0113586
107.55  38.05  0.0121109
107.55  38.55  0.0366723
107.55  39.05  0.0514757
107.55  39.55  0.0258144
107.55  40.05  0.0287976
107.55  40.55  0.0411258
107.55  41.05  0.0319783
107.55  41.55  0.00908104
107.55  42.05  0.00543062
107.55  42.55  0.00218705
107.55  43.05  0.00138488
107.55  43.55  0.0003796
107.55  44.05  0.00041666
107.55  44.55  0.000416838
107.55  45.05  0.000328819
107.55  45.55  0.000321354
107.55  46.05  0.000385396
107.55  46.55  0.000255921
107.55  47.05  0.000129822
107.55  47.55  0.000190456
107.55  48.05  0.000184272
107.55  48.55  0.000105817
107.55  49.05  2.60361e-05
107.55  49.55  1.26623e-05
107.55  50.05  1.09853e-05
107.55  50.55  4.40284e-06
107.55  51.05  3.348e-06
107.55  51.55  3.43025e-06
107.55  52.05  1.18193e-05
110.05  37.55  0.0104047
110.05  38.05  0.0106853
110.05  38.55  0.0338119
110.05  39.05  0.0392171
110.05  39.55  0.0181167
110.05  40.05  0.0215815
110.05  40.55  0.0274328
110.05  41.05  0.0169551
110.05  41.55  0.00477335
110.05  42.05  0.00332629
110.05  42.55  0.00167755
110.05  43.05  0.0010086
110.05  43.55  0.000298531
110.05  44.05  0.000434857
110.05  44.55  0.000407297
110.05  45.05  0.000210039
110.05  45.55  0.000264655
110.05  46.05  0.000347934
110.05  46.55  0.00023969
110.05  47.05  0.000122339
110.05  47.55  0.000176091
110.05  48.05  0.000184734
110.05  48.55  0.000140639
110.05  49.05  2.84655e-05
110.05  49.55  1.26925e-05
110.05  50.05  1.09355e-05
110.05  50.55  4.14706e-06
110.05  51.05  3.22023e-06
110.05  51.55  2.88597e-06
110.05  52.05  1.09862e-05
112.55  37.55  0.00897796
112.55  38.05  0.00924219
112.55  38.55  0.0274613
112.55  39.05  0.0233162
112.55  39.55  0.0161991
112.55  40.05  0.0167153
112.55  40.55  0.0191319
112.55  41.05  0.0104731
112.55  41.55  0.00316105
112.55  42.05  0.00257378
112.55  42.55  0.00183189
112.55  43.05  0.000759851
112.55  43.55  0.000316375
112.55  44.05  0.000610988
112.55  44.55  0.000471937
112.55  45.05  0.000153877
112.55  45.55  0.000269733
112.55  46.05  0.000378099
112.55  46.55  0.000311337
112.55  47.05  0.00014424
112.55  47.55  0.000253132
112.55  48.05  0.000321087
112.55  48.55  0.000254687
112.55  49.05  4.28884e-05
112.55  49.55  1.96346e-05
112.55  50.05  1.25621e-05
112.55  50.55  5.44644e-06
112.55  51.05  4.17429e-06
112.55  51.55  4.17063e-06
112.55  52.05  1.6733e-05
115.05  37.55  0.00412218
115.05  38.05  0.00324483
115.05  38.55  0.0132521
115.05  39.05  0.0136633
115.05  39.55  0.0107595
115.05  40.05  0.0116816
115.05  40.55  0.0100847
115.05  41.05  0.00402496
115.05  41.55  0.00110807
115.05  42.05  0.00106108
115.05  42.55  0.000915189
115.05  43.05  0.00031922
115.05  43.55  0.000323092
115.05  44.05  0.000570095
115.05  44.55  0.000378812
115.05  45.05  0.000138259
115.05  45.55  0.000208264
115.05  46.05  0.000247133
115.05  46.55  0.000259862
115.05  47.05  0.000144301
115.05  47.55  0.000192488
115.05  48.05  0.000349592
115.05  48.55  0.000408537
115.05  49.05  5.12228e-05
115.05  49.55  2.18722e-05
115.05  50.05  1.03701e-05
115.05  50.55  4.76779e-06
115.05  51.05  3.69277e-06
115.05  51.55  3.66551e-06
115.05  52.05  1.20599e-05
117.55  37.55  0.0020186
117.55  38.05  0.00115614
117.55  38.55  0.00812475
117.55  39.05  0.0114263
117.55  39.55  0.00590236
117.55  40.05  0.00759175
117.55  40.55  0.00626213
117.55  41.05  0.00223275
117.55  41.55  0.00054891
117.55  42.05  0.000569343
117.55  42.55  0.000621649
117.55  43.05  0.000271358
117.55  43.55  0.000452945
117.55  44.05  0.000622759
117.55  44.55  0.000439703
117.55  45.05  0.000230884
117.55  45.55  0.000261761
117.55  46.05  0.000243259
117.55  46.55  0.000262256
117.55  47.05  0.000214011
117.55  47.55  0.000171439
117.55  48.05  0.000395373
117.55  48.55  0.000532677
117.55  49.05  5.60951e-05
117.55  49.55  2.71674e-05
117.55  50.05  1.32521e-05
117.55  50.55  6.01869e-06
117.55  51.05  4.85219e-06
117.55  51.55  4.4292e-06
117.55  52.05  9.00081e-06
120.05  37.55  0.00102463
120.05  38.05  0.000196177
120.05  38.55  0.00840094
120.05  39.05  0.00887014
120.05  39.55  0.00214775
120.05  40.05  0.00310408
120.05  40.55  0.0031213
120.05  41.05  0.00203352
120.05  41.55  0.000213869
120.05  42.05  0.000212
120.05  42.55  0.000655644
120.05  43.05  0.000398411
120.05  43.55  0.000763266
120.05  44.05  0.000949855
120.05  44.55  0.000797449
120.05  45.05  0.000515286
120.05  45.55  0.000471627
120.05  46.05  0.000468244
120.05  46.55  0.000305233
120.05  47.05  0.000399744
120.05  47.55  0.000262642
120.05  48.05  0.00065464
120.05  48.55  0.000990822
120.05  49.05  0.000100093
120.05  49.55  5.09719e-05
120.05  50.05  2.6569e-05
120.05  50.55  9.56409e-06
120.05  51.05  9.32945e-06
120.05  51.55  7.1513e-06
120.05  52.05  1.71061e-05
122.55  38.55  0.00983446
122.55  39.05  0.0495005
122.55  40.05  0.00800345
122.55  42.55  0.00059355
122.55  43.05  0.00114839
122.55  43.55  0.00298982
122.55  44.05  0.00121176
122.55  44.55  0.000331496
122.55  45.05  0.000587678
122.55  45.55  0.00114755
122.55  46.05  0.000763018
122.55  46.55  0.000357318
122.55  47.05  0.00233803
122.55  47.55  0.000851425
122.55  48.05  0.00314988
122.55  48.55  0.00416743
122.55  49.05  7.46818e-05
122.55  49.55  0.000117983
122.55  50.05  4.32086e-05
122.55  50.55  3.15912e-05
122.55  51.05  8.39614e-06
122.55  51.55  8.00362e-06
125.05  48.55  1
