-42.45  47.55  3.46963e-06
-39.95  38.05  3.57862e-09
-39.95  38.55  2.14296e-08
-39.95  39.05  3.07882e-08
-39.95  39.55  3.60359e-08
-39.95  40.05  1.09222e-07
-39.95  40.55  1.37904e-07
-39.95  41.05  1.28142e-07
-39.95  41.55  7.22897e-09
-39.95  42.05  8.89814e-08
-39.95  42.55  1.45008e-07
-39.95  43.55  2.0609e-08
-39.95  44.05  3.48388e-08
-39.95  44.55  6.661e-08
-39.95  45.05  5.1597e-08
-39.95  46.05  1.40095e-07
-39.95  46.55  4.94707e-07
-39.95  47.05  2.41864e-07
-39.95  47.55  1.66803e-07
-39.95  48.05  3.82334e-08
-39.95  48.55  1.70941e-08
-39.95  49.05  2.32552e-09
-39.95  50.05  2.78254e-09
-39.95  50.55  7.48837e-09
-39.95  51.05  7.43737e-09
-39.95  51.55  2.36027e-09
-37.45  37.55  2.30541e-08
-37.45  38.05  2.72106e-08
-37.45  38.55  8.50696e-08
-37.45  39.05  1.0847e-07
-37.45  39.55  1.04208e-07
-37.45  40.05  3.68168e-07
-37.45  40.55  6.11347e-07
-37.45  41.05  3.56393e-07
-37.45  41.55  9.10573e-08
-37.45  42.05  4.1618e-07
-37.45  42.55  5.44413e-07
-37.45  43.05  4.0259e-07
-37.45  43.55  5.84402e-07
-37.45  44.05  4.67938e-07
-37.45  44.55  2.39081e-07
-37.45  45.05  3.10567e-07
-37.45  45.55  6.16354e-07
-37.45  46.05  1.21542e-06
-37.45  46.55  1.35316e-06
-37.45  47.05  1.29245e-06
-37.45  47.55  6.69348e-07
-37.45  48.05  2.57643e-07
-37.45  48.55  1.5133e-07
-37.45  49.05  5.79709e-08
-37.45  49.55  5.32431e-08
-37.45  50.05  6.00441e-08
-37.45  50.55  3.66045e-08
-37.45  51.05  2.36914e-08
-37.45  51.55  2.42188e-08
-37.45  52.05  9.05031e-08
-34.95  37.55  4.55011e-07
-34.95  38.05  5.19914e-07
-34.95  38.55  1.49178e-06
-34.95  39.05  1.51333e-06
-34.95  39.55  1.46379e-06
-34.95  40.05  4.83873e-06
-34.95  40.55  6.56751e-06
-34.95  41.05  4.23185e-06
-34.95  41.55  2.95729e-06
-34.95  42.05  6.3759e-06
-34.95  42.55  9.59004e-06
-34.95  43.05  1.0636e-05
-34.95  43.55  1.11878e-05
-34.95  44.05  1.60679e-05
-34.95  44.55  9.22998e-06
-34.95  45.05  7.25118e-06
-34.95  45.55  1.47406e-05
-34.95  46.05  3.30007e-05
-34.95  46.55  2.61364e-05
-34.95  47.05  1.0224e-05
-34.95  47.55  1.01443e-05
-34.95  48.05  5.9529e-06
-34.95  48.55  3.96838e-06
-34.95  49.05  1.11231e-06
-34.95  49.55  1.33692e-06
-34.95  50.05  1.28857e-06
-34.95  50.55  5.03566e-07
-34.95  51.05  3.91142e-07
-34.95  51.55  3.47223e-07
-34.95  52.05  1.40715e-06
-32.45  37.55  4.94969e-07
-32.45  38.05  4.41362e-07
-32.45  38.55  9.65172e-07
-32.45  39.05  7.88528e-07
-32.45  39.55  1.08689e-06
-32.45  40.05  4.12334e-06
-32.45  40.55  4.33732e-06
-32.45  41.05  2.82239e-06
-32.45  41.55  4.11732e-06
-32.45  42.05  7.27015e-06
-32.45  42.55  5.89178e-06
-32.45  43.05  5.107e-06
-32.45  43.55  6.00772e-06
-32.45  44.05  1.38829e-05
-32.45  44.55  1.52411e-05
-32.45  45.05  1.07536e-05
-32.45  45.55  1.0498e-05
-32.45  46.05  2.47841e-05
-32.45  46.55  2.43826e-05
-32.45  47.05  6.55266e-06
-32.45  47.55  9.28637e-06
-32.45  48.05  6.08575e-06
-32.45  48.55  3.57887e-06
-32.45  49.05  7.40307e-07
-32.45  49.55  1.05716e-06
-32.45  50.05  8.82966e-07
-32.45  50.55  3.54457e-07
-32.45  51.05  3.08747e-07
-32.45  51.55  3.02105e-07
-32.45  52.05  1.41471e-06
-29.95  37.55  2.73362e-07
-29.95  38.05  2.75566e-07
-29.95  38.55  9.03491e-07
-29.95  39.05  9.52371e-07
-29.95  39.55  8.64492e-07
-29.95  40.05  2.94374e-06
-29.95  40.55  3.8284e-06
-29.95  41.05  3.05542e-06
-29.95  41.55  3.75103e-06
-29.95  42.05  6.76636e-06
-29.95  42.55  5.33875e-06
-29.95  43.05  5.57988e-06
-29.95  43.55  4.07905e-06
-29.95  44.05  6.44744e-06
-29.95  44.55  1.35693e-05
-29.95  45.05  9.13465e-06
-29.95  45.55  1.29138e-05
-29.95  46.05  2.41228e-05
-29.95  46.55  1.65929e-05
-29.95  47.05  1.01086e-05
-29.95  47.55  1.16196e-05
-29.95  48.05  9.83849e-06
-29.95  48.55  4.26942e-06
-29.95  49.05  1.06079e-06
-29.95  49.55  1.0447e-06
-29.95  50.05  7.33051e-07
-29.95  50.55  2.93793e-07
-29.95  51.05  2.50678e-07
-29.95  51.55  2.70072e-07
-29.95  52.05  9.75797e-07
-27.45  37.55  2.49261e-07
-27.45  38.05  2.17402e-07
-27.45  38.55  1.39691e-06
-27.45  39.05  1.9525e-06
-27.45  39.55  8.84151e-07
-27.45  40.05  1.74723e-06
-27.45  40.55  3.84528e-06
-27.45  41.05  4.26289e-06
-27.45  41.55  5.08041e-06
-27.45  42.05  1.12232e-05
-27.45  42.55  9.01558e-06
-27.45  43.05  8.16426e-06
-27.45  43.55  3.35034e-06
-27.45  44.05  6.07221e-06
-27.45  44.55  1.16223e-05
-27.45  45.05  8.47758e-06
-27.45  45.55  1.74285e-05
-27.45  46.05  2.35061e-05
-27.45  46.55  1.27777e-05
-27.45  47.05  1.52576e-05
-27.45  47.55  1.68226e-05
-27.45  48.05  1.90352e-05
-27.45  48.55  1.02823e-05
-27.45  49.05  2.63197e-06
-27.45  49.55  1.45621e-06
-27.45  50.05  9.20347e-07
-27.45  50.55  3.9138e-07
-27.45  51.05  2.95055e-07
-27.45  51.55  3.35114e-07
-27.45  52.05  1.15171e-06
-24.95  37.55  6.05047e-07
-24.95  38.05  4.5943e-07
-24.95  38.55  1.67961e-06
-24.95  39.05  1.78502e-06
-24.95  39.55  6.55923e-07
-24.95  40.05  1.1928e-06
-24.95  40.55  3.1099e-06
-24.95  41.05  2.73641e-06
-24.95  41.55  4.75944e-06
-24.95  42.05  1.40617e-05
-24.95  42.55  1.22241e-05
-24.95  43.05  1.06328e-05
-24.95  43.55  3.54885e-06
-24.95  44.05  9.29285e-06
-24.95  44.55  1.60253e-05
-24.95  45.05  9.20476e-06
-24.95  45.55  1.83821e-05
-24.95  46.05  1.70683e-05
-24.95  46.55  1.05367e-05
-24.95  47.05  1.04572e-05
-24.95  47.55  1.64341e-05
-24.95  48.05  2.70419e-05
-24.95  48.55  1.70167e-05
-24.95  49.05  3.14645e-06
-24.95  49.55  2.71027e-06
-24.95  50.05  1.53308e-06
-24.95  50.55  4.07755e-07
-24.95  51.05  2.61962e-07
-24.95  51.55  3.3268e-07
-24.95  52.05  1.4664e-06
-22.45  37.55  2.9204e-06
-22.45  38.05  1.57252e-06
-22.45  38.55  3.05456e-06
-22.45  39.05  2.02246e-06
-22.45  39.55  9.19419e-07
-22.45  40.05  2.36412e-06
-22.45  40.55  4.1806e-06
-22.45  41.05  2.7082e-06
-22.45  41.55  5.55427e-06
-22.45  42.05  1.58373e-05
-22.45  42.55  1.4169e-05
-22.45  43.05  1.74163e-05
-22.45  43.55  1.68856e-05
-22.45  44.05  2.56562e-05
-22.45  44.55  2.76238e-05
-22.45  45.05  1.26666e-05
-22.45  45.55  2.90575e-05
-22.45  46.05  2.771e-05
-22.45  46.55  1.7104e-05
-22.45  47.05  1.3557e-05
-22.45  47.55  2.07413e-05
-22.45  48.05  3.3351e-05
-22.45  48.55  1.80967e-05
-22.45  49.05  4.73192e-06
-22.45  49.55  6.15285e-06
-22.45  50.05  3.07731e-06
-22.45  50.55  6.04967e-07
-22.45  51.05  3.0171e-07
-22.45  51.55  3.56294e-07
-22.45  52.05  1.27121e-06
-22.45  52.55  0.00150881
-19.95  37.55  8.35739e-06
-19.95  38.05  2.45293e-06
-19.95  38.55  3.91721e-06
-19.95  39.05  2.33674e-06
-19.95  39.55  1.36777e-06
-19.95  40.05  2.96076e-06
-19.95  40.55  4.08143e-06
-19.95  41.05  3.45318e-06
-19.95  41.55  4.44498e-06
-19.95  42.05  1.34715e-05
-19.95  42.55  1.16036e-05
-19.95  43.05  1.32944e-05
-19.95  43.55  2.84158e-05
-19.95  44.05  3.82761e-05
-19.95  44.55  2.99077e-05
-19.95  45.05  1.51487e-05
-19.95  45.55  2.37391e-05
-19.95  46.05  2.7884e-05
-19.95  46.55  1.53657e-05
-19.95  47.05  1.17704e-05
-19.95  47.55  1.73352e-05
-19.95  48.05  2.74905e-05
-19.95  48.55  1.39366e-05
-19.95  49.05  3.61943e-06
-19.95  49.55  4.91669e-06
-19.95  50.05  3.03441e-06
-19.95  50.55  6.11929e-07
-19.95  51.05  2.03913e-07
-19.95  51.55  2.3285e-07
-19.95  52.05  8.36062e-07
-17.45  37.55  1.15446e-05
-17.45  38.05  3.4935e-06
-17.45  38.55  6.26244e-06
-17.45  39.05  4.72619e-06
-17.45  39.55  1.74999e-06
-17.45  40.05  4.62076e-06
-17.45  40.55  6.89597e-06
-17.45  41.05  5.60304e-06
-17.45  41.55  4.58061e-06
-17.45  42.05  1.52044e-05
-17.45  42.55  1.38824e-05
-17.45  43.05  1.36383e-05
-17.45  43.55  3.29362e-05
-17.45  44.05  3.96247e-05
-17.45  44.55  3.91899e-05
-17.45  45.05  2.3768e-05
-17.45  45.55  3.38181e-05
-17.45  46.05  3.17763e-05
-17.45  46.55  2.00483e-05
-17.45  47.05  1.24421e-05
-17.45  47.55  2.18778e-05
-17.45  48.05  3.56488e-05
-17.45  48.55  1.69029e-05
-17.45  49.05  2.97077e-06
-17.45  49.55  3.49625e-06
-17.45  50.05  2.66465e-06
-17.45  50.55  8.17647e-07
-17.45  51.05  2.47196e-07
-17.45  51.55  2.41978e-07
-17.45  52.05  8.37639e-07
-14.95  37.55  1.10247e-05
-14.95  38.05  3.3639e-06
-14.95  38.55  5.41823e-06
-14.95  39.05  6.75553e-06
-14.95  39.55  2.08367e-06
-14.95  40.05  6.43675e-06
-14.95  40.55  9.37502e-06
-14.95  41.05  8.50874e-06
-14.95  41.55  6.59359e-06
-14.95  42.05  1.44266e-05
-14.95  42.55  1.28898e-05
-14.95  43.05  1.18463e-05
-14.95  43.55  1.1683e-05
-14.95  44.05  2.52528e-05
-14.95  44.55  4.94241e-05
-14.95  45.05  3.03918e-05
-14.95  45.55  5.08741e-05
-14.95  46.05  3.26565e-05
-14.95  46.55  2.86498e-05
-14.95  47.05  2.613e-05
-14.95  47.55  2.29244e-05
-14.95  48.05  2.18721e-05
-14.95  48.55  9.90423e-06
-14.95  49.05  2.72803e-06
-14.95  49.55  2.52959e-06
-14.95  50.05  1.92276e-06
-14.95  50.55  7.35027e-07
-14.95  51.05  2.22202e-07
-14.95  51.55  2.06983e-07
-14.95  52.05  6.55965e-07
-12.45  37.55  1.12582e-05
-12.45  38.05  4.64945e-06
-12.45  38.55  8.84897e-06
-12.45  39.05  9.90381e-06
-12.45  39.55  6.37962e-06
-12.45  40.05  1.50498e-05
-12.45  40.55  1.50212e-05
-12.45  41.05  1.01068e-05
-12.45  41.55  1.4264e-05
-12.45  42.05  1.9274e-05
-12.45  42.55  1.72659e-05
-12.45  43.05  1.61309e-05
-12.45  43.55  1.04394e-05
-12.45  44.05  2.90088e-05
-12.45  44.55  5.93132e-05
-12.45  45.05  4.31379e-05
-12.45  45.55  8.88535e-05
-12.45  46.05  4.50236e-05
-12.45  46.55  3.81758e-05
-12.45  47.05  4.3143e-05
-12.45  47.55  2.97789e-05
-12.45  48.05  1.61681e-05
-12.45  48.55  1.01172e-05
-12.45  49.05  3.99309e-06
-12.45  49.55  2.84178e-06
-12.45  50.05  2.6281e-06
-12.45  50.55  8.69151e-07
-12.45  51.05  2.66826e-07
-12.45  51.55  2.60539e-07
-12.45  52.05  7.31764e-07
-9.95  37.55  2.81791e-06
-9.95  38.05  3.53781e-06
-9.95  38.55  1.44505e-05
-9.95  39.05  1.02123e-05
-9.95  39.55  8.29776e-06
-9.95  40.05  2.33053e-05
-9.95  40.55  2.38885e-05
-9.95  41.05  1.47693e-05
-9.95  41.55  1.50742e-05
-9.95  42.05  1.78989e-05
-9.95  42.55  1.78777e-05
-9.95  43.05  1.76577e-05
-9.95  43.55  1.62588e-05
-9.95  44.05  3.71397e-05
-9.95  44.55  5.0841e-05
-9.95  45.05  4.03338e-05
-9.95  45.55  5.51123e-05
-9.95  46.05  3.07136e-05
-9.95  46.55  2.29358e-05
-9.95  47.05  1.02867e-05
-9.95  47.55  2.02024e-05
-9.95  48.05  1.32588e-05
-9.95  48.55  1.05914e-05
-9.95  49.05  3.9862e-06
-9.95  49.55  2.49631e-06
-9.95  50.05  2.6091e-06
-9.95  50.55  6.86069e-07
-9.95  51.05  2.56225e-07
-9.95  51.55  2.93172e-07
-9.95  52.05  9.37756e-07
-7.45  37.55  7.64541e-06
-7.45  38.05  4.92406e-06
-7.45  38.55  1.92477e-05
-7.45  39.05  1.55366e-05
-7.45  39.55  1.00512e-05
-7.45  40.05  2.54683e-05
-7.45  40.55  3.79747e-05
-7.45  41.05  2.49304e-05
-7.45  41.55  1.85281e-05
-7.45  42.05  2.3445e-05
-7.45  42.55  2.48877e-05
-7.45  43.05  2.76185e-05
-7.45  43.55  2.62584e-05
-7.45  44.05  5.47118e-05
-7.45  44.55  6.62407e-05
-7.45  45.05  5.25308e-05
-7.45  45.55  5.78038e-05
-7.45  46.05  5.37342e-05
-7.45  46.55  3.83837e-05
-7.45  47.05  1.2855e-05
-7.45  47.55  3.26425e-05
-7.45  48.05  2.17091e-05
-7.45  48.55  1.3559e-05
-7.45  49.05  6.4137e-06
-7.45  49.55  3.48093e-06
-7.45  50.05  2.57968e-06
-7.45  50.55  8.22799e-07
-7.45  51.05  3.34391e-07
-7.45  51.55  3.68373e-07
-7.45  52.05  1.16209e-06
-4.95  37.55  1.07725e-05
-4.95  38.05  4.70849e-06
-4.95  38.55  1.03397e-05
-4.95  39.05  1.46106e-05
-4.95  39.55  1.39728e-05
-4.95  40.05  2.15962e-05
-4.95  40.55  3.36364e-05
-4.95  41.05  2.10773e-05
-4.95  41.55  1.63696e-05
-4.95  42.05  3.43605e-05
-4.95  42.55  3.41038e-05
-4.95  43.05  3.57169e-05
-4.95  43.55  2.80342e-05
-4.95  44.05  3.64878e-05
-4.95  44.55  4.54512e-05
-4.95  45.05  3.82442e-05
-4.95  45.55  6.20313e-05
-4.95  46.05  5.75607e-05
-4.95  46.55  4.01579e-05
-4.95  47.05  2.03097e-05
-4.95  47.55  3.02091e-05
-4.95  48.05  2.65375e-05
-4.95  48.55  1.2467e-05
-4.95  49.05  4.02526e-06
-4.95  49.55  2.74411e-06
-4.95  50.05  1.77407e-06
-4.95  50.55  6.42313e-07
-4.95  51.05  2.83352e-07
-4.95  51.55  2.79242e-07
-4.95  52.05  1.01559e-06
-2.45  37.55  8.54596e-06
-2.45  38.05  5.1609e-06
-2.45  38.55  1.18221e-05
-2.45  39.05  1.81387e-05
-2.45  39.55  2.18799e-05
-2.45  40.05  2.09775e-05
-2.45  40.55  3.76336e-05
-2.45  41.05  3.17419e-05
-2.45  41.55  3.31186e-05
-2.45  42.05  8.26827e-05
-2.45  42.55  7.66451e-05
-2.45  43.05  5.57429e-05
-2.45  43.55  3.93346e-05
-2.45  44.05  2.99498e-05
-2.45  44.55  3.07268e-05
-2.45  45.05  4.57996e-05
-2.45  45.55  8.81077e-05
-2.45  46.05  8.10597e-05
-2.45  46.55  5.26528e-05
-2.45  47.05  3.41088e-05
-2.45  47.55  4.07544e-05
-2.45  48.05  3.11876e-05
-2.45  48.55  1.71336e-05
-2.45  49.05  5.04035e-06
-2.45  49.55  3.04693e-06
-2.45  50.05  1.97241e-06
-2.45  50.55  6.86736e-07
-2.45  51.05  3.12855e-07
-2.45  51.55  2.52862e-07
-2.45  52.05  9.18828e-07
0.05  37.55  4.68141e-06
0.05  38.05  4.7575e-06
0.05  38.55  1.39882e-05
0.05  39.05  1.96128e-05
0.05  39.55  1.94405e-05
0.05  40.05  2.11863e-05
0.05  40.55  2.69026e-05
0.05  41.05  2.22263e-05
0.05  41.55  4.0903e-05
0.05  42.05  7.57296e-05
0.05  42.55  6.91845e-05
0.05  43.05  4.33289e-05
0.05  43.55  3.70809e-05
0.05  44.05  4.43047e-05
0.05  44.55  4.9647e-05
0.05  45.05  6.22631e-05
0.05  45.55  0.000131091
0.05  46.05  0.000127374
0.05  46.55  7.83587e-05
0.05  47.05  5.44953e-05
0.05  47.55  4.74608e-05
0.05  48.05  2.67094e-05
0.05  48.55  1.89394e-05
0.05  49.05  5.26154e-06
0.05  49.55  5.07911e-06
0.05  50.05  3.92833e-06
0.05  50.55  1.00644e-06
0.05  51.05  4.08106e-07
0.05  51.55  1.88703e-07
0.05  52.05  9.76234e-08
2.55  37.55  8.3553e-06
2.55  38.05  4.76838e-06
2.55  38.55  1.52339e-05
2.55  39.05  1.62399e-05
2.55  39.55  1.45222e-05
2.55  40.05  2.83505e-05
2.55  40.55  1.92869e-05
2.55  41.05  9.6872e-06
2.55  41.55  6.62672e-05
2.55  42.05  9.55879e-05
2.55  42.55  7.33194e-05
2.55  43.05  4.94714e-05
2.55  43.55  7.52356e-05
2.55  44.05  0.000164628
2.55  44.55  0.000187188
2.55  45.05  0.000101423
2.55  45.55  0.000166452
2.55  46.05  0.00016747
2.55  46.55  0.000102603
2.55  47.05  9.07287e-05
2.55  47.55  0.000100815
2.55  48.05  4.45695e-05
2.55  48.55  2.11968e-05
2.55  49.05  7.32719e-06
2.55  49.55  1.22664e-05
2.55  50.05  8.73595e-06
2.55  50.55  1.98426e-06
2.55  51.05  8.72087e-07
2.55  51.55  5.92933e-07
2.55  52.05  1.47067e-06
5.05  37.55  1.19388e-05
5.05  38.05  4.57837e-06
5.05  38.55  1.19482e-05
5.05  39.05  8.33261e-06
5.05  39.55  4.21957e-06
5.05  40.05  1.73496e-05
5.05  40.55  1.31882e-05
5.05  41.05  5.27592e-06
5.05  41.55  3.94415e-05
5.05  42.05  7.70916e-05
5.05  42.55  6.35628e-05
5.05  43.05  4.61694e-05
5.05  43.55  6.10612e-05
5.05  44.05  0.000210728
5.05  44.55  0.000293893
5.05  45.05  0.000125382
5.05  45.55  0.000211956
5.05  46.05  0.000186185
5.05  46.55  0.000106996
5.05  47.05  5.78892e-05
5.05  47.55  0.000116175
5.05  48.05  7.22377e-05
5.05  48.55  2.43249e-05
5.05  49.05  8.76016e-06
5.05  49.55  1.33451e-05
5.05  50.05  7.81307e-06
5.05  50.55  2.04032e-06
5.05  51.05  9.72358e-07
5.05  51.55  9.9872e-07
5.05  52.05  4.38685e-06
7.55  37.55  1.4871e-05
7.55  38.05  5.08414e-06
7.55  38.55  1.15794e-05
7.55  39.05  9.41483e-06
7.55  39.55  3.09503e-06
7.55  40.05  1.72704e-05
7.55  40.55  3.48962e-05
7.55  41.05  2.93845e-05
7.55  41.55  4.67595e-05
7.55  42.05  0.000146709
7.55  42.55  9.94961e-05
7.55  43.05  5.11228e-05
7.55  43.55  5.13525e-05
7.55  44.05  0.000278682
7.55  44.55  0.000474937
7.55  45.05  0.00016144
7.55  45.55  0.000302289
7.55  46.05  0.000322904
7.55  46.55  0.000147942
7.55  47.05  6.16831e-05
7.55  47.55  0.000109783
7.55  48.05  0.00011361
7.55  48.55  4.67806e-05
7.55  49.05  1.61481e-05
7.55  49.55  1.94621e-05
7.55  50.05  8.98477e-06
7.55  50.55  2.15835e-06
7.55  51.05  1.28894e-06
7.55  51.55  1.047e-06
7.55  52.05  3.54194e-06
10.05  37.55  9.266e-06
10.05  38.05  3.04324e-06
10.05  38.55  6.87967e-06
10.05  39.05  8.02941e-06
10.05  39.55  4.39585e-06
10.05  40.05  1.4245e-05
10.05  40.55  4.09898e-05
10.05  41.05  3.92793e-05
10.05  41.55  5.09891e-05
10.05  42.05  0.000171505
10.05  42.55  0.000115021
10.05  43.05  6.57381e-05
10.05  43.55  5.24401e-05
10.05  44.05  0.000119522
10.05  44.55  0.000210848
10.05  45.05  0.000115965
10.05  45.55  0.000166632
10.05  46.05  0.000292049
10.05  46.55  0.000173118
10.05  47.05  9.9978e-05
10.05  47.55  0.000118257
10.05  48.05  0.000118462
10.05  48.55  5.96449e-05
10.05  49.05  1.93125e-05
10.05  49.55  2.31108e-05
10.05  50.05  9.49653e-06
10.05  50.55  2.05467e-06
10.05  51.05  7.28518e-07
10.05  51.55  4.76717e-07
10.05  52.05  7.37901e-07
12.55  37.55  4.79508e-06
12.55  38.05  1.51104e-06
12.55  38.55  4.92416e-06
12.55  39.05  6.96418e-06
12.55  39.55  4.93993e-06
12.55  40.05  1.1724e-05
12.55  40.55  3.01933e-05
12.55  41.05  2.755e-05
12.55  41.55  5.67251e-05
12.55  42.05  0.000172546
12.55  42.55  0.000145398
12.55  43.05  0.000127291
12.55  43.55  6.25808e-05
12.55  44.05  0.000102414
12.55  44.55  0.000128034
12.55  45.05  0.000107892
12.55  45.55  0.000156477
12.55  46.05  0.000278164
12.55  46.55  0.000224863
12.55  47.05  0.000163736
12.55  47.55  0.000196949
12.55  48.05  0.000157393
12.55  48.55  8.90758e-05
12.55  49.05  2.72837e-05
12.55  49.55  2.89697e-05
12.55  50.05  1.18793e-05
12.55  50.55  2.97989e-06
12.55  51.05  8.69674e-07
12.55  51.55  5.81481e-07
12.55  52.05  2.11953e-06
15.05  37.55  2.85418e-06
15.05  38.05  1.54865e-06
15.05  38.55  5.03034e-06
15.05  39.05  6.05339e-06
15.05  39.55  3.78931e-06
15.05  40.05  8.17239e-06
15.05  40.55  1.74523e-05
15.05  41.05  1.64194e-05
15.05  41.55  2.23958e-05
15.05  42.05  9.84948e-05
15.05  42.55  0.000119467
15.05  43.05  0.000143863
15.05  43.55  6.14811e-05
15.05  44.05  9.28975e-05
15.05  44.55  9.58404e-05
15.05  45.05  6.9165e-05
15.05  45.55  0.000101447
15.05  46.05  0.000174379
15.05  46.55  0.000161181
15.05  47.05  9.11592e-05
15.05  47.55  0.000156364
15.05  48.05  0.00014306
15.05  48.55  9.01661e-05
15.05  49.05  2.51441e-05
15.05  49.55  2.09452e-05
15.05  50.05  8.60815e-06
15.05  50.55  3.31833e-06
15.05  51.05  8.4292e-07
15.05  51.55  6.51753e-07
15.05  52.05  1.7005e-06
17.55  37.55  1.06519e-05
17.55  38.05  3.83334e-06
17.55  38.55  6.73974e-06
17.55  39.05  9.64435e-06
17.55  39.55  4.78728e-06
17.55  40.05  6.42083e-06
17.55  40.55  1.22496e-05
17.55  41.05  1.55178e-05
17.55  41.55  3.20726e-05
17.55  42.05  0.000142443
17.55  42.55  0.000153654
17.55  43.05  0.000186587
17.55  43.55  6.85125e-05
17.55  44.05  0.000107044
17.55  44.55  0.000130645
17.55  45.05  6.9184e-05
17.55  45.55  0.000111916
17.55  46.05  0.000176625
17.55  46.55  0.000125743
17.55  47.05  5.87596e-05
17.55  47.55  0.000127167
17.55  48.05  0.000174963
17.55  48.55  0.000104649
17.55  49.05  2.52811e-05
17.55  49.55  1.82378e-05
17.55  50.05  9.15594e-06
17.55  50.55  4.37612e-06
17.55  51.05  1.2389e-06
17.55  51.55  8.5082e-07
17.55  52.05  1.73083e-06
20.05  37.55  1.29931e-05
20.05  38.05  2.79243e-06
20.05  38.55  3.45958e-06
20.05  39.05  8.45789e-06
20.05  39.55  3.48942e-06
20.05  40.05  6.056e-06
20.05  40.55  1.35667e-05
20.05  41.05  1.68835e-05
20.05  41.55  2.62962e-05
20.05  42.05  0.00013573
20.05  42.55  0.000205688
20.05  43.05  0.000171646
20.05  43.55  6.6539e-05
20.05  44.05  0.000117975
20.05  44.55  0.000148032
20.05  45.05  5.29602e-05
20.05  45.55  0.000143962
20.05  46.05  0.000166745
20.05  46.55  8.94004e-05
20.05  47.05  5.60636e-05
20.05  47.55  9.0408e-05
20.05  48.05  0.000157493
20.05  48.55  7.84543e-05
20.05  49.05  1.59718e-05
20.05  49.55  1.74732e-05
20.05  50.05  9.85837e-06
20.05  50.55  4.28942e-06
20.05  51.05  1.59207e-06
20.05  51.55  1.05284e-06
20.05  52.05  1.54295e-06
22.55  37.55  9.12055e-06
22.55  38.05  2.72056e-06
22.55  38.55  2.30021e-06
22.55  39.05  5.49748e-06
22.55  39.55  4.66888e-06
22.55  40.05  9.45647e-06
22.55  40.55  1.91176e-05
22.55  41.05  1.92176e-05
22.55  41.55  3.82946e-05
22.55  42.05  0.000176756
22.55  42.55  0.000374373
22.55  43.05  0.000205475
22.55  43.55  6.77879e-05
22.55  44.05  0.000125325
22.55  44.55  0.000139661
22.55  45.05  5.83017e-05
22.55  45.55  0.00013099
22.55  46.05  0.000159704
22.55  46.55  7.87536e-05
22.55  47.05  7.50133e-05
22.55  47.55  9.66476e-05
22.55  48.05  0.000119224
22.55  48.55  5.58095e-05
22.55  49.05  1.28389e-05
22.55  49.55  2.50698e-05
22.55  50.05  1.0914e-05
22.55  50.55  5.24064e-06
22.55  51.05  2.6459e-06
22.55  51.55  2.30238e-06
22.55  52.05  4.54446e-06
25.05  37.55  7.84555e-06
25.05  38.05  2.89824e-06
25.05  38.55  3.84895e-06
25.05  39.05  4.49586e-06
25.05  39.55  3.7557e-06
25.05  40.05  8.16817e-06
25.05  40.55  1.97323e-05
25.05  41.05  1.95309e-05
25.05  41.55  4.50176e-05
25.05  42.05  7.94235e-05
25.05  42.55  0.000185607
25.05  43.05  0.000173944
25.05  43.55  7.33809e-05
25.05  44.05  9.55844e-05
25.05  44.55  7.62346e-05
25.05  45.05  3.66165e-05
25.05  45.55  3.32172e-05
25.05  46.05  6.08457e-05
25.05  46.55  5.49551e-05
25.05  47.05  4.43885e-05
25.05  47.55  7.40302e-05
25.05  48.05  8.43609e-05
25.05  48.55  4.30823e-05
25.05  49.05  1.78661e-05
25.05  49.55  1.59916e-05
25.05  50.05  6.35488e-06
25.05  50.55  4.62414e-06
25.05  51.05  3.04917e-06
25.05  51.55  3.4345e-06
25.05  52.05  1.16561e-05
27.55  37.55  1.16055e-05
27.55  38.05  4.71055e-06
27.55  38.55  7.76519e-06
27.55  39.05  7.62003e-06
27.55  39.55  5.22682e-06
27.55  40.05  8.02667e-06
27.55  40.55  2.15579e-05
27.55  41.05  4.4183e-05
27.55  41.55  7.06907e-05
27.55  42.05  8.57292e-05
27.55  42.55  0.000173986
27.55  43.05  0.000214814
27.55  43.55  0.000137707
27.55  44.05  0.000144229
27.55  44.55  0.000107335
27.55  45.05  3.16327e-05
27.55  45.55  3.78955e-05
27.55  46.05  5.12627e-05
27.55  46.55  5.01113e-05
27.55  47.05  4.63931e-05
27.55  47.55  7.05137e-05
27.55  48.05  7.49933e-05
27.55  48.55  5.09842e-05
27.55  49.05  2.25825e-05
27.55  49.55  1.50246e-05
27.55  50.05  6.62982e-06
27.55  50.55  6.53482e-06
27.55  51.05  4.58657e-06
27.55  51.55  4.00757e-06
27.55  52.05  1.15045e-05
30.05  37.55  1.5743e-05
30.05  38.05  6.78846e-06
30.05  38.55  7.44827e-06
30.05  39.05  7.35133e-06
30.05  39.55  4.31295e-06
30.05  40.05  4.33263e-06
30.05  40.55  9.76372e-06
30.05  41.05  4.85369e-05
30.05  41.55  0.000103485
30.05  42.05  0.000123483
30.05  42.55  0.000186268
30.05  43.05  0.000180816
30.05  43.55  0.000109937
30.05  44.05  0.000115385
30.05  44.55  0.000100056
30.05  45.05  3.38017e-05
30.05  45.55  5.6125e-05
30.05  46.05  6.24798e-05
30.05  46.55  3.94343e-05
30.05  47.05  3.10787e-05
30.05  47.55  5.26795e-05
30.05  48.05  4.94229e-05
30.05  48.55  4.19779e-05
30.05  49.05  1.85159e-05
30.05  49.55  1.8025e-05
30.05  50.05  6.99865e-06
30.05  50.55  4.27529e-06
30.05  51.05  2.82012e-06
30.05  51.55  1.78229e-06
30.05  52.05  2.70298e-06
32.55  37.55  4.50265e-05
32.55  38.05  1.82809e-05
32.55  38.55  2.91734e-05
32.55  39.05  2.70063e-05
32.55  39.55  3.85399e-06
32.55  40.05  2.6315e-05
32.55  40.55  7.1341e-05
32.55  41.05  7.15635e-05
32.55  41.55  0.000153949
32.55  42.05  0.000244438
32.55  42.55  0.000267373
32.55  43.05  0.000270469
32.55  43.55  0.00012456
32.55  44.05  0.000102083
32.55  44.55  0.000100579
32.55  45.05  4.2339e-05
32.55  45.55  8.03986e-05
32.55  46.05  7.51388e-05
32.55  46.55  4.41731e-05
32.55  47.05  3.18823e-05
32.55  47.55  7.17552e-05
32.55  48.05  5.92099e-05
32.55  48.55  4.10395e-05
32.55  49.05  2.3496e-05
32.55  49.55  2.73205e-05
32.55  50.05  1.24283e-05
32.55  50.55  3.9289e-06
32.55  51.05  2.13122e-06
32.55  51.55  1.74819e-06
32.55  52.05  3.20764e-06
35.05  37.55  5.39736e-05
35.05  38.05  1.95655e-05
35.05  38.55  3.7901e-05
35.05  39.05  3.00813e-05
35.05  39.55  1.42571e-05
35.05  40.05  0.000140313
35.05  40.55  0.000327148
35.05  41.05  0.000172332
35.05  41.55  0.000157726
35.05  42.05  0.000429641
35.05  42.55  0.000373627
35.05  43.05  0.000270166
35.05  43.55  7.49703e-05
35.05  44.05  8.03839e-05
35.05  44.55  8.36798e-05
35.05  45.05  4.81739e-05
35.05  45.55  0.000113817
35.05  46.05  8.75634e-05
35.05  46.55  7.27055e-05
35.05  47.05  3.675e-05
35.05  47.55  6.4314e-05
35.05  48.05  5.73738e-05
35.05  48.55  4.28503e-05
35.05  49.05  2.19851e-05
35.05  49.55  2.23498e-05
35.05  50.05  1.34827e-05
35.05  50.55  3.81782e-06
35.05  51.05  2.15502e-06
35.05  51.55  2.20858e-06
35.05  52.05  7.5655e-06
37.55  37.55  4.31344e-05
37.55  38.05  1.74548e-05
37.55  38.55  4.81861e-05
37.55  39.05  5.07624e-05
37.55  39.55  6.04859e-05
37.55  40.05  0.000158166
37.55  40.55  0.000349537
37.55  41.05  0.000391089
37.55  41.55  0.000179766
37.55  42.05  0.000692835
37.55  42.55  0.000588658
37.55  43.05  0.000265692
37.55  43.55  7.46543e-05
37.55  44.05  9.01847e-05
37.55  44.55  9.39204e-05
37.55  45.05  0.000105088
37.55  45.55  0.000191458
37.55  46.05  0.000224459
37.55  46.55  0.000167445
37.55  47.05  4.59972e-05
37.55  47.55  6.81725e-05
37.55  48.05  7.44469e-05
37.55  48.55  5.97753e-05
37.55  49.05  2.83819e-05
37.55  49.55  2.42116e-05
37.55  50.05  1.46509e-05
37.55  50.55  4.65101e-06
37.55  51.05  3.36522e-06
37.55  51.55  3.19327e-06
37.55  52.05  8.45176e-06
40.05  37.55  3.81275e-05
40.05  38.05  1.67734e-05
40.05  38.55  3.80205e-05
40.05  39.05  4.67652e-05
40.05  39.55  7.31678e-05
40.05  40.05  0.00024579
40.05  40.55  0.000380277
40.05  41.05  0.000496911
40.05  41.55  0.000295144
40.05  42.05  0.00037068
40.05  42.55  0.000370211
40.05  43.05  0.00022314
40.05  43.55  8.72816e-05
40.05  44.05  0.000176296
40.05  44.55  0.000134119
40.05  45.05  0.000103911
40.05  45.55  0.000171753
40.05  46.05  0.000228399
40.05  46.55  0.000125264
40.05  47.05  5.16279e-05
40.05  47.55  6.52178e-05
40.05  48.05  6.57548e-05
40.05  48.55  4.16777e-05
40.05  49.05  1.84583e-05
40.05  49.55  1.98735e-05
40.05  50.05  1.40487e-05
40.05  50.55  5.82898e-06
40.05  51.05  4.89866e-06
40.05  51.55  4.09301e-06
40.05  52.05  1.04303e-05
42.55  37.55  4.89466e-05
42.55  38.05  2.04399e-05
42.55  38.55  3.14533e-05
42.55  39.05  3.7865e-05
42.55  39.55  0.000112449
42.55  40.05  0.000567601
42.55  40.55  0.000765173
42.55  41.05  0.000719919
42.55  41.55  0.00051796
42.55  42.05  0.000353156
42.55  42.55  0.000542356
42.55  43.05  0.000313799
42.55  43.55  0.000120935
42.55  44.05  0.000384312
42.55  44.55  0.000289163
42.55  45.05  0.00016665
42.55  45.55  0.000241734
42.55  46.05  0.000237083
42.55  46.55  0.000159888
42.55  47.05  7.54041e-05
42.55  47.55  8.63849e-05
42.55  48.05  8.85577e-05
42.55  48.55  4.55298e-05
42.55  49.05  1.82569e-05
42.55  49.55  2.41473e-05
42.55  50.05  1.97711e-05
42.55  50.55  9.71839e-06
42.55  51.05  8.14859e-06
42.55  51.55  8.52612e-06
42.55  52.05  2.35725e-05
45.05  37.55  3.31041e-05
45.05  38.05  1.46319e-05
45.05  38.55  2.78034e-05
45.05  39.05  3.66269e-05
45.05  39.55  0.000107878
45.05  40.05  0.000405979
45.05  40.55  0.00047437
45.05  41.05  0.000676711
45.05  41.55  0.000739175
45.05  42.05  0.00116701
45.05  42.55  0.00128492
45.05  43.05  0.000400908
45.05  43.55  0.000212098
45.05  44.05  0.000650837
45.05  44.55  0.000573105
45.05  45.05  0.000261709
45.05  45.55  0.000211473
45.05  46.05  0.000235268
45.05  46.55  0.000158523
45.05  47.05  7.08269e-05
45.05  47.55  8.06196e-05
45.05  48.05  9.67883e-05
45.05  48.55  4.30299e-05
45.05  49.05  2.08378e-05
45.05  49.55  2.42171e-05
45.05  50.05  2.03551e-05
45.05  50.55  9.06114e-06
45.05  51.05  8.49359e-06
45.05  51.55  1.1078e-05
45.05  52.05  3.99302e-05
47.55  37.55  2.69667e-05
47.55  38.05  1.22341e-05
47.55  38.55  6.73114e-05
47.55  39.05  0.000148351
47.55  39.55  0.000152119
47.55  40.05  0.000574106
47.55  40.55  0.000996922
47.55  41.05  0.000667235
47.55  41.55  0.00183117
47.55  42.05  0.0032384
47.55  42.55  0.00215014
47.55  43.05  0.000766488
47.55  43.55  0.000708326
47.55  44.05  0.00128569
47.55  44.55  0.000869475
47.55  45.05  0.000397042
47.55  45.55  0.00018519
47.55  46.05  0.000321057
47.55  46.55  0.000164714
47.55  47.05  9.19796e-05
47.55  47.55  0.000128835
47.55  48.05  9.50497e-05
47.55  48.55  4.2068e-05
47.55  49.05  3.47607e-05
47.55  49.55  4.24258e-05
47.55  50.05  2.60823e-05
47.55  50.55  1.11852e-05
47.55  51.05  1.04223e-05
47.55  51.55  1.27566e-05
47.55  52.05  3.70086e-05
50.05  37.55  8.66425e-06
50.05  38.05  1.29058e-05
50.05  38.55  6.58786e-05
50.05  39.05  0.000250081
50.05  39.55  0.000308612
50.05  40.05  0.000586952
50.05  40.55  0.00161728
50.05  41.05  0.000864508
50.05  41.55  0.00169767
50.05  42.05  0.00393454
50.05  42.55  0.00263335
50.05  43.05  0.00272064
50.05  43.55  0.00173853
50.05  44.05  0.00147212
50.05  44.55  0.000677385
50.05  45.05  0.000342666
50.05  45.55  0.000332333
50.05  46.05  0.000540425
50.05  46.55  0.000161464
50.05  47.05  8.91981e-05
50.05  47.55  0.000126619
50.05  48.05  8.32467e-05
50.05  48.55  5.79729e-05
50.05  49.05  3.54009e-05
50.05  49.55  4.46043e-05
50.05  50.05  2.20785e-05
50.05  50.55  9.17793e-06
50.05  51.05  8.58368e-06
50.05  51.55  9.39086e-06
50.05  52.05  2.95072e-05
52.55  37.55  3.25955e-05
52.55  38.05  5.52775e-05
52.55  38.55  0.000196604
52.55  39.05  0.000377828
52.55  39.55  0.000738478
52.55  40.05  0.00113741
52.55  40.55  0.00163497
52.55  41.05  0.00152683
52.55  41.55  0.00222892
52.55  42.05  0.00447873
52.55  42.55  0.00379014
52.55  43.05  0.00562917
52.55  43.55  0.00339468
52.55  44.05  0.00201351
52.55  44.55  0.000871958
52.55  45.05  0.000484623
52.55  45.55  0.000662106
52.55  46.05  0.00085431
52.55  46.55  0.000277576
52.55  47.05  0.000108176
52.55  47.55  0.000160371
52.55  48.05  0.000150725
52.55  48.55  0.000134561
52.55  49.05  4.46592e-05
52.55  49.55  5.17559e-05
52.55  50.05  3.05775e-05
52.55  50.55  1.20752e-05
52.55  51.05  1.0178e-05
52.55  51.55  8.79535e-06
52.55  52.05  2.13295e-05
55.05  37.55  0.000143968
55.05  38.05  0.000198707
55.05  38.55  0.000795577
55.05  39.05  0.000512567
55.05  39.55  0.000805982
55.05  40.05  0.0019367
55.05  40.55  0.00159381
55.05  41.05  0.00367673
55.05  41.55  0.00603283
55.05  42.05  0.00601712
55.05  42.55  0.00551483
55.05  43.05  0.00707513
55.05  43.55  0.00415899
55.05  44.05  0.002964
55.05  44.55  0.00117905
55.05  45.05  0.000938374
55.05  45.55  0.00101675
55.05  46.05  0.000993175
55.05  46.55  0.000502967
55.05  47.05  0.000151383
55.05  47.55  0.000137814
55.05  48.05  0.000139729
55.05  48.55  0.000102661
55.05  49.05  2.86063e-05
55.05  49.55  4.23091e-05
55.05  50.05  3.10436e-05
55.05  50.55  1.48319e-05
55.05  51.05  9.56468e-06
55.05  51.55  6.71014e-06
55.05  52.05  8.71361e-06
57.55  37.55  0.000338021
57.55  38.05  0.000363031
57.55  38.55  0.00179157
57.55  39.05  0.00110979
57.55  39.55  0.000714571
57.55  40.05  0.00245462
57.55  40.55  0.00380158
57.55  41.05  0.00732768
57.55  41.55  0.0142881
57.55  42.05  0.0246572
57.55  42.55  0.0142213
57.55  43.05  0.0117968
57.55  43.55  0.00688223
57.55  44.05  0.0059887
57.55  44.55  0.00332879
57.55  45.05  0.00182127
57.55  45.55  0.00147605
57.55  46.05  0.00155505
57.55  46.55  0.000877316
57.55  47.05  0.000269054
57.55  47.55  0.000184926
57.55  48.05  0.000162243
57.55  48.55  0.000120744
57.55  49.05  3.86539e-05
57.55  49.55  6.13327e-05
57.55  50.05  4.90753e-05
57.55  50.55  2.11004e-05
57.55  51.05  1.27122e-05
57.55  51.55  1.09649e-05
57.55  52.05  2.66012e-05
60.05  37.55  0.000814364
60.05  38.05  0.000642628
60.05  38.55  0.00256477
60.05  39.05  0.00191611
60.05  39.55  0.00103163
60.05  40.05  0.00262776
60.05  40.55  0.00652425
60.05  41.05  0.00721134
60.05  41.55  0.0146781
60.05  42.05  0.0310562
60.05  42.55  0.0207602
60.05  43.05  0.0148372
60.05  43.55  0.00498062
60.05  44.05  0.00604358
60.05  44.55  0.00518509
60.05  45.05  0.001511
60.05  45.55  0.001324
60.05  46.05  0.00143349
60.05  46.55  0.000805314
60.05  47.05  0.000281318
60.05  47.55  0.000185523
60.05  48.05  0.000146253
60.05  48.55  9.94658e-05
60.05  49.05  4.91945e-05
60.05  49.55  6.22554e-05
60.05  50.05  4.96592e-05
60.05  50.55  1.90566e-05
60.05  51.05  1.13104e-05
60.05  51.55  1.23788e-05
60.05  52.05  6.29545e-05
62.55  37.55  0.0036795
62.55  38.05  0.00227323
62.55  38.55  0.00410524
62.55  39.05  0.00354011
62.55  39.55  0.00178193
62.55  40.05  0.00420879
62.55  40.55  0.00857045
62.55  41.05  0.0102047
62.55  41.55  0.0184326
62.55  42.05  0.0405885
62.55  42.55  0.0359442
62.55  43.05  0.0204316
62.55  43.55  0.00594034
62.55  44.05  0.00713103
62.55  44.55  0.0050019
62.55  45.05  0.00106965
62.55  45.55  0.00177007
62.55  46.05  0.00205479
62.55  46.55  0.000982377
62.55  47.05  0.000343081
62.55  47.55  0.000208308
62.55  48.05  0.000219346
62.55  48.55  0.000160305
62.55  49.05  7.1307e-05
62.55  49.55  7.91404e-05
62.55  50.05  5.84853e-05
62.55  50.55  2.55439e-05
62.55  51.05  1.72754e-05
62.55  51.55  1.63777e-05
62.55  52.05  6.18881e-05
65.05  37.55  0.00712799
65.05  38.05  0.00249172
65.05  38.55  0.00348078
65.05  39.05  0.00457773
65.05  39.55  0.00223376
65.05  40.05  0.00621387
65.05  40.55  0.0108173
65.05  41.05  0.0148511
65.05  41.55  0.0202912
65.05  42.05  0.0259392
65.05  42.55  0.0341231
65.05  43.05  0.0244842
65.05  43.55  0.008523
65.05  44.05  0.0139073
65.05  44.55  0.00970863
65.05  45.05  0.00303169
65.05  45.55  0.00212304
65.05  46.05  0.00173203
65.05  46.55  0.000808179
65.05  47.05  0.000270434
65.05  47.55  0.000221736
65.05  48.05  0.000269074
65.05  48.55  0.000192547
65.05  49.05  6.51537e-05
65.05  49.55  6.35232e-05
65.05  50.05  4.90034e-05
65.05  50.55  2.39875e-05
65.05  51.05  1.53174e-05
65.05  51.55  1.26626e-05
65.05  52.05  3.8385e-05
67.55  37.55  0.0124472
67.55  38.05  0.00389366
67.55  38.55  0.00395431
67.55  39.05  0.00631326
67.55  39.55  0.00595861
67.55  40.05  0.0077119
67.55  40.55  0.0180857
67.55  41.05  0.0281644
67.55  41.55  0.0406179
67.55  42.05  0.0433806
67.55  42.55  0.051497
67.55  43.05  0.0392324
67.55  43.55  0.010935
67.55  44.05  0.0247016
67.55  44.55  0.0234068
67.55  45.05  0.00894176
67.55  45.55  0.00267186
67.55  46.05  0.00255988
67.55  46.55  0.0011596
67.55  47.05  0.000315288
67.55  47.55  0.00033821
67.55  48.05  0.000391082
67.55  48.55  0.000265688
67.55  49.05  8.71683e-05
67.55  49.55  9.34368e-05
67.55  50.05  5.6664e-05
67.55  50.55  2.8052e-05
67.55  51.05  1.72125e-05
67.55  51.55  1.74862e-05
67.55  52.05  6.19659e-05
70.05  37.55  0.0124302
70.05  38.05  0.0052064
70.05  38.55  0.00838674
70.05  39.05  0.0123584
70.05  39.55  0.00816755
70.05  40.05  0.0148172
70.05  40.55  0.0235135
70.05  41.05  0.0206849
70.05  41.55  0.0241847
70.05  42.05  0.040957
70.05  42.55  0.0555295
70.05  43.05  0.0439607
70.05  43.55  0.0122997
70.05  44.05  0.0138808
70.05  44.55  0.0148556
70.05  45.05  0.00819847
70.05  45.55  0.00289338
70.05  46.05  0.0032061
70.05  46.55  0.00144253
70.05  47.05  0.000421623
70.05  47.55  0.000375643
70.05  48.05  0.000393152
70.05  48.55  0.000250481
70.05  49.05  8.53483e-05
70.05  49.55  0.000100482
70.05  50.05  4.81137e-05
70.05  50.55  2.21558e-05
70.05  51.05  1.48715e-05
70.05  51.55  1.66266e-05
70.05  52.05  5.10962e-05
72.55  37.55  0.0180043
72.55  38.05  0.00894404
72.55  38.55  0.0279531
72.55  39.05  0.0371392
72.55  39.55  0.0244314
72.55  40.05  0.0349172
72.55  40.55  0.0390285
72.55  41.05  0.0200493
72.55  41.55  0.0282759
72.55  42.05  0.0842969
72.55  42.55  0.0813475
72.55  43.05  0.0516489
72.55  43.55  0.0166334
72.55  44.05  0.00984095
72.55  44.55  0.0113062
72.55  45.05  0.00726513
72.55  45.55  0.00500981
72.55  46.05  0.00445389
72.55  46.55  0.00225725
72.55  47.05  0.000654529
72.55  47.55  0.000542779
72.55  48.05  0.00053353
72.55  48.55  0.000236466
72.55  49.05  0.000105539
72.55  49.55  0.00012212
72.55  50.05  8.61346e-05
72.55  50.55  2.85529e-05
72.55  51.05  1.81273e-05
72.55  51.55  1.77422e-05
72.55  52.05  6.75357e-05
75.05  37.55  0.0195474
75.05  38.05  0.0139252
75.05  38.55  0.0467891
75.05  39.05  0.0488421
75.05  39.55  0.0297333
75.05  40.05  0.0497279
75.05  40.55  0.0748264
75.05  41.05  0.0625137
75.05  41.55  0.0560636
75.05  42.05  0.120077
75.05  42.55  0.0710896
75.05  43.05  0.038743
75.05  43.55  0.0116242
75.05  44.05  0.00858305
75.05  44.55  0.00762604
75.05  45.05  0.00327901
75.05  45.55  0.0044192
75.05  46.05  0.00389633
75.05  46.55  0.00230886
75.05  47.05  0.000657737
75.05  47.55  0.000427316
75.05  48.05  0.000496354
75.05  48.55  0.000173507
75.05  49.05  8.56735e-05
75.05  49.55  9.51978e-05
75.05  50.05  9.72357e-05
75.05  50.55  2.51153e-05
75.05  51.05  1.78615e-05
75.05  51.55  1.59198e-05
75.05  52.05  5.00879e-05
77.55  37.55  0.089672
77.55  38.05  0.0529553
77.55  38.55  0.0800539
77.55  39.05  0.0661583
77.55  39.55  0.0349174
77.55  40.05  0.0734314
77.55  40.55  0.133873
77.55  41.05  0.132539
77.55  41.55  0.109105
77.55  42.05  0.230786
77.55  42.55  0.0880671
77.55  43.05  0.0338714
77.55  43.55  0.0111524
77.55  44.05  0.0110769
77.55  44.55  0.00609953
77.55  45.05  0.0028734
77.55  45.55  0.00406538
77.55  46.05  0.00504477
77.55  46.55  0.00342577
77.55  47.05  0.00105993
77.55  47.55  0.000549264
77.55  48.05  0.000480299
77.55  48.55  0.000244234
77.55  49.05  0.000107654
77.55  49.55  0.000122257
77.55  50.05  9.01107e-05
77.55  50.55  3.20331e-05
77.55  51.05  2.69113e-05
77.55  51.55  2.76476e-05
77.55  52.05  0.000100999
80.05  37.55  0.161173
80.05  38.05  0.0689104
80.05  38.55  0.10689
80.05  39.05  0.0983029
80.05  39.55  0.0521526
80.05  40.05  0.103463
80.05  40.55  0.19031
80.05  41.05  0.162328
80.05  41.55  0.10194
80.05  42.05  0.190415
80.05  42.55  0.0828186
80.05  43.05  0.032984
80.05  43.55  0.0126101
80.05  44.05  0.0159247
80.05  44.55  0.00561927
80.05  45.05  0.00321581
80.05  45.55  0.0033141
80.05  46.05  0.00510579
80.05  46.55  0.00383796
80.05  47.05  0.000817895
80.05  47.55  0.000522061
80.05  48.05  0.000323048
80.05  48.55  0.000267727
80.05  49.05  0.000104741
80.05  49.55  0.000108298
80.05  50.05  6.49712e-05
80.05  50.55  3.2963e-05
80.05  51.05  2.77645e-05
80.05  51.55  2.89495e-05
80.05  52.05  0.000123418
82.55  37.55  0.267883
82.55  38.05  0.104182
82.55  38.55  0.144445
82.55  39.05  0.127043
82.55  39.55  0.137648
82.55  40.05  0.200265
82.55  40.55  0.265568
82.55  41.05  0.192799
82.55  41.55  0.073715
82.55  42.05  0.135285
82.55  42.55  0.107986
82.55  43.05  0.0437749
82.55  43.55  0.0168607
82.55  44.05  0.01821
82.55  44.55  0.00932907
82.55  45.05  0.00441837
82.55  45.55  0.00414792
82.55  46.05  0.00550315
82.55  46.55  0.00409743
82.55  47.05  0.000945189
82.55  47.55  0.000661256
82.55  48.05  0.000488666
82.55  48.55  0.000329691
82.55  49.05  0.000123099
82.55  49.55  0.000152488
82.55  50.05  9.41693e-05
82.55  50.55  4.03218e-05
82.55  51.05  3.39451e-05
82.55  51.55  4.12236e-05
82.55  52.05  0.000169094
85.05  37.55  0.284898
85.05  38.05  0.124365
85.05  38.55  0.168396
85.05  39.05  0.187522
85.05  39.55  0.183845
85.05  40.05  0.269541
85.05  40.55  0.308526
85.05  41.05  0.166166
85.05  41.55  0.0656699
85.05  42.05  0.0512963
85.05  42.55  0.0572014
85.05  43.05  0.0324979
85.05  43.55  0.010461
85.05  44.05  0.0123824
85.05  44.55  0.00880365
85.05  45.05  0.00254727
85.05  45.55  0.00376188
85.05  46.05  0.00401491
85.05  46.55  0.00290327
85.05  47.05  0.000832748
85.05  47.55  0.000687839
85.05  48.05  0.000586024
85.05  48.55  0.000283767
85.05  49.05  0.000114727
85.05  49.55  0.000174505
85.05  50.05  9.49862e-05
85.05  50.55  3.34009e-05
85.05  51.05  2.70878e-05
85.05  51.55  3.47563e-05
85.05  52.05  0.00011824
87.55  37.55  0.57121
87.55  38.05  0.193842
87.55  38.55  0.372851
87.55  39.05  0.52331
87.55  39.55  0.23143
87.55  40.05  0.34336
87.55  40.55  0.307488
87.55  41.05  0.148152
87.55  41.55  0.0712999
87.55  42.05  0.0458916
87.55  42.55  0.0511188
87.55  43.05  0.042312
87.55  43.55  0.010051
87.55  44.05  0.010782
87.55  44.55  0.00725135
87.55  45.05  0.00231669
87.55  45.55  0.00392136
87.55  46.05  0.00548191
87.55  46.55  0.00334076
87.55  47.05  0.00105197
87.55  47.55  0.00103106
87.55  48.05  0.000913428
87.55  48.55  0.000351074
87.55  49.05  0.00015109
87.55  49.55  0.000244423
87.55  50.05  0.000121243
87.55  50.55  4.67948e-05
87.55  51.05  3.51398e-05
87.55  51.55  4.04037e-05
87.55  52.05  0.000109783
90.05  37.55  1
90.05  38.05  0.257384
90.05  38.55  0.328624
90.05  39.05  0.42531
90.05  39.55  0.170092
90.05  40.05  0.270517
90.05  40.55  0.263977
90.05  41.05  0.141391
90.05  41.55  0.0422622
90.05  42.05  0.0516884
90.05  42.55  0.0337648
90.05  43.05  0.0250831
90.05  43.55  0.00735331
90.05  44.05  0.00770113
90.05  44.55  0.00566831
90.05  45.05  0.00235252
90.05  45.55  0.00384526
90.05  46.05  0.00571383
90.05  46.55  0.00285554
90.05  47.05  0.00136794
90.05  47.55  0.00125109
90.05  48.05  0.00128053
90.05  48.55  0.000418034
90.05  49.05  0.000153171
90.05  49.55  0.000229848
90.05  50.05  0.000110601
90.05  50.55  4.61696e-05
90.05  51.05  3.84373e-05
90.05  51.55  4.46689e-05
90.05  52.05  0.000127907
92.55  37.55  0.87745
92.55  38.05  0.261916
92.55  38.55  0.372756
92.55  39.05  0.264389
92.55  39.55  0.117304
92.55  40.05  0.279336
92.55  40.55  0.242343
92.55  41.05  0.126077
92.55  41.55  0.0218699
92.55  42.05  0.0586815
92.55  42.55  0.0598868
92.55  43.05  0.0284628
92.55  43.55  0.00640086
92.55  44.05  0.00742409
92.55  44.55  0.0060801
92.55  45.05  0.00274105
92.55  45.55  0.00597972
92.55  46.05  0.00734322
92.55  46.55  0.00387022
92.55  47.05  0.00188383
92.55  47.55  0.00165741
92.55  48.05  0.00192191
92.55  48.55  0.000818704
92.55  49.05  0.000227451
92.55  49.55  0.000254068
92.55  50.05  0.000149261
92.55  50.55  6.65065e-05
92.55  51.05  5.7769e-05
92.55  51.55  6.56278e-05
92.55  52.05  0.000350405
95.05  37.55  0.505395
95.05  38.05  0.189974
95.05  38.55  0.264309
95.05  39.05  0.190121
95.05  39.55  0.116878
95.05  40.05  0.132252
95.05  40.55  0.187377
95.05  41.05  0.142155
95.05  41.55  0.0336122
95.05  42.05  0.038599
95.05  42.55  0.0589051
95.05  43.05  0.0364332
95.05  43.55  0.00676097
95.05  44.05  0.00611244
95.05  44.55  0.00469419
95.05  45.05  0.00344153
95.05  45.55  0.00617265
95.05  46.05  0.00701641
95.05  46.55  0.00328999
95.05  47.05  0.00127844
95.05  47.55  0.00148427
95.05  48.05  0.00161989
95.05  48.55  0.000956495
95.05  49.05  0.000219122
95.05  49.55  0.000208351
95.05  50.05  0.000152325
95.05  50.55  7.6142e-05
95.05  51.05  6.44972e-05
95.05  51.55  7.00413e-05
95.05  52.05  0.000370764
97.55  37.55  0.544373
97.55  38.05  0.123852
97.55  38.55  0.147319
97.55  39.05  0.194375
97.55  39.55  0.186322
97.55  40.05  0.102455
97.55  40.55  0.355974
97.55  41.05  0.288078
97.55  41.55  0.0708665
97.55  42.05  0.0536136
97.55  42.55  0.0626074
97.55  43.05  0.0350397
97.55  43.55  0.00885882
97.55  44.05  0.00848067
97.55  44.55  0.00634013
97.55  45.05  0.00510182
97.55  45.55  0.00807355
97.55  46.05  0.00724507
97.55  46.55  0.00364387
97.55  47.05  0.00171336
97.55  47.55  0.00238419
97.55  48.05  0.00177456
97.55  48.55  0.00129095
97.55  49.05  0.000310756
97.55  49.55  0.000231923
97.55  50.05  0.000200755
97.55  50.55  0.000110796
97.55  51.05  8.60492e-05
97.55  51.55  6.85536e-05
97.55  52.05  0.000169573
100.05  37.55  0.156738
100.05  38.05  0.0324515
100.05  38.55  0.0455891
100.05  39.05  0.0796494
100.05  39.55  0.0907237
100.05  40.05  0.105951
100.05  40.55  0.209294
100.05  41.05  0.122632
100.05  41.55  0.0613602
100.05  42.05  0.0470647
100.05  42.55  0.0433467
100.05  43.05  0.0185545
100.05  43.55  0.00615259
100.05  44.05  0.00950096
100.05  44.55  0.0070499
100.05  45.05  0.0048474
100.05  45.55  0.00765414
100.05  46.05  0.00576156
100.05  46.55  0.00352958
100.05  47.05  0.00206668
100.05  47.55  0.00273787
100.05  48.05  0.00169613
100.05  48.55  0.00136748
100.05  49.05  0.000312807
100.05  49.55  0.000202995
100.05  50.05  0.000194464
100.05  50.55  0.000110111
100.05  51.05  8.14749e-05
100.05  51.55  5.05603e-05
100.05  52.05  7.59475e-05
102.55  37.55  0.0540882
102.55  38.05  0.0185027
102.55  38.55  0.0217245
102.55  39.05  0.0398887
102.55  39.55  0.0516918
102.55  40.05  0.102752
102.55  40.55  0.168523
102.55  41.05  0.141096
102.55  41.55  0.0687294
102.55  42.05  0.0515264
102.55  42.55  0.0291663
102.55  43.05  0.0157353
102.55  43.55  0.00456236
102.55  44.05  0.00722076
102.55  44.55  0.00842137
102.55  45.05  0.00648692
102.55  45.55  0.00926265
102.55  46.05  0.00671099
102.55  46.55  0.00386744
102.55  47.05  0.0024961
102.55  47.55  0.00354028
102.55  48.05  0.00285865
102.55  48.55  0.00165805
102.55  49.05  0.000381526
102.55  49.55  0.000280159
102.55  50.05  0.000246254
102.55  50.55  0.000142042
102.55  51.05  0.000103713
102.55  51.55  8.7573e-05
102.55  52.05  0.000398663
105.05  37.55  0.0353427
105.05  38.05  0.0133885
105.05  38.55  0.026235
105.05  39.05  0.0481796
105.05  39.55  0.0445164
105.05  40.05  0.109264
105.05  40.55  0.185738
105.05  41.05  0.141075
105.05  41.55  0.035434
105.05  42.05  0.0272092
105.05  42.55  0.013994
105.05  43.05  0.0111021
105.05  43.55  0.00271751
105.05  44.05  0.00425295
105.05  44.55  0.00576128
105.05  45.05  0.00337985
105.05  45.55  0.00313214
105.05  46.05  0.00351172
105.05  46.55  0.0027912
105.05  47.05  0.00220863
105.05  47.55  0.00332034
105.05  48.05  0.00259172
105.05  48.55  0.00104553
105.05  49.05  0.000340644
105.05  49.55  0.000309378
105.05  50.05  0.000235268
105.05  50.55  0.000112934
105.05  51.05  8.34225e-05
105.05  51.55  9.59769e-05
105.05  52.05  0.000519981
107.55  37.55  0.0156628
107.55  38.05  0.0114049
107.55  38.55  0.0407128
107.55  39.05  0.0592212
107.55  39.55  0.0410131
107.55  40.05  0.158974
107.55  40.55  0.223655
107.55  41.05  0.123399
107.55  41.55  0.0210915
107.55  42.05  0.0205022
107.55  42.55  0.0130262
107.55  43.05  0.00820192
107.55  43.55  0.00263973
107.55  44.05  0.00500972
107.55  44.55  0.0047477
107.55  45.05  0.002638
107.55  45.55  0.00264924
107.55  46.05  0.00359318
107.55  46.55  0.00345312
107.55  47.05  0.0028703
107.55  47.55  0.00391888
107.55  48.05  0.00279298
107.55  48.55  0.00139443
107.55  49.05  0.000437429
107.55  49.55  0.000403863
107.55  50.05  0.00035006
107.55  50.55  0.000124931
107.55  51.05  8.80031e-05
107.55  51.55  9.11459e-05
107.55  52.05  0.000406455
110.05  37.55  0.00713374
110.05  38.05  0.00713974
110.05  38.55  0.032259
110.05  39.05  0.045909
110.05  39.55  0.0309451
110.05  40.05  0.0710342
110.05  40.55  0.0888267
110.05  41.05  0.0589256
110.05  41.55  0.0142359
110.05  42.05  0.0102335
110.05  42.55  0.00691462
110.05  43.05  0.00559618
110.05  43.55  0.00215295
110.05  44.05  0.00396192
110.05  44.55  0.00309906
110.05  45.05  0.00180584
110.05  45.55  0.00266109
110.05  46.05  0.00336741
110.05  46.55  0.00299014
110.05  47.05  0.00219419
110.05  47.55  0.00257076
110.05  48.05  0.00249657
110.05  48.55  0.00185015
110.05  49.05  0.000583967
110.05  49.55  0.000367252
110.05  50.05  0.000326999
110.05  50.55  0.000120616
110.05  51.05  8.33381e-05
110.05  51.55  7.07412e-05
110.05  52.05  0.000309761
112.55  37.55  0.00447422
112.55  38.05  0.00569329
112.55  38.55  0.024226
112.55  39.05  0.02579
112.55  39.55  0.0209652
112.55  40.05  0.028696
112.55  40.55  0.0558988
112.55  41.05  0.0366864
112.55  41.55  0.0107839
112.55  42.05  0.00668635
112.55  42.55  0.00607921
112.55  43.05  0.00390051
112.55  43.55  0.00217015
112.55  44.05  0.00376464
112.55  44.55  0.00308144
112.55  45.05  0.00184666
112.55  45.55  0.00328843
112.55  46.05  0.00527296
112.55  46.55  0.00303448
112.55  47.05  0.00184975
112.55  47.55  0.00279905
112.55  48.05  0.00384142
112.55  48.55  0.00363315
112.55  49.05  0.000922995
112.55  49.55  0.000543881
112.55  50.05  0.000401603
112.55  50.55  0.000130514
112.55  51.05  9.97828e-05
112.55  51.55  0.000112175
112.55  52.05  0.000380766
115.05  37.55  0.00238172
115.05  38.05  0.00285641
115.05  38.55  0.0147117
115.05  39.05  0.0178011
115.05  39.55  0.0156781
115.05  40.05  0.02328
115.05  40.55  0.0340111
115.05  41.05  0.0113696
115.05  41.55  0.00300507
115.05  42.05  0.00274705
115.05  42.55  0.00314451
115.05  43.05  0.00207899
115.05  43.55  0.00174953
115.05  44.05  0.00298149
115.05  44.55  0.00220009
115.05  45.05  0.00141875
115.05  45.55  0.00364804
115.05  46.05  0.00550292
115.05  46.55  0.00260646
115.05  47.05  0.00189171
115.05  47.55  0.00246322
115.05  48.05  0.00435761
115.05  48.55  0.00545913
115.05  49.05  0.000680168
115.05  49.55  0.00050542
115.05  50.05  0.000322376
115.05  50.55  8.96172e-05
115.05  51.05  7.77282e-05
115.05  51.55  0.000110923
115.05  52.05  0.000417914
117.55  37.55  0.00178214
117.55  38.05  0.00192664
117.55  38.55  0.0131449
117.55  39.05  0.0196437
117.55  39.55  0.0137406
117.55  40.05  0.0194626
117.55  40.55  0.021818
117.55  41.05  0.00380821
117.55  41.55  0.00104151
117.55  42.05  0.00189185
117.55  42.55  0.00264435
117.55  43.05  0.0023588
117.55  43.55  0.00252249
117.55  44.05  0.00359418
117.55  44.55  0.00234007
117.55  45.05  0.0013711
117.55  45.55  0.00492695
117.55  46.05  0.00589661
117.55  46.55  0.00314978
117.55  47.05  0.00294461
117.55  47.55  0.00241747
117.55  48.05  0.00525635
117.55  48.55  0.00651941
117.55  49.05  0.000531006
117.55  49.55  0.000535493
117.55  50.05  0.000375533
117.55  50.55  0.00011092
117.55  51.05  9.52803e-05
117.55  51.55  0.000141077
117.55  52.05  0.000635019
120.05  37.55  0.00149743
120.05  38.05  0.0015487
120.05  38.55  0.0123439
120.05  39.05  0.0153703
120.05  39.55  0.0068041
120.05  40.05  0.0130511
120.05  40.55  0.0110531
120.05  41.05  0.00301927
120.05  41.55  0.000393861
120.05  42.05  0.00196491
120.05  42.55  0.00352198
120.05  43.05  0.00377051
120.05  43.55  0.0048216
120.05  44.05  0.00626453
120.05  44.55  0.00402336
120.05  45.05  0.00181524
120.05  45.55  0.00995182
120.05  46.05  0.00902217
120.05  46.55  0.00450577
120.05  47.05  0.00660456
120.05  47.55  0.00342927
120.05  48.05  0.00869799
120.05  48.55  0.0112855
120.05  49.05  0.000634867
120.05  49.55  0.000933801
120.05  50.05  0.00056156
120.05  50.55  0.000192849
120.05  51.05  0.000162523
120.05  51.55  0.00025411
120.05  52.05  0.000402279
122.55  42.55  0.00225596
122.55  43.05  0.00952877
122.55  43.55  0.00660025
122.55  44.05  0.00231165
122.55  44.55  0.0152166
122.55  45.05  0.00207723
122.55  45.55  0.00537692
122.55  46.05  0.00764132
122.55  46.55  0.00232351
122.55  47.05  0.0185375
122.55  47.55  0.00718265
122.55  48.05  0.0177615
122.55  48.55  0.00796802
122.55  49.05  0.00369477
122.55  49.55  0.00163972
122.55  50.05  0.00130279
122.55  50.55  7.84066e-05
122.55  51.05  0.000591153
122.55  51.55  0.000188218
130.05  51.05  0
142.55  50.55  0
