-92.45  50.05  0
-44.95  50.55  2.56999e-05
-39.95  38.05  1.97754e-10
-39.95  38.55  2.54334e-09
-39.95  39.05  3.41356e-10
-39.95  39.55  8.92743e-10
-39.95  40.05  3.04302e-09
-39.95  40.55  3.47351e-09
-39.95  42.05  3.74286e-09
-39.95  42.55  1.49464e-08
-39.95  43.05  2.73986e-09
-39.95  43.55  4.32692e-09
-39.95  44.05  5.48387e-09
-39.95  44.55  7.93891e-09
-39.95  45.55  2.51681e-08
-39.95  46.05  8.02296e-08
-39.95  46.55  9.80273e-09
-39.95  47.05  1.81768e-09
-39.95  47.55  5.91073e-09
-39.95  48.05  2.65697e-09
-39.95  48.55  2.36777e-09
-39.95  49.05  4.07374e-09
-39.95  49.55  2.11962e-09
-39.95  50.05  5.45445e-10
-39.95  50.55  1.06712e-09
-39.95  51.05  1.26815e-09
-39.95  51.55  3.61145e-10
-37.45  37.55  1.63859e-09
-37.45  38.05  2.09596e-09
-37.45  38.55  7.61668e-09
-37.45  39.05  4.06659e-09
-37.45  39.55  2.68829e-09
-37.45  40.05  1.00243e-08
-37.45  40.55  8.83455e-09
-37.45  41.05  3.19558e-09
-37.45  41.55  1.82845e-09
-37.45  42.05  1.5551e-08
-37.45  42.55  2.67507e-08
-37.45  43.05  2.00919e-08
-37.45  43.55  2.0085e-08
-37.45  44.05  3.98495e-08
-37.45  44.55  5.27072e-08
-37.45  45.05  2.37517e-08
-37.45  45.55  1.79544e-07
-37.45  46.05  3.05439e-07
-37.45  46.55  1.4526e-07
-37.45  47.05  1.48902e-08
-37.45  47.55  4.17162e-08
-37.45  48.05  1.39841e-08
-37.45  48.55  3.23287e-09
-37.45  49.05  7.75282e-09
-37.45  49.55  4.94756e-09
-37.45  50.05  3.291e-09
-37.45  50.55  2.3303e-09
-37.45  51.05  2.17527e-09
-37.45  51.55  2.23456e-09
-37.45  52.05  1.03859e-08
-34.95  37.55  3.38376e-08
-34.95  38.05  2.87942e-08
-34.95  38.55  7.51274e-08
-34.95  39.05  5.59797e-08
-34.95  39.55  5.19679e-08
-34.95  40.05  1.51401e-07
-34.95  40.55  1.49596e-07
-34.95  41.05  9.48636e-08
-34.95  41.55  1.38816e-07
-34.95  42.05  5.04159e-07
-34.95  42.55  6.9964e-07
-34.95  43.05  5.55922e-07
-34.95  43.55  3.98859e-07
-34.95  44.05  7.10763e-07
-34.95  44.55  8.68316e-07
-34.95  45.05  6.02881e-07
-34.95  45.55  1.91374e-06
-34.95  46.05  3.73871e-06
-34.95  46.55  2.12857e-06
-34.95  47.05  7.16852e-07
-34.95  47.55  7.11319e-07
-34.95  48.05  5.89128e-07
-34.95  48.55  1.35965e-07
-34.95  49.05  9.66078e-08
-34.95  49.55  1.62396e-07
-34.95  50.05  1.02694e-07
-34.95  50.55  3.88351e-08
-34.95  51.05  2.96166e-08
-34.95  51.55  2.92579e-08
-34.95  52.05  1.23736e-07
-32.45  37.55  3.91159e-08
-32.45  38.05  2.33765e-08
-32.45  38.55  5.72951e-08
-32.45  39.05  4.22529e-08
-32.45  39.55  5.18841e-08
-32.45  40.05  1.35639e-07
-32.45  40.55  1.69383e-07
-32.45  41.05  1.51948e-07
-32.45  41.55  2.97586e-07
-32.45  42.05  4.91936e-07
-32.45  42.55  6.47301e-07
-32.45  43.05  7.96869e-07
-32.45  43.55  3.87897e-07
-32.45  44.05  5.43965e-07
-32.45  44.55  5.99372e-07
-32.45  45.05  3.24827e-07
-32.45  45.55  1.13283e-06
-32.45  46.05  1.85715e-06
-32.45  46.55  1.91289e-06
-32.45  47.05  1.46209e-06
-32.45  47.55  7.69142e-07
-32.45  48.05  7.45671e-07
-32.45  48.55  2.74649e-07
-32.45  49.05  9.57628e-08
-32.45  49.55  1.57071e-07
-32.45  50.05  1.07958e-07
-32.45  50.55  3.67759e-08
-32.45  51.05  2.13904e-08
-32.45  51.55  2.16174e-08
-32.45  52.05  7.44518e-08
-29.95  37.55  4.0275e-08
-29.95  38.05  2.10961e-08
-29.95  38.55  6.0703e-08
-29.95  39.05  5.3001e-08
-29.95  39.55  4.57168e-08
-29.95  40.05  1.22846e-07
-29.95  40.55  1.39314e-07
-29.95  41.05  1.44558e-07
-29.95  41.55  3.58979e-07
-29.95  42.05  8.29538e-07
-29.95  42.55  7.89844e-07
-29.95  43.05  8.54253e-07
-29.95  43.55  3.36591e-07
-29.95  44.05  5.74291e-07
-29.95  44.55  6.83528e-07
-29.95  45.05  3.96723e-07
-29.95  45.55  1.10727e-06
-29.95  46.05  1.25652e-06
-29.95  46.55  1.50203e-06
-29.95  47.05  1.05554e-06
-29.95  47.55  7.64488e-07
-29.95  48.05  4.70782e-07
-29.95  48.55  3.67728e-07
-29.95  49.05  1.1989e-07
-29.95  49.55  1.11985e-07
-29.95  50.05  1.05022e-07
-29.95  50.55  3.95635e-08
-29.95  51.05  1.93133e-08
-29.95  51.55  1.88372e-08
-29.95  52.05  5.58272e-08
-27.45  37.55  3.5206e-08
-27.45  38.05  2.13078e-08
-27.45  38.55  7.89943e-08
-27.45  39.05  8.79207e-08
-27.45  39.55  4.88867e-08
-27.45  40.05  1.03789e-07
-27.45  40.55  1.99529e-07
-27.45  41.05  2.17996e-07
-27.45  41.55  4.14524e-07
-27.45  42.05  1.38938e-06
-27.45  42.55  1.44707e-06
-27.45  43.05  1.0436e-06
-27.45  43.55  3.57308e-07
-27.45  44.05  7.50351e-07
-27.45  44.55  1.13414e-06
-27.45  45.05  1.07373e-06
-27.45  45.55  1.30512e-06
-27.45  46.05  1.08791e-06
-27.45  46.55  9.65386e-07
-27.45  47.05  9.44052e-07
-27.45  47.55  1.00795e-06
-27.45  48.05  8.11114e-07
-27.45  48.55  7.00242e-07
-27.45  49.05  1.79313e-07
-27.45  49.55  1.47932e-07
-27.45  50.05  1.38312e-07
-27.45  50.55  5.41041e-08
-27.45  51.05  2.55382e-08
-27.45  51.55  2.41656e-08
-27.45  52.05  5.65837e-08
-24.95  37.55  3.67356e-08
-24.95  38.05  3.62265e-08
-24.95  38.55  1.28753e-07
-24.95  39.05  1.12663e-07
-24.95  39.55  4.64119e-08
-24.95  40.05  1.08094e-07
-24.95  40.55  2.64394e-07
-24.95  41.05  2.20913e-07
-24.95  41.55  3.0184e-07
-24.95  42.05  9.22868e-07
-24.95  42.55  9.55999e-07
-24.95  43.05  6.53725e-07
-24.95  43.55  3.83614e-07
-24.95  44.05  8.78694e-07
-24.95  44.55  1.42547e-06
-24.95  45.05  1.0377e-06
-24.95  45.55  1.32383e-06
-24.95  46.05  1.54411e-06
-24.95  46.55  1.22527e-06
-24.95  47.05  9.5718e-07
-24.95  47.55  8.52171e-07
-24.95  48.05  8.88802e-07
-24.95  48.55  9.07435e-07
-24.95  49.05  2.96806e-07
-24.95  49.55  2.28682e-07
-24.95  50.05  1.43488e-07
-24.95  50.55  6.27663e-08
-24.95  51.05  2.97643e-08
-24.95  51.55  2.88278e-08
-24.95  52.05  7.64292e-08
-22.45  37.55  2.03537e-07
-22.45  38.05  1.07988e-07
-22.45  38.55  2.61842e-07
-22.45  39.05  1.49589e-07
-22.45  39.55  6.4335e-08
-22.45  40.05  2.52898e-07
-22.45  40.55  4.28446e-07
-22.45  41.05  2.5882e-07
-22.45  41.55  2.79468e-07
-22.45  42.05  6.26e-07
-22.45  42.55  6.8833e-07
-22.45  43.05  5.61896e-07
-22.45  43.55  4.80876e-07
-22.45  44.05  1.09749e-06
-22.45  44.55  1.61817e-06
-22.45  45.05  1.41179e-06
-22.45  45.55  1.69163e-06
-22.45  46.05  2.6459e-06
-22.45  46.55  2.64194e-06
-22.45  47.05  1.44972e-06
-22.45  47.55  9.06873e-07
-22.45  48.05  8.63842e-07
-22.45  48.55  9.44099e-07
-22.45  49.05  3.69959e-07
-22.45  49.55  3.91318e-07
-22.45  50.05  2.45793e-07
-22.45  50.55  8.36782e-08
-22.45  51.05  4.12884e-08
-22.45  51.55  4.25723e-08
-22.45  52.05  1.25701e-07
-19.95  37.55  5.69065e-07
-19.95  38.05  1.36532e-07
-19.95  38.55  2.22724e-07
-19.95  39.05  1.12782e-07
-19.95  39.55  7.13544e-08
-19.95  40.05  2.68071e-07
-19.95  40.55  3.67328e-07
-19.95  41.05  2.0461e-07
-19.95  41.55  2.45283e-07
-19.95  42.05  5.90746e-07
-19.95  42.55  6.68337e-07
-19.95  43.05  4.73397e-07
-19.95  43.55  4.81381e-07
-19.95  44.05  1.45176e-06
-19.95  44.55  1.56119e-06
-19.95  45.05  1.08553e-06
-19.95  45.55  1.64999e-06
-19.95  46.05  2.1499e-06
-19.95  46.55  1.73315e-06
-19.95  47.05  6.76924e-07
-19.95  47.55  7.41447e-07
-19.95  48.05  8.22507e-07
-19.95  48.55  7.21527e-07
-19.95  49.05  2.68461e-07
-19.95  49.55  2.80255e-07
-19.95  50.05  2.49852e-07
-19.95  50.55  8.63686e-08
-19.95  51.05  3.70795e-08
-19.95  51.55  4.272e-08
-19.95  52.05  1.64623e-07
-17.45  37.55  6.37243e-07
-17.45  38.05  1.91197e-07
-17.45  38.55  3.017e-07
-17.45  39.05  1.67653e-07
-17.45  39.55  7.36531e-08
-17.45  40.05  2.52069e-07
-17.45  40.55  4.07775e-07
-17.45  41.05  2.81082e-07
-17.45  41.55  2.88806e-07
-17.45  42.05  1.03632e-06
-17.45  42.55  1.16015e-06
-17.45  43.05  7.22777e-07
-17.45  43.55  8.91546e-07
-17.45  44.05  2.45689e-06
-17.45  44.55  2.27536e-06
-17.45  45.05  1.33912e-06
-17.45  45.55  2.05115e-06
-17.45  46.05  2.16598e-06
-17.45  46.55  1.74912e-06
-17.45  47.05  4.82077e-07
-17.45  47.55  1.0461e-06
-17.45  48.05  1.42654e-06
-17.45  48.55  9.44717e-07
-17.45  49.05  2.53967e-07
-17.45  49.55  3.39539e-07
-17.45  50.05  3.17987e-07
-17.45  50.55  1.08682e-07
-17.45  51.05  4.28363e-08
-17.45  51.55  4.59134e-08
-17.45  52.05  1.05967e-07
-14.95  37.55  4.23171e-07
-14.95  38.05  1.65854e-07
-14.95  38.55  2.75305e-07
-14.95  39.05  2.44e-07
-14.95  39.55  9.46465e-08
-14.95  40.05  2.74317e-07
-14.95  40.55  3.94594e-07
-14.95  41.05  3.03691e-07
-14.95  41.55  2.76181e-07
-14.95  42.05  7.21615e-07
-14.95  42.55  1.06884e-06
-14.95  43.05  7.97157e-07
-14.95  43.55  9.10258e-07
-14.95  44.05  2.87536e-06
-14.95  44.55  2.47264e-06
-14.95  45.05  1.53414e-06
-14.95  45.55  1.95301e-06
-14.95  46.05  1.88878e-06
-14.95  46.55  2.13001e-06
-14.95  47.05  1.26751e-06
-14.95  47.55  1.06283e-06
-14.95  48.05  1.39951e-06
-14.95  48.55  8.54843e-07
-14.95  49.05  2.49134e-07
-14.95  49.55  2.69972e-07
-14.95  50.05  2.28903e-07
-14.95  50.55  8.99209e-08
-14.95  51.05  3.85661e-08
-14.95  51.55  3.51706e-08
-14.95  52.05  7.33127e-08
-12.45  37.55  4.26747e-07
-12.45  38.05  1.55007e-07
-12.45  38.55  3.15888e-07
-12.45  39.05  4.12695e-07
-12.45  39.55  3.26962e-07
-12.45  40.05  7.87931e-07
-12.45  40.55  7.78321e-07
-12.45  41.05  3.49084e-07
-12.45  41.55  4.29956e-07
-12.45  42.05  9.83575e-07
-12.45  42.55  1.2995e-06
-12.45  43.05  1.15897e-06
-12.45  43.55  1.17195e-06
-12.45  44.05  3.7343e-06
-12.45  44.55  3.38006e-06
-12.45  45.05  2.1826e-06
-12.45  45.55  1.97419e-06
-12.45  46.05  2.52664e-06
-12.45  46.55  3.48347e-06
-12.45  47.05  3.24314e-06
-12.45  47.55  2.04565e-06
-12.45  48.05  1.74806e-06
-12.45  48.55  9.57218e-07
-12.45  49.05  3.25332e-07
-12.45  49.55  3.28991e-07
-12.45  50.05  2.41025e-07
-12.45  50.55  8.68799e-08
-12.45  51.05  4.03574e-08
-12.45  51.55  3.87444e-08
-12.45  52.05  1.68926e-07
-9.95  37.55  3.22553e-07
-9.95  38.05  1.17919e-07
-9.95  38.55  3.64407e-07
-9.95  39.05  4.20169e-07
-9.95  39.55  4.02684e-07
-9.95  40.05  7.94355e-07
-9.95  40.55  1.13526e-06
-9.95  41.05  5.65843e-07
-9.95  41.55  6.4744e-07
-9.95  42.05  1.24119e-06
-9.95  42.55  1.38999e-06
-9.95  43.05  1.37295e-06
-9.95  43.55  1.72377e-06
-9.95  44.05  3.87593e-06
-9.95  44.55  4.04321e-06
-9.95  45.05  2.36039e-06
-9.95  45.55  2.15526e-06
-9.95  46.05  2.27329e-06
-9.95  46.55  2.29525e-06
-9.95  47.05  1.63985e-06
-9.95  47.55  2.37856e-06
-9.95  48.05  1.76959e-06
-9.95  48.55  6.89537e-07
-9.95  49.05  2.71522e-07
-9.95  49.55  2.86733e-07
-9.95  50.05  2.41409e-07
-9.95  50.55  8.80948e-08
-9.95  51.05  3.26703e-08
-9.95  51.55  3.59402e-08
-9.95  52.05  1.47726e-07
-7.45  37.55  1.94491e-07
-7.45  38.05  1.19606e-07
-7.45  38.55  4.58613e-07
-7.45  39.05  5.72417e-07
-7.45  39.55  4.21705e-07
-7.45  40.05  8.69371e-07
-7.45  40.55  1.85673e-06
-7.45  41.05  1.46194e-06
-7.45  41.55  2.06198e-06
-7.45  42.05  2.33817e-06
-7.45  42.55  2.24521e-06
-7.45  43.05  2.2246e-06
-7.45  43.55  2.64932e-06
-7.45  44.05  5.96051e-06
-7.45  44.55  6.84381e-06
-7.45  45.05  3.83671e-06
-7.45  45.55  7.43532e-06
-7.45  46.05  5.30038e-06
-7.45  46.55  3.13701e-06
-7.45  47.05  1.4953e-06
-7.45  47.55  2.96603e-06
-7.45  48.05  2.74545e-06
-7.45  48.55  1.03611e-06
-7.45  49.05  2.93446e-07
-7.45  49.55  3.22576e-07
-7.45  50.05  3.11546e-07
-7.45  50.55  1.37296e-07
-7.45  51.05  4.49001e-08
-7.45  51.55  4.20609e-08
-7.45  52.05  1.45187e-07
-4.95  37.55  1.30216e-07
-4.95  38.05  9.71472e-08
-4.95  38.55  3.60558e-07
-4.95  39.05  4.45365e-07
-4.95  39.55  4.71878e-07
-4.95  40.05  1.07385e-06
-4.95  40.55  1.7025e-06
-4.95  41.05  1.69221e-06
-4.95  41.55  3.12266e-06
-4.95  42.05  5.17989e-06
-4.95  42.55  4.11819e-06
-4.95  43.05  2.83349e-06
-4.95  43.55  3.00553e-06
-4.95  44.05  5.52124e-06
-4.95  44.55  6.97803e-06
-4.95  45.05  4.53483e-06
-4.95  45.55  8.51342e-06
-4.95  46.05  6.45469e-06
-4.95  46.55  3.69875e-06
-4.95  47.05  2.16535e-06
-4.95  47.55  2.88944e-06
-4.95  48.05  3.04757e-06
-4.95  48.55  1.36489e-06
-4.95  49.05  3.14384e-07
-4.95  49.55  3.41675e-07
-4.95  50.05  3.03568e-07
-4.95  50.55  1.25575e-07
-4.95  51.05  4.70886e-08
-4.95  51.55  3.17128e-08
-4.95  52.05  4.71192e-08
-2.45  37.55  1.66499e-07
-2.45  38.05  1.31411e-07
-2.45  38.55  4.2163e-07
-2.45  39.05  7.12965e-07
-2.45  39.55  8.52233e-07
-2.45  40.05  1.35314e-06
-2.45  40.55  1.72186e-06
-2.45  41.05  1.82306e-06
-2.45  41.55  4.56166e-06
-2.45  42.05  1.14392e-05
-2.45  42.55  8.0927e-06
-2.45  43.05  4.94988e-06
-2.45  43.55  4.95016e-06
-2.45  44.05  7.36876e-06
-2.45  44.55  8.83232e-06
-2.45  45.05  6.36105e-06
-2.45  45.55  8.43077e-06
-2.45  46.05  6.95819e-06
-2.45  46.55  4.66907e-06
-2.45  47.05  3.48622e-06
-2.45  47.55  3.2482e-06
-2.45  48.05  3.63085e-06
-2.45  48.55  2.505e-06
-2.45  49.05  4.31833e-07
-2.45  49.55  5.83157e-07
-2.45  50.05  4.3435e-07
-2.45  50.55  1.38898e-07
-2.45  51.05  6.24735e-08
-2.45  51.55  4.18392e-08
-2.45  52.05  1.00987e-07
0.05  37.55  1.55141e-07
0.05  38.05  1.21015e-07
0.05  38.55  2.62012e-07
0.05  39.05  5.22793e-07
0.05  39.55  8.17666e-07
0.05  40.05  1.41586e-06
0.05  40.55  1.26089e-06
0.05  41.05  1.38542e-06
0.05  41.55  4.13739e-06
0.05  42.05  1.01563e-05
0.05  42.55  8.22587e-06
0.05  43.05  5.6471e-06
0.05  43.55  4.21264e-06
0.05  44.05  6.84535e-06
0.05  44.55  7.03373e-06
0.05  45.05  5.35241e-06
0.05  45.55  1.05637e-05
0.05  46.05  1.19875e-05
0.05  46.55  7.31337e-06
0.05  47.05  3.55979e-06
0.05  47.55  4.01002e-06
0.05  48.05  2.9809e-06
0.05  48.55  2.13307e-06
0.05  49.05  7.7778e-07
0.05  49.55  8.92968e-07
0.05  50.05  6.16026e-07
0.05  50.55  1.86868e-07
0.05  51.05  6.67241e-08
0.05  51.55  4.99791e-08
0.05  52.05  1.61699e-07
2.55  37.55  2.81233e-07
2.55  38.05  1.2661e-07
2.55  38.55  2.47425e-07
2.55  39.05  3.90838e-07
2.55  39.55  9.1797e-07
2.55  40.05  2.83798e-06
2.55  40.55  1.394e-06
2.55  41.05  1.0271e-06
2.55  41.55  5.98896e-06
2.55  42.05  8.63458e-06
2.55  42.55  1.18615e-05
2.55  43.05  8.98679e-06
2.55  43.55  8.20728e-06
2.55  44.05  9.14584e-06
2.55  44.55  8.28138e-06
2.55  45.05  6.17561e-06
2.55  45.55  1.3685e-05
2.55  46.05  2.13699e-05
2.55  46.55  1.42272e-05
2.55  47.05  6.21836e-06
2.55  47.55  6.53172e-06
2.55  48.05  4.25296e-06
2.55  48.55  2.52403e-06
2.55  49.05  1.6988e-06
2.55  49.55  1.53485e-06
2.55  50.05  1.05761e-06
2.55  50.55  3.46853e-07
2.55  51.05  9.27341e-08
2.55  51.55  7.13364e-08
2.55  52.05  1.1264e-07
5.05  37.55  3.46245e-07
5.05  38.05  1.18243e-07
5.05  38.55  2.68242e-07
5.05  39.05  3.8122e-07
5.05  39.55  6.16487e-07
5.05  40.05  2.37293e-06
5.05  40.55  1.20469e-06
5.05  41.05  3.61183e-07
5.05  41.55  5.71555e-06
5.05  42.05  7.34867e-06
5.05  42.55  1.23909e-05
5.05  43.05  9.09589e-06
5.05  43.55  7.92342e-06
5.05  44.05  1.26768e-05
5.05  44.55  1.04115e-05
5.05  45.05  4.90823e-06
5.05  45.55  1.01873e-05
5.05  46.05  1.61182e-05
5.05  46.55  1.17307e-05
5.05  47.05  4.92755e-06
5.05  47.55  6.49169e-06
5.05  48.05  5.86564e-06
5.05  48.55  2.83483e-06
5.05  49.05  1.62248e-06
5.05  49.55  1.84011e-06
5.05  50.05  1.16433e-06
5.05  50.55  3.13181e-07
5.05  51.05  9.2399e-08
5.05  51.55  8.53017e-08
5.05  52.05  2.60789e-07
7.55  37.55  3.40534e-07
7.55  38.05  1.07186e-07
7.55  38.55  3.11112e-07
7.55  39.05  5.70138e-07
7.55  39.55  7.66975e-07
7.55  40.05  3.01452e-06
7.55  40.55  4.47555e-06
7.55  41.05  3.18772e-06
7.55  41.55  7.96467e-06
7.55  42.05  1.47963e-05
7.55  42.55  1.64519e-05
7.55  43.05  1.17335e-05
7.55  43.55  7.15874e-06
7.55  44.05  2.11375e-05
7.55  44.55  1.82315e-05
7.55  45.05  5.71537e-06
7.55  45.55  1.25195e-05
7.55  46.05  1.76937e-05
7.55  46.55  1.11069e-05
7.55  47.05  4.39958e-06
7.55  47.55  7.82323e-06
7.55  48.05  9.23652e-06
7.55  48.55  5.42312e-06
7.55  49.05  2.09486e-06
7.55  49.55  3.268e-06
7.55  50.05  1.7469e-06
7.55  50.55  2.80667e-07
7.55  51.05  1.24013e-07
7.55  51.55  1.10168e-07
7.55  52.05  4.07422e-07
10.05  37.55  2.2635e-07
10.05  38.05  6.85747e-08
10.05  38.55  1.8816e-07
10.05  39.05  3.86843e-07
10.05  39.55  8.57766e-07
10.05  40.05  3.82592e-06
10.05  40.55  1.35699e-05
10.05  41.05  1.3491e-05
10.05  41.55  7.30491e-06
10.05  42.05  1.81088e-05
10.05  42.55  1.93914e-05
10.05  43.05  1.59374e-05
10.05  43.55  1.03264e-05
10.05  44.05  1.36926e-05
10.05  44.55  1.25278e-05
10.05  45.05  6.90024e-06
10.05  45.55  1.69804e-05
10.05  46.05  2.59859e-05
10.05  46.55  1.19477e-05
10.05  47.05  5.34463e-06
10.05  47.55  8.57216e-06
10.05  48.05  9.33958e-06
10.05  48.55  7.82984e-06
10.05  49.05  2.44776e-06
10.05  49.55  3.19593e-06
10.05  50.05  1.77682e-06
10.05  50.55  2.75936e-07
10.05  51.05  1.08683e-07
10.05  51.55  8.06123e-08
10.05  52.05  1.52495e-07
12.55  37.55  7.61655e-08
12.55  38.05  3.09841e-08
12.55  38.55  1.2986e-07
12.55  39.05  3.05415e-07
12.55  39.55  1.03789e-06
12.55  40.05  7.00597e-06
12.55  40.55  1.64652e-05
12.55  41.05  1.16861e-05
12.55  41.55  6.72737e-06
12.55  42.05  2.66943e-05
12.55  42.55  3.32931e-05
12.55  43.05  2.50799e-05
12.55  43.55  1.66416e-05
12.55  44.05  1.27783e-05
12.55  44.55  1.36092e-05
12.55  45.05  9.18492e-06
12.55  45.55  2.41953e-05
12.55  46.05  5.71622e-05
12.55  46.55  2.4773e-05
12.55  47.05  8.73211e-06
12.55  47.55  1.12929e-05
12.55  48.05  1.40067e-05
12.55  48.55  9.84672e-06
12.55  49.05  4.39412e-06
12.55  49.55  4.21172e-06
12.55  50.05  2.52643e-06
12.55  50.55  5.41688e-07
12.55  51.05  1.61505e-07
12.55  51.55  1.4066e-07
12.55  52.05  2.92466e-07
15.05  37.55  4.68228e-08
15.05  38.05  2.81125e-08
15.05  38.55  1.13521e-07
15.05  39.05  2.34581e-07
15.05  39.55  9.16058e-07
15.05  40.05  4.42457e-06
15.05  40.55  8.51326e-06
15.05  41.05  6.38554e-06
15.05  41.55  3.46527e-06
15.05  42.05  2.28902e-05
15.05  42.55  3.88972e-05
15.05  43.05  2.8249e-05
15.05  43.55  1.17629e-05
15.05  44.05  1.39783e-05
15.05  44.55  1.66694e-05
15.05  45.05  7.44319e-06
15.05  45.55  9.24823e-06
15.05  46.05  3.57197e-05
15.05  46.55  2.43442e-05
15.05  47.05  9.61765e-06
15.05  47.55  1.27172e-05
15.05  48.05  3.04663e-05
15.05  48.55  1.85065e-05
15.05  49.05  5.51454e-06
15.05  49.55  4.39022e-06
15.05  50.05  1.76118e-06
15.05  50.55  4.94548e-07
15.05  51.05  1.80016e-07
15.05  51.55  1.69305e-07
15.05  52.05  4.37896e-07
17.55  37.55  1.59638e-07
17.55  38.05  8.75438e-08
17.55  38.55  1.66369e-07
17.55  39.05  3.25356e-07
17.55  39.55  9.00212e-07
17.55  40.05  2.16745e-06
17.55  40.55  4.28875e-06
17.55  41.05  3.29838e-06
17.55  41.55  4.36127e-06
17.55  42.05  3.01542e-05
17.55  42.55  4.91975e-05
17.55  43.05  3.36564e-05
17.55  43.55  8.62622e-06
17.55  44.05  2.22917e-05
17.55  44.55  3.13052e-05
17.55  45.05  9.61159e-06
17.55  45.55  7.65534e-06
17.55  46.05  2.22874e-05
17.55  46.55  2.4659e-05
17.55  47.05  1.09447e-05
17.55  47.55  2.07169e-05
17.55  48.05  5.12587e-05
17.55  48.55  2.97174e-05
17.55  49.05  6.15452e-06
17.55  49.55  4.22939e-06
17.55  50.05  2.06354e-06
17.55  50.55  6.79797e-07
17.55  51.05  2.71753e-07
17.55  51.55  2.12158e-07
17.55  52.05  6.46164e-07
20.05  37.55  1.89997e-07
20.05  38.05  6.80908e-08
20.05  38.55  8.71474e-08
20.05  39.05  2.14723e-07
20.05  39.55  6.85109e-07
20.05  40.05  1.81687e-06
20.05  40.55  4.09845e-06
20.05  41.05  4.18121e-06
20.05  41.55  9.33822e-06
20.05  42.05  3.35573e-05
20.05  42.55  3.29628e-05
20.05  43.05  2.54164e-05
20.05  43.55  1.21312e-05
20.05  44.05  2.19009e-05
20.05  44.55  3.27407e-05
20.05  45.05  1.08242e-05
20.05  45.55  1.19117e-05
20.05  46.05  1.42869e-05
20.05  46.55  1.17513e-05
20.05  47.05  9.82712e-06
20.05  47.55  1.76781e-05
20.05  48.05  2.66992e-05
20.05  48.55  1.28978e-05
20.05  49.05  4.14575e-06
20.05  49.55  3.86289e-06
20.05  50.05  2.49167e-06
20.05  50.55  9.23086e-07
20.05  51.05  3.31506e-07
20.05  51.55  1.89468e-07
20.05  52.05  2.19613e-07
22.55  37.55  1.55386e-07
22.55  38.05  6.11239e-08
22.55  38.55  5.36565e-08
22.55  39.05  8.38184e-08
22.55  39.55  8.15139e-07
22.55  40.05  2.25089e-06
22.55  40.55  6.18475e-06
22.55  41.05  8.04966e-06
22.55  41.55  1.23993e-05
22.55  42.05  4.47438e-05
22.55  42.55  3.50556e-05
22.55  43.05  2.92988e-05
22.55  43.55  2.12886e-05
22.55  44.05  2.65436e-05
22.55  44.55  4.067e-05
22.55  45.05  1.62447e-05
22.55  45.55  1.7648e-05
22.55  46.05  1.8697e-05
22.55  46.55  1.12889e-05
22.55  47.05  9.96775e-06
22.55  47.55  1.7907e-05
22.55  48.05  1.88601e-05
22.55  48.55  7.65819e-06
22.55  49.05  3.51533e-06
22.55  49.55  5.49986e-06
22.55  50.05  3.80796e-06
22.55  50.55  1.53452e-06
22.55  51.05  5.47825e-07
22.55  51.55  3.02817e-07
22.55  52.05  2.62869e-07
25.05  37.55  8.30442e-08
25.05  38.05  4.5124e-08
25.05  38.55  3.9202e-08
25.05  39.05  2.9451e-08
25.05  39.55  6.67513e-07
25.05  40.05  1.72132e-06
25.05  40.55  3.27408e-06
25.05  41.05  3.78018e-06
25.05  41.55  7.2274e-06
25.05  42.05  2.69683e-05
25.05  42.55  2.84999e-05
25.05  43.05  3.04018e-05
25.05  43.55  2.03958e-05
25.05  44.05  2.64586e-05
25.05  44.55  3.41817e-05
25.05  45.05  1.57722e-05
25.05  45.55  1.22471e-05
25.05  46.05  1.48992e-05
25.05  46.55  1.15635e-05
25.05  47.05  8.64333e-06
25.05  47.55  1.04164e-05
25.05  48.05  1.18606e-05
25.05  48.55  6.93293e-06
25.05  49.05  2.87947e-06
25.05  49.55  4.96483e-06
25.05  50.05  2.97845e-06
25.05  50.55  1.28491e-06
25.05  51.05  5.35178e-07
25.05  51.55  3.88911e-07
25.05  52.05  5.73652e-07
27.55  37.55  8.61372e-08
27.55  38.05  6.1541e-08
27.55  38.55  1.41073e-07
27.55  39.05  3.1197e-07
27.55  39.55  1.08957e-06
27.55  40.05  2.04376e-06
27.55  40.55  2.55616e-06
27.55  41.05  1.31389e-06
27.55  41.55  9.39754e-06
27.55  42.05  2.59972e-05
27.55  42.55  3.97687e-05
27.55  43.05  4.31533e-05
27.55  43.55  2.711e-05
27.55  44.05  3.76587e-05
27.55  44.55  4.51604e-05
27.55  45.05  1.73744e-05
27.55  45.55  1.02105e-05
27.55  46.05  1.56623e-05
27.55  46.55  1.36259e-05
27.55  47.05  1.05966e-05
27.55  47.55  9.04546e-06
27.55  48.05  1.19521e-05
27.55  48.55  8.10268e-06
27.55  49.05  3.60541e-06
27.55  49.55  6.35285e-06
27.55  50.05  4.59114e-06
27.55  50.55  1.58001e-06
27.55  51.05  5.48907e-07
27.55  51.55  2.68569e-07
27.55  52.05  2.14991e-07
30.05  37.55  4.23366e-07
30.05  38.05  3.38766e-07
30.05  38.55  1.14432e-06
30.05  39.05  2.07774e-06
30.05  39.55  1.06954e-06
30.05  40.05  1.15773e-06
30.05  40.55  3.82772e-06
30.05  41.05  2.2072e-06
30.05  41.55  1.47394e-05
30.05  42.05  3.89942e-05
30.05  42.55  4.93912e-05
30.05  43.05  3.2508e-05
30.05  43.55  2.25778e-05
30.05  44.05  3.16951e-05
30.05  44.55  3.89054e-05
30.05  45.05  1.75171e-05
30.05  45.55  1.73168e-05
30.05  46.05  1.20062e-05
30.05  46.55  7.53875e-06
30.05  47.05  7.19438e-06
30.05  47.55  9.06138e-06
30.05  48.05  1.12905e-05
30.05  48.55  6.84484e-06
30.05  49.05  3.05967e-06
30.05  49.55  4.20784e-06
30.05  50.05  3.33759e-06
30.05  50.55  1.15511e-06
30.05  51.05  4.17364e-07
30.05  51.55  1.84333e-07
30.05  52.05  1.75453e-07
32.55  37.55  3.36186e-06
32.55  38.05  1.37949e-06
32.55  38.55  3.11905e-06
32.55  39.05  5.61118e-06
32.55  39.55  1.19835e-06
32.55  40.05  6.01872e-06
32.55  40.55  2.14802e-05
32.55  41.05  1.01573e-05
32.55  41.55  2.30587e-05
32.55  42.05  6.91373e-05
32.55  42.55  5.69681e-05
32.55  43.05  4.67676e-05
32.55  43.55  3.22319e-05
32.55  44.05  3.31405e-05
32.55  44.55  3.07079e-05
32.55  45.05  1.75295e-05
32.55  45.55  2.97154e-05
32.55  46.05  1.21466e-05
32.55  46.55  5.22932e-06
32.55  47.05  9.0524e-06
32.55  47.55  1.60249e-05
32.55  48.05  1.36327e-05
32.55  48.55  7.50963e-06
32.55  49.05  3.44512e-06
32.55  49.55  3.68243e-06
32.55  50.05  3.24841e-06
32.55  50.55  1.02218e-06
32.55  51.05  3.71646e-07
32.55  51.55  3.28381e-07
32.55  52.05  2.47766e-06
35.05  37.55  1.06327e-05
35.05  38.05  2.39543e-06
35.05  38.55  5.86883e-06
35.05  39.05  1.01784e-05
35.05  39.55  4.08262e-06
35.05  40.05  1.3873e-05
35.05  40.55  4.08808e-05
35.05  41.05  2.47623e-05
35.05  41.55  2.0366e-05
35.05  42.05  6.41899e-05
35.05  42.55  5.2273e-05
35.05  43.05  5.866e-05
35.05  43.55  2.92832e-05
35.05  44.05  3.26614e-05
35.05  44.55  3.12726e-05
35.05  45.05  1.73283e-05
35.05  45.55  2.16311e-05
35.05  46.05  1.65986e-05
35.05  46.55  7.59341e-06
35.05  47.05  7.62213e-06
35.05  47.55  1.32303e-05
35.05  48.05  1.22544e-05
35.05  48.55  7.7659e-06
35.05  49.05  3.15716e-06
35.05  49.55  3.60039e-06
35.05  50.05  3.57107e-06
35.05  50.55  9.03694e-07
35.05  51.05  3.51435e-07
35.05  51.55  4.77339e-07
35.05  52.05  3.3979e-06
37.55  37.55  9.35867e-06
37.55  38.05  2.5833e-06
37.55  38.55  8.43083e-06
37.55  39.05  1.9774e-05
37.55  39.55  1.56191e-05
37.55  40.05  3.94499e-05
37.55  40.55  9.07881e-05
37.55  41.05  3.98728e-05
37.55  41.55  1.65309e-05
37.55  42.05  8.62383e-05
37.55  42.55  9.79353e-05
37.55  43.05  8.11299e-05
37.55  43.55  4.08246e-05
37.55  44.05  4.3768e-05
37.55  44.55  3.62035e-05
37.55  45.05  2.64123e-05
37.55  45.55  2.47023e-05
37.55  46.05  3.99203e-05
37.55  46.55  2.3019e-05
37.55  47.05  8.18501e-06
37.55  47.55  1.30056e-05
37.55  48.05  1.52162e-05
37.55  48.55  1.10537e-05
37.55  49.05  4.80674e-06
37.55  49.55  5.10034e-06
37.55  50.05  4.3061e-06
37.55  50.55  1.35091e-06
37.55  51.05  6.00878e-07
37.55  51.55  6.46573e-07
37.55  52.05  4.40382e-06
40.05  37.55  7.07898e-06
40.05  38.05  3.05125e-06
40.05  38.55  6.74583e-06
40.05  39.05  1.94908e-05
40.05  39.55  2.11455e-05
40.05  40.05  5.97275e-05
40.05  40.55  6.30085e-05
40.05  41.05  3.09423e-05
40.05  41.55  3.04063e-05
40.05  42.05  0.000116333
40.05  42.55  0.000133305
40.05  43.05  8.90402e-05
40.05  43.55  4.04876e-05
40.05  44.05  6.5243e-05
40.05  44.55  3.65146e-05
40.05  45.05  2.58987e-05
40.05  45.55  3.70882e-05
40.05  46.05  4.971e-05
40.05  46.55  2.38166e-05
40.05  47.05  1.00906e-05
40.05  47.55  1.4909e-05
40.05  48.05  1.4876e-05
40.05  48.55  1.1235e-05
40.05  49.05  3.77893e-06
40.05  49.55  4.02357e-06
40.05  50.05  3.2109e-06
40.05  50.55  1.44621e-06
40.05  51.05  6.98435e-07
40.05  51.55  5.86426e-07
40.05  52.05  2.04893e-06
42.55  37.55  1.41816e-05
42.55  38.05  4.4057e-06
42.55  38.55  4.57358e-06
42.55  39.05  9.16719e-06
42.55  39.55  2.33261e-05
42.55  40.05  0.000194569
42.55  40.55  0.000242378
42.55  41.05  0.000220484
42.55  41.55  0.000150674
42.55  42.05  0.00023809
42.55  42.55  0.000236737
42.55  43.05  0.000160109
42.55  43.55  5.33515e-05
42.55  44.05  0.000133543
42.55  44.55  6.14339e-05
42.55  45.05  4.5228e-05
42.55  45.55  6.1478e-05
42.55  46.05  7.05422e-05
42.55  46.55  3.68669e-05
42.55  47.05  1.61016e-05
42.55  47.55  2.17369e-05
42.55  48.05  2.29267e-05
42.55  48.55  1.4653e-05
42.55  49.05  3.99078e-06
42.55  49.55  3.92924e-06
42.55  50.05  3.56981e-06
42.55  50.55  1.86951e-06
42.55  51.05  1.06437e-06
42.55  51.55  9.22471e-07
42.55  52.05  2.33391e-06
45.05  37.55  1.09153e-05
45.05  38.05  3.07472e-06
45.05  38.55  3.54159e-06
45.05  39.05  5.61639e-06
45.05  39.55  2.69992e-05
45.05  40.05  0.000213762
45.05  40.55  0.000360255
45.05  41.05  0.000499992
45.05  41.55  0.000330484
45.05  42.05  0.000398406
45.05  42.55  0.000366956
45.05  43.05  0.000174958
45.05  43.55  9.8104e-05
45.05  44.05  0.000157334
45.05  44.55  7.81592e-05
45.05  45.05  5.53213e-05
45.05  45.55  6.19395e-05
45.05  46.05  6.47433e-05
45.05  46.55  4.22647e-05
45.05  47.05  1.57456e-05
45.05  47.55  2.1286e-05
45.05  48.05  2.63875e-05
45.05  48.55  1.61329e-05
45.05  49.05  4.792e-06
45.05  49.55  4.10693e-06
45.05  50.05  3.72268e-06
45.05  50.55  1.99832e-06
45.05  51.05  1.37658e-06
45.05  51.55  1.21293e-06
45.05  52.05  2.55432e-06
47.55  37.55  7.29757e-06
47.55  38.05  2.85136e-06
47.55  38.55  1.26413e-05
47.55  39.05  3.51669e-05
47.55  39.55  5.08785e-05
47.55  40.05  0.000220714
47.55  40.55  0.000546275
47.55  41.05  0.00037801
47.55  41.55  0.000365598
47.55  42.05  0.000609065
47.55  42.55  0.000463931
47.55  43.05  0.000243166
47.55  43.55  0.000178143
47.55  44.05  0.000206702
47.55  44.55  0.000167058
47.55  45.05  7.55344e-05
47.55  45.55  8.09823e-05
47.55  46.05  0.000102043
47.55  46.55  5.23198e-05
47.55  47.05  1.85888e-05
47.55  47.55  2.63082e-05
47.55  48.05  3.39506e-05
47.55  48.55  1.94682e-05
47.55  49.05  7.13631e-06
47.55  49.55  7.64835e-06
47.55  50.05  5.56751e-06
47.55  50.55  2.70199e-06
47.55  51.05  2.01198e-06
47.55  51.55  1.97101e-06
47.55  52.05  8.40075e-06
50.05  37.55  7.0091e-06
50.05  38.05  5.75658e-06
50.05  38.55  2.53995e-05
50.05  39.05  0.000131918
50.05  39.55  6.65564e-05
50.05  40.05  0.000121271
50.05  40.55  0.000491676
50.05  41.05  0.000312011
50.05  41.55  0.000202939
50.05  42.05  0.000509566
50.05  42.55  0.00045044
50.05  43.05  0.000438471
50.05  43.55  0.000294939
50.05  44.05  0.000314534
50.05  44.55  0.000310565
50.05  45.05  7.67263e-05
50.05  45.55  7.75692e-05
50.05  46.05  0.000101378
50.05  46.55  4.4166e-05
50.05  47.05  1.95517e-05
50.05  47.55  2.24699e-05
50.05  48.05  2.28772e-05
50.05  48.55  1.47018e-05
50.05  49.05  8.21784e-06
50.05  49.55  9.58108e-06
50.05  50.05  5.70814e-06
50.05  50.55  2.65933e-06
50.05  51.05  1.77809e-06
50.05  51.55  1.80561e-06
50.05  52.05  9.07652e-06
52.55  37.55  1.20746e-05
52.55  38.05  1.17634e-05
52.55  38.55  4.82068e-05
52.55  39.05  0.000218327
52.55  39.55  0.000153067
52.55  40.05  0.000210893
52.55  40.55  0.000428064
52.55  41.05  0.000422264
52.55  41.55  0.000856588
52.55  42.05  0.000841428
52.55  42.55  0.000533077
52.55  43.05  0.00070298
52.55  43.55  0.000617136
52.55  44.05  0.000672768
52.55  44.55  0.000470022
52.55  45.05  0.000105262
52.55  45.55  0.000136385
52.55  46.05  0.000128009
52.55  46.55  5.295e-05
52.55  47.05  2.92029e-05
52.55  47.55  2.53241e-05
52.55  48.05  2.72146e-05
52.55  48.55  2.4347e-05
52.55  49.05  1.33745e-05
52.55  49.55  1.3907e-05
52.55  50.05  7.77096e-06
52.55  50.55  3.78572e-06
52.55  51.05  2.19239e-06
52.55  51.55  1.7466e-06
52.55  52.05  7.668e-06
55.05  37.55  1.16446e-05
55.05  38.05  2.09216e-05
55.05  38.55  0.000103824
55.05  39.05  0.000159761
55.05  39.55  0.000244946
55.05  40.05  0.000453376
55.05  40.55  0.000535734
55.05  41.05  0.00063486
55.05  41.55  0.00113504
55.05  42.05  0.00151338
55.05  42.55  0.00109299
55.05  43.05  0.000913898
55.05  43.55  0.000773685
55.05  44.05  0.000842025
55.05  44.55  0.00042775
55.05  45.05  0.000251756
55.05  45.55  0.000216789
55.05  46.05  0.000163036
55.05  46.55  8.48401e-05
55.05  47.05  2.34376e-05
55.05  47.55  2.35703e-05
55.05  48.05  2.62321e-05
55.05  48.55  1.91112e-05
55.05  49.05  8.02823e-06
55.05  49.55  1.02563e-05
55.05  50.05  6.92606e-06
55.05  50.55  3.13821e-06
55.05  51.05  2.55726e-06
55.05  51.55  1.76202e-06
55.05  52.05  3.19507e-06
57.55  37.55  3.52687e-05
57.55  38.05  4.01769e-05
57.55  38.55  0.000207612
57.55  39.05  0.000358794
57.55  39.55  0.000286431
57.55  40.05  0.000767007
57.55  40.55  0.00167015
57.55  41.05  0.00246768
57.55  41.55  0.00341102
57.55  42.05  0.00438212
57.55  42.55  0.00280856
57.55  43.05  0.0015313
57.55  43.55  0.00129015
57.55  44.05  0.0012946
57.55  44.55  0.000569248
57.55  45.05  0.000312482
57.55  45.55  0.000306332
57.55  46.05  0.000274294
57.55  46.55  0.000106419
57.55  47.05  2.66685e-05
57.55  47.55  3.18108e-05
57.55  48.05  3.31554e-05
57.55  48.55  2.04663e-05
57.55  49.05  8.30388e-06
57.55  49.55  9.51556e-06
57.55  50.05  7.80619e-06
57.55  50.55  3.73275e-06
57.55  51.05  3.43847e-06
57.55  51.55  3.31529e-06
57.55  52.05  1.3657e-05
60.05  37.55  9.70901e-05
60.05  38.05  6.57745e-05
60.05  38.55  0.000293361
60.05  39.05  0.000442708
60.05  39.55  0.000363971
60.05  40.05  0.000942485
60.05  40.55  0.0023002
60.05  41.05  0.00220852
60.05  41.55  0.00569262
60.05  42.05  0.0080625
60.05  42.55  0.0073007
60.05  43.05  0.00514848
60.05  43.55  0.00176211
60.05  44.05  0.00109449
60.05  44.55  0.000358558
60.05  45.05  0.000169027
60.05  45.55  0.0002232
60.05  46.05  0.000208757
60.05  46.55  6.90326e-05
60.05  47.05  2.23342e-05
60.05  47.55  1.71671e-05
60.05  48.05  2.14867e-05
60.05  48.55  1.55782e-05
60.05  49.05  4.28707e-06
60.05  49.55  6.35451e-06
60.05  50.05  6.32291e-06
60.05  50.55  3.16541e-06
60.05  51.05  2.6914e-06
60.05  51.55  3.52975e-06
60.05  52.05  1.18088e-05
62.55  37.55  0.00022172
62.55  38.05  0.00017226
62.55  38.55  0.000765523
62.55  39.05  0.000837854
62.55  39.55  0.000373084
62.55  40.05  0.00147269
62.55  40.55  0.00254154
62.55  41.05  0.00235318
62.55  41.55  0.010566
62.55  42.05  0.0174492
62.55  42.55  0.0156387
62.55  43.05  0.010322
62.55  43.55  0.00240054
62.55  44.05  0.00129687
62.55  44.55  0.000358793
62.55  45.05  0.000121646
62.55  45.55  0.000242694
62.55  46.05  0.000248956
62.55  46.55  6.57556e-05
62.55  47.05  1.64958e-05
62.55  47.55  1.84888e-05
62.55  48.05  2.80813e-05
62.55  48.55  2.10632e-05
62.55  49.05  5.20708e-06
62.55  49.55  8.076e-06
62.55  50.05  7.12543e-06
62.55  50.55  4.00234e-06
62.55  51.05  3.09933e-06
62.55  51.55  3.51488e-06
62.55  52.05  9.72712e-06
65.05  37.55  0.000186177
65.05  38.05  0.000109143
65.05  38.55  0.000836945
65.05  39.05  0.00119423
65.05  39.55  0.000649442
65.05  40.05  0.00183123
65.05  40.55  0.00292655
65.05  41.05  0.00512145
65.05  41.55  0.0125129
65.05  42.05  0.018749
65.05  42.55  0.0151783
65.05  43.05  0.00918209
65.05  43.55  0.00208041
65.05  44.05  0.00204176
65.05  44.55  0.000980618
65.05  45.05  0.000284427
65.05  45.55  0.000186692
65.05  46.05  0.000175838
65.05  46.55  4.97631e-05
65.05  47.05  1.9918e-05
65.05  47.55  2.49157e-05
65.05  48.05  2.82907e-05
65.05  48.55  1.74669e-05
65.05  49.05  5.8064e-06
65.05  49.55  7.71986e-06
65.05  50.05  5.58579e-06
65.05  50.55  3.55477e-06
65.05  51.05  3.41179e-06
65.05  51.55  3.80942e-06
65.05  52.05  1.42987e-05
67.55  37.55  0.00352121
67.55  38.05  0.00149228
67.55  38.55  0.0025393
67.55  39.05  0.0029255
67.55  39.55  0.00218842
67.55  40.05  0.00313101
67.55  40.55  0.00668355
67.55  41.05  0.016755
67.55  41.55  0.0176433
67.55  42.05  0.0248225
67.55  42.55  0.0195737
67.55  43.05  0.0107781
67.55  43.55  0.00239031
67.55  44.05  0.00300526
67.55  44.55  0.00200715
67.55  45.05  0.000718674
67.55  45.55  0.000223657
67.55  46.05  0.000170587
67.55  46.55  9.53e-05
67.55  47.05  4.02454e-05
67.55  47.55  4.43183e-05
67.55  48.05  4.32708e-05
67.55  48.55  2.19846e-05
67.55  49.05  7.20757e-06
67.55  49.55  1.08316e-05
67.55  50.05  7.95671e-06
67.55  50.55  4.49664e-06
67.55  51.05  4.73077e-06
67.55  51.55  5.40448e-06
67.55  52.05  2.59833e-05
70.05  37.55  0.0126615
70.05  38.05  0.00505118
70.05  38.55  0.00630838
70.05  39.05  0.00533048
70.05  39.55  0.00349859
70.05  40.05  0.00954558
70.05  40.55  0.0143535
70.05  41.05  0.0254934
70.05  41.55  0.0150624
70.05  42.05  0.0193016
70.05  42.55  0.013957
70.05  43.05  0.0125243
70.05  43.55  0.00353705
70.05  44.05  0.00277565
70.05  44.55  0.00167231
70.05  45.05  0.000721065
70.05  45.55  0.000301993
70.05  46.05  0.000152062
70.05  46.55  0.00010665
70.05  47.05  3.74553e-05
70.05  47.55  4.75077e-05
70.05  48.05  4.91134e-05
70.05  48.55  2.64498e-05
70.05  49.05  7.84456e-06
70.05  49.55  1.12992e-05
70.05  50.05  8.01727e-06
70.05  50.55  4.33313e-06
70.05  51.05  4.38818e-06
70.05  51.55  4.47275e-06
70.05  52.05  1.81066e-05
72.55  37.55  0.00933174
72.55  38.05  0.00345764
72.55  38.55  0.0102304
72.55  39.05  0.0105955
72.55  39.55  0.00952196
72.55  40.05  0.0331675
72.55  40.55  0.0501832
72.55  41.05  0.0448991
72.55  41.55  0.0205454
72.55  42.05  0.0182889
72.55  42.55  0.0202733
72.55  43.05  0.0194656
72.55  43.55  0.00512241
72.55  44.05  0.00330238
72.55  44.55  0.00217108
72.55  45.05  0.00109346
72.55  45.55  0.000484295
72.55  46.05  0.000303132
72.55  46.55  0.000143948
72.55  47.05  5.13049e-05
72.55  47.55  5.22264e-05
72.55  48.05  5.93668e-05
72.55  48.55  3.87229e-05
72.55  49.05  1.13952e-05
72.55  49.55  1.6097e-05
72.55  50.05  1.31659e-05
72.55  50.55  6.05582e-06
72.55  51.05  5.44449e-06
72.55  51.55  4.75863e-06
72.55  52.05  1.9224e-05
75.05  37.55  0.00223539
75.05  38.05  0.00173593
75.05  38.55  0.0139559
75.05  39.05  0.0203895
75.05  39.55  0.019212
75.05  40.05  0.0490541
75.05  40.55  0.12826
75.05  41.05  0.0748525
75.05  41.55  0.0275006
75.05  42.05  0.0282424
75.05  42.55  0.0222403
75.05  43.05  0.0116941
75.05  43.55  0.00393085
75.05  44.05  0.0034786
75.05  44.55  0.00240628
75.05  45.05  0.00101322
75.05  45.55  0.000375821
75.05  46.05  0.000412339
75.05  46.55  0.000172349
75.05  47.05  4.67584e-05
75.05  47.55  4.85705e-05
75.05  48.05  5.16895e-05
75.05  48.55  3.39887e-05
75.05  49.05  1.34902e-05
75.05  49.55  1.69514e-05
75.05  50.05  1.49446e-05
75.05  50.55  5.30657e-06
75.05  51.05  4.23056e-06
75.05  51.55  3.34735e-06
75.05  52.05  6.80493e-06
77.55  37.55  0.0187184
77.55  38.05  0.0150912
77.55  38.55  0.0378283
77.55  39.05  0.0361881
77.55  39.55  0.0385713
77.55  40.05  0.0720283
77.55  40.55  0.199904
77.55  41.05  0.147526
77.55  41.55  0.0383322
77.55  42.05  0.0453877
77.55  42.55  0.0371765
77.55  43.05  0.0183073
77.55  43.55  0.00546059
77.55  44.05  0.00625537
77.55  44.55  0.00390187
77.55  45.05  0.00105959
77.55  45.55  0.000338373
77.55  46.05  0.000517627
77.55  46.55  0.000221557
77.55  47.05  6.48324e-05
77.55  47.55  7.914e-05
77.55  48.05  7.68899e-05
77.55  48.55  4.55709e-05
77.55  49.05  1.96137e-05
77.55  49.55  2.4142e-05
77.55  50.05  1.7982e-05
77.55  50.55  7.3474e-06
77.55  51.05  5.47943e-06
77.55  51.55  4.51153e-06
77.55  52.05  1.07895e-05
80.05  37.55  0.13472
80.05  38.05  0.0727748
80.05  38.55  0.0889475
80.05  39.05  0.0696608
80.05  39.55  0.0483902
80.05  40.05  0.111972
80.05  40.55  0.20299
80.05  41.05  0.141405
80.05  41.55  0.0348177
80.05  42.05  0.0428719
80.05  42.55  0.0361699
80.05  43.05  0.0161249
80.05  43.55  0.00470308
80.05  44.05  0.00569642
80.05  44.55  0.00319388
80.05  45.05  0.000746786
80.05  45.55  0.000380022
80.05  46.05  0.000608844
80.05  46.55  0.000278886
80.05  47.05  8.79121e-05
80.05  47.55  8.06306e-05
80.05  48.05  7.57074e-05
80.05  48.55  4.97275e-05
80.05  49.05  2.06384e-05
80.05  49.55  2.87228e-05
80.05  50.05  1.68684e-05
80.05  50.55  7.1169e-06
80.05  51.05  4.97038e-06
80.05  51.55  4.25582e-06
80.05  52.05  1.3709e-05
82.55  37.55  0.238266
82.55  38.05  0.118677
82.55  38.55  0.162764
82.55  39.05  0.142822
82.55  39.55  0.0930503
82.55  40.05  0.256749
82.55  40.55  0.349537
82.55  41.05  0.232484
82.55  41.55  0.0407379
82.55  42.05  0.0453317
82.55  42.55  0.0370616
82.55  43.05  0.0183297
82.55  43.55  0.00586363
82.55  44.05  0.00690391
82.55  44.55  0.00331695
82.55  45.05  0.000930869
82.55  45.55  0.000665422
82.55  46.05  0.000795089
82.55  46.55  0.00046449
82.55  47.05  0.000147622
82.55  47.55  0.00010649
82.55  48.05  0.000114872
82.55  48.55  7.15827e-05
82.55  49.05  2.8014e-05
82.55  49.55  3.90013e-05
82.55  50.05  2.77882e-05
82.55  50.55  7.76068e-06
82.55  51.05  6.57237e-06
82.55  51.55  6.32649e-06
82.55  52.05  2.24164e-05
85.05  37.55  0.51273
85.05  38.05  0.172553
85.05  38.55  0.204877
85.05  39.05  0.353656
85.05  39.55  0.184425
85.05  40.05  0.278393
85.05  40.55  0.272991
85.05  41.05  0.156257
85.05  41.55  0.04702
85.05  42.05  0.056256
85.05  42.55  0.0405166
85.05  43.05  0.0187167
85.05  43.55  0.00489476
85.05  44.05  0.00447513
85.05  44.55  0.00264282
85.05  45.05  0.00090116
85.05  45.55  0.000890268
85.05  46.05  0.000638257
85.05  46.55  0.000396804
85.05  47.05  0.000114961
85.05  47.55  8.32289e-05
85.05  48.05  0.000101692
85.05  48.55  6.5648e-05
85.05  49.05  2.58711e-05
85.05  49.55  3.50533e-05
85.05  50.05  2.77688e-05
85.05  50.55  6.61313e-06
85.05  51.05  6.5125e-06
85.05  51.55  6.41406e-06
85.05  52.05  2.56688e-05
87.55  37.55  1
87.55  38.05  0.313666
87.55  38.55  0.566616
87.55  39.05  0.915431
87.55  39.55  0.408178
87.55  40.05  0.299425
87.55  40.55  0.313588
87.55  41.05  0.252309
87.55  41.55  0.0772712
87.55  42.05  0.0884277
87.55  42.55  0.0482468
87.55  43.05  0.0171243
87.55  43.55  0.00645177
87.55  44.05  0.00574582
87.55  44.55  0.00288193
87.55  45.05  0.00102234
87.55  45.55  0.00154039
87.55  46.05  0.000965815
87.55  46.55  0.000434596
87.55  47.05  0.000114765
87.55  47.55  9.29034e-05
87.55  48.05  0.000148906
87.55  48.55  8.7585e-05
87.55  49.05  3.39475e-05
87.55  49.55  4.37502e-05
87.55  50.05  2.61546e-05
87.55  50.55  8.5445e-06
87.55  51.05  9.0899e-06
87.55  51.55  1.10692e-05
87.55  52.05  5.71425e-05
90.05  37.55  0.603067
90.05  38.05  0.286358
90.05  38.55  0.46121
90.05  39.05  0.588197
90.05  39.55  0.369555
90.05  40.05  0.390076
90.05  40.55  0.385759
90.05  41.05  0.29033
90.05  41.55  0.0706831
90.05  42.05  0.0469789
90.05  42.55  0.0238055
90.05  43.05  0.0179006
90.05  43.55  0.00529313
90.05  44.05  0.00503168
90.05  44.55  0.00220214
90.05  45.05  0.000978852
90.05  45.55  0.00102648
90.05  46.05  0.000908627
90.05  46.55  0.000494417
90.05  47.05  0.000160992
90.05  47.55  0.000141795
90.05  48.05  0.000174701
90.05  48.55  7.29536e-05
90.05  49.05  3.17077e-05
90.05  49.55  3.99188e-05
90.05  50.05  1.81578e-05
90.05  50.55  9.64314e-06
90.05  51.05  8.43471e-06
90.05  51.55  1.14391e-05
90.05  52.05  4.93558e-05
92.55  37.55  0.684706
92.55  38.05  0.28848
92.55  38.55  0.320007
92.55  39.05  0.427439
92.55  39.55  0.414729
92.55  40.05  0.600517
92.55  40.55  0.585666
92.55  41.05  0.30425
92.55  41.55  0.0552831
92.55  42.05  0.034347
92.55  42.55  0.0384703
92.55  43.05  0.0351744
92.55  43.55  0.00466627
92.55  44.05  0.00530183
92.55  44.55  0.00222612
92.55  45.05  0.000959612
92.55  45.55  0.000954487
92.55  46.05  0.00123858
92.55  46.55  0.000724618
92.55  47.05  0.000302145
92.55  47.55  0.000281469
92.55  48.05  0.000246594
92.55  48.55  0.000100102
92.55  49.05  4.22773e-05
92.55  49.55  4.50749e-05
92.55  50.05  2.9521e-05
92.55  50.55  1.31244e-05
92.55  51.05  1.10746e-05
92.55  51.55  1.32964e-05
92.55  52.05  2.88034e-05
95.05  37.55  0.356862
95.05  38.05  0.164516
95.05  38.55  0.325601
95.05  39.05  0.669907
95.05  39.55  0.461033
95.05  40.05  0.49653
95.05  40.55  0.482011
95.05  41.05  0.259038
95.05  41.55  0.0880147
95.05  42.05  0.0736549
95.05  42.55  0.0550595
95.05  43.05  0.0313776
95.05  43.55  0.00602005
95.05  44.05  0.00422993
95.05  44.55  0.00160066
95.05  45.05  0.000705987
95.05  45.55  0.000868311
95.05  46.05  0.00142466
95.05  46.55  0.000643517
95.05  47.05  0.000282237
95.05  47.55  0.000363729
95.05  48.05  0.000307596
95.05  48.55  0.000144183
95.05  49.05  4.00588e-05
95.05  49.55  4.35918e-05
95.05  50.05  3.85896e-05
95.05  50.55  1.4636e-05
95.05  51.05  1.05514e-05
95.05  51.55  1.06102e-05
95.05  52.05  2.57585e-05
97.55  37.55  0.299673
97.55  38.05  0.141974
97.55  38.55  0.508809
97.55  39.05  0.87296
97.55  39.55  0.653163
97.55  40.05  0.289241
97.55  40.55  0.439828
97.55  41.05  0.368092
97.55  41.55  0.163011
97.55  42.05  0.138826
97.55  42.55  0.0887433
97.55  43.05  0.0346753
97.55  43.55  0.00677141
97.55  44.05  0.00340413
97.55  44.55  0.0016993
97.55  45.05  0.000906648
97.55  45.55  0.00122919
97.55  46.05  0.00150052
97.55  46.55  0.000727807
97.55  47.05  0.000376437
97.55  47.55  0.000588104
97.55  48.05  0.00045229
97.55  48.55  0.000256449
97.55  49.05  5.68628e-05
97.55  49.55  5.83125e-05
97.55  50.05  5.20882e-05
97.55  50.55  2.29154e-05
97.55  51.05  1.50117e-05
97.55  51.55  1.17522e-05
97.55  52.05  2.35e-05
100.05  37.55  0.323478
100.05  38.05  0.115288
100.05  38.55  0.330796
100.05  39.05  0.392966
100.05  39.55  0.273173
100.05  40.05  0.293416
100.05  40.55  0.386974
100.05  41.05  0.252376
100.05  41.55  0.149108
100.05  42.05  0.0799538
100.05  42.55  0.0513284
100.05  43.05  0.0237117
100.05  43.55  0.00464417
100.05  44.05  0.00272516
100.05  44.55  0.00159967
100.05  45.05  0.000985928
100.05  45.55  0.00125341
100.05  46.05  0.00124918
100.05  46.55  0.000722863
100.05  47.05  0.000406321
100.05  47.55  0.000579376
100.05  48.05  0.000481307
100.05  48.55  0.000326411
100.05  49.05  6.39015e-05
100.05  49.55  5.54899e-05
100.05  50.05  5.20037e-05
100.05  50.55  2.5623e-05
100.05  51.05  1.64109e-05
100.05  51.55  1.12258e-05
100.05  52.05  9.05859e-06
102.55  37.55  0.21507
102.55  38.05  0.0923003
102.55  38.55  0.254885
102.55  39.05  0.300421
102.55  39.55  0.208166
102.55  40.05  0.360285
102.55  40.55  0.473118
102.55  41.05  0.33416
102.55  41.55  0.181567
102.55  42.05  0.0690673
102.55  42.55  0.0348018
102.55  43.05  0.0175783
102.55  43.55  0.00307142
102.55  44.05  0.00267313
102.55  44.55  0.00219676
102.55  45.05  0.00160216
102.55  45.55  0.00161888
102.55  46.05  0.00127345
102.55  46.55  0.000845055
102.55  47.05  0.000588522
102.55  47.55  0.000816557
102.55  48.05  0.000758892
102.55  48.55  0.000444552
102.55  49.05  0.000109975
102.55  49.55  8.22788e-05
102.55  50.05  7.06734e-05
102.55  50.55  3.47273e-05
102.55  51.05  2.28138e-05
102.55  51.55  2.02429e-05
102.55  52.05  4.72e-05
105.05  37.55  0.130517
105.05  38.05  0.0937741
105.05  38.55  0.283471
105.05  39.05  0.432059
105.05  39.55  0.223186
105.05  40.05  0.260554
105.05  40.55  0.333724
105.05  41.05  0.261499
105.05  41.55  0.0964809
105.05  42.05  0.0722023
105.05  42.55  0.0218958
105.05  43.05  0.00882505
105.05  43.55  0.00250557
105.05  44.05  0.00206567
105.05  44.55  0.00210623
105.05  45.05  0.00143273
105.05  45.55  0.000977135
105.05  46.05  0.000749958
105.05  46.55  0.000658675
105.05  47.05  0.000492448
105.05  47.55  0.000852782
105.05  48.05  0.000956535
105.05  48.55  0.000472028
105.05  49.05  0.000129974
105.05  49.55  8.42717e-05
105.05  50.05  6.20461e-05
105.05  50.55  3.11853e-05
105.05  51.05  2.00734e-05
105.05  51.55  2.11179e-05
105.05  52.05  9.18538e-05
107.55  37.55  0.154795
107.55  38.05  0.126811
107.55  38.55  0.389443
107.55  39.05  0.538593
107.55  39.55  0.210246
107.55  40.05  0.238398
107.55  40.55  0.35177
107.55  41.05  0.211021
107.55  41.55  0.0616691
107.55  42.05  0.0603861
107.55  42.55  0.0145181
107.55  43.05  0.00585393
107.55  43.55  0.00215239
107.55  44.05  0.00262111
107.55  44.55  0.00259609
107.55  45.05  0.00141816
107.55  45.55  0.00071592
107.55  46.05  0.000837764
107.55  46.55  0.00093528
107.55  47.05  0.000574754
107.55  47.55  0.00100966
107.55  48.05  0.00153234
107.55  48.55  0.000810012
107.55  49.05  0.000209009
107.55  49.55  0.000108365
107.55  50.05  8.41901e-05
107.55  50.55  4.08842e-05
107.55  51.05  2.19636e-05
107.55  51.55  2.24531e-05
107.55  52.05  5.78282e-05
110.05  37.55  0.203886
110.05  38.05  0.141928
110.05  38.55  0.320393
110.05  39.05  0.323697
110.05  39.55  0.0862938
110.05  40.05  0.156207
110.05  40.55  0.237552
110.05  41.05  0.109324
110.05  41.55  0.0300817
110.05  42.05  0.0190813
110.05  42.55  0.00616664
110.05  43.05  0.003065
110.05  43.55  0.00140912
110.05  44.05  0.00249522
110.05  44.55  0.00230324
110.05  45.05  0.0010212
110.05  45.55  0.000652526
110.05  46.05  0.000697291
110.05  46.55  0.000722187
110.05  47.05  0.000516279
110.05  47.55  0.000845669
110.05  48.05  0.00146233
110.05  48.55  0.000869666
110.05  49.05  0.00023108
110.05  49.55  0.000112726
110.05  50.05  9.01679e-05
110.05  50.55  3.88587e-05
110.05  51.05  2.37827e-05
110.05  51.55  2.64407e-05
110.05  52.05  0.000117281
112.55  37.55  0.318996
112.55  38.05  0.162016
112.55  38.55  0.228636
112.55  39.05  0.229407
112.55  39.55  0.0707197
112.55  40.05  0.109009
112.55  40.55  0.0916814
112.55  41.05  0.0487367
112.55  41.55  0.0147616
112.55  42.05  0.0111703
112.55  42.55  0.0057186
112.55  43.05  0.00256455
112.55  43.55  0.00138248
112.55  44.05  0.00321599
112.55  44.55  0.00257215
112.55  45.05  0.00111476
112.55  45.55  0.000714135
112.55  46.05  0.000795369
112.55  46.55  0.000849368
112.55  47.05  0.000523869
112.55  47.55  0.00104784
112.55  48.05  0.00177866
112.55  48.55  0.00144008
112.55  49.05  0.000327193
112.55  49.55  0.000166251
112.55  50.05  0.00010707
112.55  50.55  4.30482e-05
112.55  51.05  3.13482e-05
112.55  51.55  4.2116e-05
112.55  52.05  0.000227111
115.05  37.55  0.171341
115.05  38.05  0.0598342
115.05  38.55  0.107486
115.05  39.05  0.14423
115.05  39.55  0.0549446
115.05  40.05  0.0332029
115.05  40.55  0.0295503
115.05  41.05  0.0202851
115.05  41.55  0.00794847
115.05  42.05  0.00546713
115.05  42.55  0.00407333
115.05  43.05  0.00202374
115.05  43.55  0.00116655
115.05  44.05  0.00224259
115.05  44.55  0.00198198
115.05  45.05  0.000976475
115.05  45.55  0.00068406
115.05  46.05  0.000629115
115.05  46.55  0.000708966
115.05  47.05  0.000571312
115.05  47.55  0.000869174
115.05  48.05  0.00178847
115.05  48.55  0.00224016
115.05  49.05  0.000345103
115.05  49.55  0.000156887
115.05  50.05  8.18084e-05
115.05  50.55  2.97633e-05
115.05  51.05  2.47834e-05
115.05  51.55  3.85792e-05
115.05  52.05  0.000241017
117.55  37.55  0.123214
117.55  38.05  0.0297757
117.55  38.55  0.0687656
117.55  39.05  0.106896
117.55  39.55  0.0395373
117.55  40.05  0.00945905
117.55  40.55  0.0162886
117.55  41.05  0.0166316
117.55  41.55  0.00604866
117.55  42.05  0.00280162
117.55  42.55  0.00341636
117.55  43.05  0.00212616
117.55  43.55  0.00153651
117.55  44.05  0.0020652
117.55  44.55  0.00203213
117.55  45.05  0.00128953
117.55  45.55  0.00091981
117.55  46.05  0.000649991
117.55  46.55  0.000665917
117.55  47.05  0.00104784
117.55  47.55  0.00102943
117.55  48.05  0.00186603
117.55  48.55  0.00249877
117.55  49.05  0.000364326
117.55  49.55  0.000181712
117.55  50.05  9.41692e-05
117.55  50.55  3.22267e-05
117.55  51.05  3.01766e-05
117.55  51.55  4.76898e-05
117.55  52.05  0.000310517
120.05  37.55  0.07066
120.05  38.05  0.024952
120.05  38.55  0.0562175
120.05  39.05  0.0921385
120.05  39.55  0.0208471
120.05  40.05  0.00196988
120.05  40.55  0.0141886
120.05  41.05  0.022391
120.05  41.55  0.00487409
120.05  42.05  0.00207307
120.05  42.55  0.00383367
120.05  43.05  0.00269265
120.05  43.55  0.00271479
120.05  44.05  0.00245583
120.05  44.55  0.00233735
120.05  45.05  0.00187097
120.05  45.55  0.00187072
120.05  46.05  0.00120447
120.05  46.55  0.000993314
120.05  47.05  0.00242428
120.05  47.55  0.00178692
120.05  48.05  0.00305002
120.05  48.55  0.00343484
120.05  49.05  0.00041732
120.05  49.55  0.000259527
120.05  50.05  0.000150931
120.05  50.55  5.23011e-05
120.05  51.05  5.20921e-05
120.05  51.55  8.44651e-05
120.05  52.05  0.00132273
122.55  41.05  0.0184649
122.55  42.55  0.00273036
122.55  43.05  0.00176926
122.55  43.55  0.00620328
122.55  44.05  0.0017552
122.55  44.55  0.00165311
122.55  45.05  0.00140888
122.55  45.55  0.00304028
122.55  46.05  0.00357638
122.55  46.55  0.00243184
122.55  47.05  0.00715048
122.55  47.55  0.00200356
122.55  48.05  0.00173054
122.55  48.55  0.00334761
122.55  49.05  0.000480251
122.55  49.55  0.000746307
122.55  50.05  0.000308979
122.55  50.55  0.000118633
122.55  51.05  0.000107614
