-39.95  38.05  3.05663e-08
-39.95  38.55  4.52546e-08
-39.95  39.05  1.50427e-08
-39.95  39.55  8.34272e-08
-39.95  40.05  2.31747e-07
-39.95  40.55  1.24295e-06
-39.95  41.05  4.38693e-07
-39.95  42.05  2.46806e-07
-39.95  42.55  5.53826e-07
-39.95  43.05  9.5227e-08
-39.95  43.55  1.03455e-08
-39.95  44.05  9.13614e-08
-39.95  44.55  9.45606e-08
-39.95  45.05  5.01332e-08
-39.95  45.55  5.25136e-07
-39.95  46.05  6.37543e-07
-39.95  46.55  3.93244e-07
-39.95  47.05  3.3567e-08
-39.95  47.55  2.07757e-07
-39.95  48.05  1.87006e-07
-39.95  48.55  9.90721e-08
-39.95  49.05  3.67231e-09
-39.95  49.55  1.83156e-08
-39.95  50.05  4.85238e-08
-39.95  50.55  2.01859e-08
-39.95  51.05  8.17886e-09
-39.95  51.55  9.32407e-09
-37.45  37.55  9.84237e-08
-37.45  38.05  8.58093e-08
-37.45  38.55  2.76013e-07
-37.45  39.05  2.40467e-07
-37.45  39.55  3.3295e-07
-37.45  40.05  1.94741e-06
-37.45  40.55  2.43967e-06
-37.45  41.05  8.85526e-07
-37.45  41.55  1.30904e-07
-37.45  42.05  1.06526e-06
-37.45  42.55  2.29815e-06
-37.45  43.05  1.17636e-06
-37.45  43.55  7.38174e-08
-37.45  44.05  2.07236e-07
-37.45  44.55  2.65858e-07
-37.45  45.05  1.16473e-07
-37.45  45.55  1.51485e-06
-37.45  46.05  3.22887e-06
-37.45  46.55  1.58833e-06
-37.45  47.05  2.5428e-07
-37.45  47.55  5.85569e-07
-37.45  48.05  7.43261e-07
-37.45  48.55  3.09232e-07
-37.45  49.05  6.95422e-08
-37.45  49.55  1.02973e-07
-37.45  50.05  1.59551e-07
-37.45  50.55  1.08843e-07
-37.45  51.05  3.20552e-08
-37.45  51.55  2.68944e-08
-37.45  52.05  4.46887e-07
-34.95  37.55  1.64154e-06
-34.95  38.05  1.50008e-06
-34.95  38.55  6.37148e-06
-34.95  39.05  5.29534e-06
-34.95  39.55  4.99452e-06
-34.95  40.05  2.17101e-05
-34.95  40.55  2.27504e-05
-34.95  41.05  1.54734e-05
-34.95  41.55  7.24408e-06
-34.95  42.05  2.10874e-05
-34.95  42.55  3.74595e-05
-34.95  43.05  2.47522e-05
-34.95  43.55  3.39115e-06
-34.95  44.05  4.34504e-06
-34.95  44.55  6.11376e-06
-34.95  45.05  5.00316e-06
-34.95  45.55  1.96547e-05
-34.95  46.05  5.18463e-05
-34.95  46.55  2.43171e-05
-34.95  47.05  7.97455e-06
-34.95  47.55  9.02841e-06
-34.95  48.05  8.6874e-06
-34.95  48.55  5.63243e-06
-34.95  49.05  1.72828e-06
-34.95  49.55  2.42323e-06
-34.95  50.05  2.43158e-06
-34.95  50.55  1.1172e-06
-34.95  51.05  6.78969e-07
-34.95  51.55  8.97863e-07
-34.95  52.05  7.10349e-06
-32.45  37.55  1.50398e-06
-32.45  38.05  1.10082e-06
-32.45  38.55  4.25033e-06
-32.45  39.05  4.30159e-06
-32.45  39.55  3.18754e-06
-32.45  40.05  1.265e-05
-32.45  40.55  1.68557e-05
-32.45  41.05  1.43817e-05
-32.45  41.55  1.64058e-05
-32.45  42.05  2.40575e-05
-32.45  42.55  2.6223e-05
-32.45  43.05  1.87846e-05
-32.45  43.55  7.25914e-06
-32.45  44.05  6.05228e-06
-32.45  44.55  6.33194e-06
-32.45  45.05  7.45877e-06
-32.45  45.55  2.38891e-05
-32.45  46.05  3.69677e-05
-32.45  46.55  1.24821e-05
-32.45  47.05  7.56883e-06
-32.45  47.55  7.17002e-06
-32.45  48.05  6.72373e-06
-32.45  48.55  5.58418e-06
-32.45  49.05  1.24234e-06
-32.45  49.55  1.83338e-06
-32.45  50.05  1.87793e-06
-32.45  50.55  6.5618e-07
-32.45  51.05  6.08839e-07
-32.45  51.55  7.66624e-07
-32.45  52.05  4.93637e-06
-29.95  37.55  1.38917e-06
-29.95  38.05  8.21887e-07
-29.95  38.55  2.84829e-06
-29.95  39.05  4.08358e-06
-29.95  39.55  2.96901e-06
-29.95  40.05  7.02269e-06
-29.95  40.55  1.43185e-05
-29.95  41.05  1.54234e-05
-29.95  41.55  1.77202e-05
-29.95  42.05  2.86182e-05
-29.95  42.55  2.97669e-05
-29.95  43.05  1.41087e-05
-29.95  43.55  7.79628e-06
-29.95  44.05  1.1177e-05
-29.95  44.55  7.41051e-06
-29.95  45.05  7.00512e-06
-29.95  45.55  2.12921e-05
-29.95  46.05  3.42552e-05
-29.95  46.55  1.67569e-05
-29.95  47.05  1.09495e-05
-29.95  47.55  6.53051e-06
-29.95  48.05  4.87248e-06
-29.95  48.55  4.69848e-06
-29.95  49.05  1.27623e-06
-29.95  49.55  1.19101e-06
-29.95  50.05  1.59604e-06
-29.95  50.55  5.63993e-07
-29.95  51.05  4.05801e-07
-29.95  51.55  4.10526e-07
-29.95  52.05  8.55997e-07
-27.45  37.55  1.3146e-06
-27.45  38.05  1.02461e-06
-27.45  38.55  2.95551e-06
-27.45  39.05  4.29167e-06
-27.45  39.55  4.44444e-06
-27.45  40.05  6.62185e-06
-27.45  40.55  1.87271e-05
-27.45  41.05  2.37404e-05
-27.45  41.55  1.88358e-05
-27.45  42.05  3.93677e-05
-27.45  42.55  3.86377e-05
-27.45  43.05  1.88942e-05
-27.45  43.55  9.09689e-06
-27.45  44.05  2.19313e-05
-27.45  44.55  1.43849e-05
-27.45  45.05  9.34703e-06
-27.45  45.55  2.07166e-05
-27.45  46.05  3.82175e-05
-27.45  46.55  2.50247e-05
-27.45  47.05  1.28842e-05
-27.45  47.55  8.59739e-06
-27.45  48.05  6.88553e-06
-27.45  48.55  5.06565e-06
-27.45  49.05  1.72907e-06
-27.45  49.55  1.47875e-06
-27.45  50.05  1.6978e-06
-27.45  50.55  7.17851e-07
-27.45  51.05  4.19062e-07
-27.45  51.55  4.2178e-07
-27.45  52.05  1.2592e-06
-24.95  37.55  9.42065e-07
-24.95  38.05  9.39329e-07
-24.95  38.55  2.79413e-06
-24.95  39.05  4.19157e-06
-24.95  39.55  3.85638e-06
-24.95  40.05  6.08593e-06
-24.95  40.55  1.31473e-05
-24.95  41.05  1.16812e-05
-24.95  41.55  1.53129e-05
-24.95  42.05  2.68166e-05
-24.95  42.55  2.51957e-05
-24.95  43.05  1.76362e-05
-24.95  43.55  9.21822e-06
-24.95  44.05  4.59649e-05
-24.95  44.55  2.56284e-05
-24.95  45.05  1.18386e-05
-24.95  45.55  2.40576e-05
-24.95  46.05  3.18903e-05
-24.95  46.55  1.74088e-05
-24.95  47.05  8.25191e-06
-24.95  47.55  7.28164e-06
-24.95  48.05  7.87475e-06
-24.95  48.55  5.86373e-06
-24.95  49.05  2.18435e-06
-24.95  49.55  2.1442e-06
-24.95  50.05  1.58331e-06
-24.95  50.55  6.79261e-07
-24.95  51.05  4.1853e-07
-24.95  51.55  4.13317e-07
-24.95  52.05  7.33934e-07
-22.45  37.55  4.16324e-06
-22.45  38.05  1.47246e-06
-22.45  38.55  3.39072e-06
-22.45  39.05  4.78278e-06
-22.45  39.55  5.89602e-06
-22.45  40.05  8.40784e-06
-22.45  40.55  1.27865e-05
-22.45  41.05  9.7393e-06
-22.45  41.55  1.68072e-05
-22.45  42.05  3.03556e-05
-22.45  42.55  2.38298e-05
-22.45  43.05  1.17405e-05
-22.45  43.55  1.08819e-05
-22.45  44.05  6.65593e-05
-22.45  44.55  4.53786e-05
-22.45  45.05  1.65332e-05
-22.45  45.55  2.8052e-05
-22.45  46.05  4.2943e-05
-22.45  46.55  2.31269e-05
-22.45  47.05  9.64839e-06
-22.45  47.55  9.82175e-06
-22.45  48.05  8.16549e-06
-22.45  48.55  4.26881e-06
-22.45  49.05  2.54445e-06
-22.45  49.55  3.71229e-06
-22.45  50.05  1.8929e-06
-22.45  50.55  7.12993e-07
-22.45  51.05  4.84707e-07
-22.45  51.55  5.57491e-07
-22.45  52.05  1.84687e-06
-19.95  37.55  1.19318e-05
-19.95  38.05  2.79894e-06
-19.95  38.55  4.39613e-06
-19.95  39.05  4.6145e-06
-19.95  39.55  4.76212e-06
-19.95  40.05  7.71717e-06
-19.95  40.55  9.66156e-06
-19.95  41.05  7.35451e-06
-19.95  41.55  9.49709e-06
-19.95  42.05  2.44911e-05
-19.95  42.55  2.05073e-05
-19.95  43.05  1.00083e-05
-19.95  43.55  1.14764e-05
-19.95  44.05  3.73845e-05
-19.95  44.55  2.58514e-05
-19.95  45.05  1.47356e-05
-19.95  45.55  2.71831e-05
-19.95  46.05  4.33842e-05
-19.95  46.55  2.23567e-05
-19.95  47.05  7.35575e-06
-19.95  47.55  8.84774e-06
-19.95  48.05  1.03387e-05
-19.95  48.55  5.82863e-06
-19.95  49.05  2.14533e-06
-19.95  49.55  3.31599e-06
-19.95  50.05  1.20378e-06
-19.95  50.55  5.19299e-07
-19.95  51.05  4.91194e-07
-19.95  51.55  7.10157e-07
-19.95  52.05  2.86602e-06
-17.45  37.55  1.5533e-05
-17.45  38.05  4.80994e-06
-17.45  38.55  7.54821e-06
-17.45  39.05  8.08182e-06
-17.45  39.55  5.54641e-06
-17.45  40.05  9.03625e-06
-17.45  40.55  1.08172e-05
-17.45  41.05  7.98698e-06
-17.45  41.55  8.07552e-06
-17.45  42.05  2.8859e-05
-17.45  42.55  2.2819e-05
-17.45  43.05  1.49416e-05
-17.45  43.55  1.7524e-05
-17.45  44.05  2.87408e-05
-17.45  44.55  2.703e-05
-17.45  45.05  2.00809e-05
-17.45  45.55  3.61461e-05
-17.45  46.05  5.1515e-05
-17.45  46.55  2.85536e-05
-17.45  47.05  9.58477e-06
-17.45  47.55  1.08838e-05
-17.45  48.05  1.73383e-05
-17.45  48.55  1.08927e-05
-17.45  49.05  2.5337e-06
-17.45  49.55  2.05066e-06
-17.45  50.05  1.17817e-06
-17.45  50.55  4.96248e-07
-17.45  51.05  5.56315e-07
-17.45  51.55  7.20744e-07
-17.45  52.05  2.69874e-06
-14.95  37.55  8.90005e-06
-14.95  38.05  3.5751e-06
-14.95  38.55  5.75018e-06
-14.95  39.05  8.9106e-06
-14.95  39.55  5.67725e-06
-14.95  40.05  8.36559e-06
-14.95  40.55  9.02803e-06
-14.95  41.05  6.26269e-06
-14.95  41.55  6.89476e-06
-14.95  42.05  2.51714e-05
-14.95  42.55  2.08558e-05
-14.95  43.05  1.67309e-05
-14.95  43.55  1.75844e-05
-14.95  44.05  2.64876e-05
-14.95  44.55  3.68911e-05
-14.95  45.05  2.26205e-05
-14.95  45.55  3.58313e-05
-14.95  46.05  3.85056e-05
-14.95  46.55  2.30013e-05
-14.95  47.05  1.28815e-05
-14.95  47.55  1.02178e-05
-14.95  48.05  1.58923e-05
-14.95  48.55  9.29063e-06
-14.95  49.05  2.54841e-06
-14.95  49.55  2.26758e-06
-14.95  50.05  1.60482e-06
-14.95  50.55  4.44781e-07
-14.95  51.05  3.56736e-07
-14.95  51.55  3.26721e-07
-14.95  52.05  1.01889e-06
-12.45  37.55  6.18799e-06
-12.45  38.05  3.40959e-06
-12.45  38.55  7.7772e-06
-12.45  39.05  9.30024e-06
-12.45  39.55  7.76188e-06
-12.45  40.05  1.27072e-05
-12.45  40.55  1.25238e-05
-12.45  41.05  6.11616e-06
-12.45  41.55  7.69681e-06
-12.45  42.05  1.96482e-05
-12.45  42.55  2.55674e-05
-12.45  43.05  2.46576e-05
-12.45  43.55  2.73605e-05
-12.45  44.05  5.28196e-05
-12.45  44.55  5.86743e-05
-12.45  45.05  3.03746e-05
-12.45  45.55  5.09594e-05
-12.45  46.05  4.00425e-05
-12.45  46.55  3.14648e-05
-12.45  47.05  2.347e-05
-12.45  47.55  1.16937e-05
-12.45  48.05  1.33477e-05
-12.45  48.55  8.66235e-06
-12.45  49.05  3.09049e-06
-12.45  49.55  3.46331e-06
-12.45  50.05  2.22443e-06
-12.45  50.55  7.81011e-07
-12.45  51.05  3.63401e-07
-12.45  51.55  3.16324e-07
-12.45  52.05  5.10795e-07
-9.95  37.55  4.12553e-06
-9.95  38.05  3.4145e-06
-9.95  38.55  1.19527e-05
-9.95  39.05  8.78604e-06
-9.95  39.55  6.45654e-06
-9.95  40.05  1.18704e-05
-9.95  40.55  1.7572e-05
-9.95  41.05  8.70477e-06
-9.95  41.55  6.39391e-06
-9.95  42.05  1.44173e-05
-9.95  42.55  2.10212e-05
-9.95  43.05  1.75396e-05
-9.95  43.55  2.42916e-05
-9.95  44.05  6.47537e-05
-9.95  44.55  5.2789e-05
-9.95  45.05  3.27344e-05
-9.95  45.55  4.78392e-05
-9.95  46.05  3.04043e-05
-9.95  46.55  3.172e-05
-9.95  47.05  1.76901e-05
-9.95  47.55  1.47786e-05
-9.95  48.05  1.21168e-05
-9.95  48.55  1.04174e-05
-9.95  49.05  4.22682e-06
-9.95  49.55  3.16154e-06
-9.95  50.05  1.91902e-06
-9.95  50.55  8.62078e-07
-9.95  51.05  4.08716e-07
-9.95  51.55  3.47503e-07
-9.95  52.05  1.03538e-06
-7.45  37.55  9.49527e-06
-7.45  38.05  5.14992e-06
-7.45  38.55  1.45319e-05
-7.45  39.05  1.04204e-05
-7.45  39.55  6.79423e-06
-7.45  40.05  1.70636e-05
-7.45  40.55  2.82255e-05
-7.45  41.05  1.51317e-05
-7.45  41.55  6.24615e-06
-7.45  42.05  1.87952e-05
-7.45  42.55  2.78525e-05
-7.45  43.05  2.23261e-05
-7.45  43.55  2.91875e-05
-7.45  44.05  9.01923e-05
-7.45  44.55  7.02021e-05
-7.45  45.05  4.126e-05
-7.45  45.55  4.51751e-05
-7.45  46.05  3.77479e-05
-7.45  46.55  4.37396e-05
-7.45  47.05  2.29637e-05
-7.45  47.55  3.8966e-05
-7.45  48.05  2.45162e-05
-7.45  48.55  1.5117e-05
-7.45  49.05  8.35823e-06
-7.45  49.55  3.77154e-06
-7.45  50.05  2.57563e-06
-7.45  50.55  1.18288e-06
-7.45  51.05  5.85411e-07
-7.45  51.55  5.34169e-07
-7.45  52.05  1.65073e-06
-4.95  37.55  1.38294e-05
-4.95  38.05  5.4503e-06
-4.95  38.55  1.20166e-05
-4.95  39.05  8.95418e-06
-4.95  39.55  8.44232e-06
-4.95  40.05  1.90739e-05
-4.95  40.55  2.75133e-05
-4.95  41.05  1.98113e-05
-4.95  41.55  1.38644e-05
-4.95  42.05  2.77153e-05
-4.95  42.55  3.26194e-05
-4.95  43.05  3.0697e-05
-4.95  43.55  3.8129e-05
-4.95  44.05  6.29968e-05
-4.95  44.55  5.02875e-05
-4.95  45.05  3.92371e-05
-4.95  45.55  7.82252e-05
-4.95  46.05  9.40227e-05
-4.95  46.55  7.8851e-05
-4.95  47.05  3.80058e-05
-4.95  47.55  4.36164e-05
-4.95  48.05  3.23136e-05
-4.95  48.55  1.40853e-05
-4.95  49.05  4.3969e-06
-4.95  49.55  2.90332e-06
-4.95  50.05  2.23228e-06
-4.95  50.55  8.32415e-07
-4.95  51.05  3.82598e-07
-4.95  51.55  3.88554e-07
-4.95  52.05  1.40406e-06
-2.45  37.55  1.33918e-05
-2.45  38.05  6.09408e-06
-2.45  38.55  1.61694e-05
-2.45  39.05  1.64162e-05
-2.45  39.55  1.29546e-05
-2.45  40.05  1.97447e-05
-2.45  40.55  3.67776e-05
-2.45  41.05  3.92524e-05
-2.45  41.55  3.84438e-05
-2.45  42.05  6.06503e-05
-2.45  42.55  5.79011e-05
-2.45  43.05  4.77553e-05
-2.45  43.55  5.3311e-05
-2.45  44.05  6.11421e-05
-2.45  44.55  4.81177e-05
-2.45  45.05  5.69378e-05
-2.45  45.55  0.000149772
-2.45  46.05  0.000230607
-2.45  46.55  0.000202764
-2.45  47.05  7.86685e-05
-2.45  47.55  5.3119e-05
-2.45  48.05  4.02543e-05
-2.45  48.55  2.0802e-05
-2.45  49.05  4.62623e-06
-2.45  49.55  4.43772e-06
-2.45  50.05  2.40749e-06
-2.45  50.55  6.2375e-07
-2.45  51.05  3.21211e-07
-2.45  51.55  2.8681e-07
-2.45  52.05  7.03081e-07
0.05  37.55  9.0313e-06
0.05  38.05  6.07124e-06
0.05  38.55  1.94639e-05
0.05  39.05  3.62423e-05
0.05  39.55  3.12966e-05
0.05  40.05  2.40492e-05
0.05  40.55  2.75711e-05
0.05  41.05  3.22724e-05
0.05  41.55  4.00552e-05
0.05  42.05  6.233e-05
0.05  42.55  5.46506e-05
0.05  43.05  4.14106e-05
0.05  43.55  3.54918e-05
0.05  44.05  7.22188e-05
0.05  44.55  7.25864e-05
0.05  45.05  7.82248e-05
0.05  45.55  0.000223489
0.05  46.05  0.000259738
0.05  46.55  0.000209768
0.05  47.05  8.9133e-05
0.05  47.55  4.7129e-05
0.05  48.05  2.7393e-05
0.05  48.55  1.68524e-05
0.05  49.05  6.2077e-06
0.05  49.55  6.61817e-06
0.05  50.05  3.07247e-06
0.05  50.55  8.20421e-07
0.05  51.05  3.34815e-07
0.05  51.55  2.0025e-07
0.05  52.05  2.89214e-07
2.55  37.55  2.28408e-05
2.55  38.05  1.457e-05
2.55  38.55  3.48265e-05
2.55  39.05  5.21935e-05
2.55  39.55  6.80917e-05
2.55  40.05  3.66298e-05
2.55  40.55  1.53026e-05
2.55  41.05  1.16325e-05
2.55  41.55  5.52987e-05
2.55  42.05  8.30516e-05
2.55  42.55  6.5201e-05
2.55  43.05  5.34293e-05
2.55  43.55  6.47967e-05
2.55  44.05  0.000153292
2.55  44.55  0.000126111
2.55  45.05  0.000118117
2.55  45.55  0.000435899
2.55  46.05  0.000420441
2.55  46.55  0.000211897
2.55  47.05  0.000125243
2.55  47.55  5.56717e-05
2.55  48.05  2.46107e-05
2.55  48.55  1.58325e-05
2.55  49.05  1.08068e-05
2.55  49.55  1.07687e-05
2.55  50.05  6.06481e-06
2.55  50.55  1.27757e-06
2.55  51.05  6.51893e-07
2.55  51.55  4.48317e-07
2.55  52.05  1.09559e-06
5.05  37.55  5.36528e-05
5.05  38.05  2.19986e-05
5.05  38.55  3.76041e-05
5.05  39.05  4.03058e-05
5.05  39.55  1.74199e-05
5.05  40.05  2.55135e-05
5.05  40.55  7.86204e-06
5.05  41.05  3.64761e-06
5.05  41.55  3.56198e-05
5.05  42.05  8.07599e-05
5.05  42.55  5.32504e-05
5.05  43.05  4.94285e-05
5.05  43.55  4.84145e-05
5.05  44.05  0.000131547
5.05  44.55  0.000116688
5.05  45.05  0.000104297
5.05  45.55  0.000407126
5.05  46.05  0.00046371
5.05  46.55  0.00030913
5.05  47.05  0.000121257
5.05  47.55  5.47138e-05
5.05  48.05  3.19249e-05
5.05  48.55  2.2946e-05
5.05  49.05  1.64294e-05
5.05  49.55  1.54845e-05
5.05  50.05  6.5693e-06
5.05  50.55  1.08476e-06
5.05  51.05  6.22697e-07
5.05  51.55  5.40289e-07
5.05  52.05  1.0486e-06
7.55  37.55  8.15775e-05
7.55  38.05  2.85178e-05
7.55  38.55  4.45931e-05
7.55  39.05  5.69793e-05
7.55  39.55  1.24289e-05
7.55  40.05  7.26851e-05
7.55  40.55  5.89532e-05
7.55  41.05  3.91691e-05
7.55  41.55  4.54261e-05
7.55  42.05  9.91622e-05
7.55  42.55  8.94494e-05
7.55  43.05  6.93079e-05
7.55  43.55  4.6924e-05
7.55  44.05  0.000219237
7.55  44.55  0.000266042
7.55  45.05  0.000132479
7.55  45.55  0.000471213
7.55  46.05  0.00059148
7.55  46.55  0.000433585
7.55  47.05  0.000152941
7.55  47.55  7.71507e-05
7.55  48.05  8.87319e-05
7.55  48.55  7.97618e-05
7.55  49.05  2.78357e-05
7.55  49.55  2.59566e-05
7.55  50.05  7.80533e-06
7.55  50.55  1.45795e-06
7.55  51.05  8.60421e-07
7.55  51.55  7.7256e-07
7.55  52.05  1.8735e-06
10.05  37.55  4.01655e-05
10.05  38.05  1.46198e-05
10.05  38.55  2.00846e-05
10.05  39.05  3.57713e-05
10.05  39.55  2.32401e-05
10.05  40.05  7.70965e-05
10.05  40.55  0.000139628
10.05  41.05  9.09995e-05
10.05  41.55  7.12775e-05
10.05  42.05  0.000139578
10.05  42.55  0.000178892
10.05  43.05  0.000112373
10.05  43.55  7.71132e-05
10.05  44.05  0.000209175
10.05  44.55  0.000252788
10.05  45.05  0.000161317
10.05  45.55  0.000600838
10.05  46.05  0.0008906
10.05  46.55  0.000587406
10.05  47.05  0.00018351
10.05  47.55  0.000106251
10.05  48.05  0.000132015
10.05  48.55  0.000100736
10.05  49.05  3.22329e-05
10.05  49.55  3.34363e-05
10.05  50.05  1.05696e-05
10.05  50.55  2.40386e-06
10.05  51.05  1.00231e-06
10.05  51.55  1.04985e-06
10.05  52.05  3.34358e-06
12.55  37.55  2.59665e-05
12.55  38.05  9.22945e-06
12.55  38.55  1.90136e-05
12.55  39.05  3.09803e-05
12.55  39.55  3.42915e-05
12.55  40.05  8.27597e-05
12.55  40.55  0.000140884
12.55  41.05  9.77765e-05
12.55  41.55  8.84747e-05
12.55  42.05  0.000257837
12.55  42.55  0.000361489
12.55  43.05  0.000182713
12.55  43.55  0.000131134
12.55  44.05  0.000224349
12.55  44.55  0.000269673
12.55  45.05  0.000208699
12.55  45.55  0.000692117
12.55  46.05  0.00112276
12.55  46.55  0.000847153
12.55  47.05  0.000280763
12.55  47.55  0.000202566
12.55  48.05  0.000206292
12.55  48.55  0.000134811
12.55  49.05  4.28933e-05
12.55  49.55  5.2783e-05
12.55  50.05  2.27634e-05
12.55  50.55  6.41888e-06
12.55  51.05  1.91933e-06
12.55  51.55  1.57621e-06
12.55  52.05  3.59521e-06
15.05  37.55  3.04209e-05
15.05  38.05  1.47678e-05
15.05  38.55  2.89108e-05
15.05  39.05  3.05959e-05
15.05  39.55  2.86181e-05
15.05  40.05  6.9962e-05
15.05  40.55  9.40214e-05
15.05  41.05  8.0077e-05
15.05  41.55  8.41523e-05
15.05  42.05  0.00036707
15.05  42.55  0.000566938
15.05  43.05  0.000175948
15.05  43.55  0.000120219
15.05  44.05  0.000217049
15.05  44.55  0.000275991
15.05  45.05  0.000189264
15.05  45.55  0.000403301
15.05  46.05  0.000652019
15.05  46.55  0.000633711
15.05  47.05  0.000241768
15.05  47.55  0.000250389
15.05  48.05  0.000238112
15.05  48.55  0.000146419
15.05  49.05  4.57566e-05
15.05  49.55  4.71429e-05
15.05  50.05  2.8777e-05
15.05  50.55  7.90438e-06
15.05  51.05  2.03801e-06
15.05  51.55  1.38811e-06
15.05  52.05  3.35529e-06
17.55  37.55  0.000106127
17.55  38.05  2.84971e-05
17.55  38.55  3.21669e-05
17.55  39.05  4.70071e-05
17.55  39.55  2.62726e-05
17.55  40.05  6.17004e-05
17.55  40.55  9.37316e-05
17.55  41.05  8.42051e-05
17.55  41.55  0.000169654
17.55  42.05  0.000628075
17.55  42.55  0.000688153
17.55  43.05  0.000275899
17.55  43.55  0.000140361
17.55  44.05  0.000331401
17.55  44.55  0.000419847
17.55  45.05  0.000163855
17.55  45.55  0.000218264
17.55  46.05  0.000377583
17.55  46.55  0.000338752
17.55  47.05  0.00015817
17.55  47.55  0.000393235
17.55  48.05  0.000332624
17.55  48.55  0.000169962
17.55  49.05  6.02077e-05
17.55  49.55  4.87104e-05
17.55  50.05  2.98914e-05
17.55  50.55  9.53336e-06
17.55  51.05  2.86876e-06
17.55  51.55  2.15169e-06
17.55  52.05  4.17786e-06
20.05  37.55  7.85814e-05
20.05  38.05  1.47541e-05
20.05  38.55  1.42276e-05
20.05  39.05  3.73099e-05
20.05  39.55  1.9861e-05
20.05  40.05  6.21369e-05
20.05  40.55  9.06196e-05
20.05  41.05  5.34667e-05
20.05  41.55  0.000111818
20.05  42.05  0.000550585
20.05  42.55  0.000550367
20.05  43.05  0.000344962
20.05  43.55  0.000100841
20.05  44.05  0.000183026
20.05  44.55  0.000250872
20.05  45.05  0.000111462
20.05  45.55  0.000181028
20.05  46.05  0.000183291
20.05  46.55  9.45226e-05
20.05  47.05  6.10486e-05
20.05  47.55  0.000233705
20.05  48.05  0.000246402
20.05  48.55  0.000123875
20.05  49.05  3.58479e-05
20.05  49.55  3.17101e-05
20.05  50.05  1.84073e-05
20.05  50.55  8.03295e-06
20.05  51.05  3.62339e-06
20.05  51.55  2.72406e-06
20.05  52.05  8.20762e-06
22.55  37.55  2.28649e-05
22.55  38.05  6.16485e-06
22.55  38.55  5.84137e-06
22.55  39.05  1.81788e-05
22.55  39.55  2.88229e-05
22.55  40.05  9.71136e-05
22.55  40.55  0.000268001
22.55  41.05  0.000270773
22.55  41.55  0.000148109
22.55  42.05  0.000639025
22.55  42.55  0.000654619
22.55  43.05  0.000527608
22.55  43.55  6.66237e-05
22.55  44.05  0.000171569
22.55  44.55  0.000226333
22.55  45.05  0.000131806
22.55  45.55  0.000225082
22.55  46.05  0.000196985
22.55  46.55  7.88063e-05
22.55  47.05  5.43283e-05
22.55  47.55  0.000125385
22.55  48.05  0.000200699
22.55  48.55  8.54052e-05
22.55  49.05  2.60428e-05
22.55  49.55  3.07616e-05
22.55  50.05  1.72088e-05
22.55  50.55  8.2204e-06
22.55  51.05  4.91949e-06
22.55  51.55  5.40113e-06
22.55  52.05  3.05698e-05
25.05  37.55  1.72496e-05
25.05  38.05  8.93009e-06
25.05  38.55  9.57572e-06
25.05  39.05  1.26284e-05
25.05  39.55  4.76285e-05
25.05  40.05  0.00012321
25.05  40.55  0.000376939
25.05  41.05  0.000295137
25.05  41.55  0.000165786
25.05  42.05  0.000408626
25.05  42.55  0.000317106
25.05  43.05  0.000332157
25.05  43.55  0.000111729
25.05  44.05  0.000148376
25.05  44.55  0.000143433
25.05  45.05  0.000107882
25.05  45.55  0.000124608
25.05  46.05  0.000113466
25.05  46.55  8.72468e-05
25.05  47.05  6.58939e-05
25.05  47.55  9.53667e-05
25.05  48.05  0.000144095
25.05  48.55  5.57839e-05
25.05  49.05  1.81934e-05
25.05  49.55  2.072e-05
25.05  50.05  1.60812e-05
25.05  50.55  6.54484e-06
25.05  51.05  4.61571e-06
25.05  51.55  6.72992e-06
25.05  52.05  4.63006e-05
27.55  37.55  4.94644e-05
27.55  38.05  2.21339e-05
27.55  38.55  4.10411e-05
27.55  39.05  6.39854e-05
27.55  39.55  0.000107651
27.55  40.05  0.000208933
27.55  40.55  0.000346954
27.55  41.05  0.000327367
27.55  41.55  0.000115318
27.55  42.05  0.000308944
27.55  42.55  0.000453273
27.55  43.05  0.000317305
27.55  43.55  0.000259148
27.55  44.05  0.000160897
27.55  44.55  0.000208036
27.55  45.05  0.000138203
27.55  45.55  0.000108599
27.55  46.05  0.000133912
27.55  46.55  8.09312e-05
27.55  47.05  9.03194e-05
27.55  47.55  0.000103214
27.55  48.05  0.000127051
27.55  48.55  4.60529e-05
27.55  49.05  1.02997e-05
27.55  49.55  1.96976e-05
27.55  50.05  1.91813e-05
27.55  50.55  6.66487e-06
27.55  51.05  5.89737e-06
27.55  51.55  8.4394e-06
27.55  52.05  4.84041e-05
30.05  37.55  7.78461e-05
30.05  38.05  3.88727e-05
30.05  38.55  8.09235e-05
30.05  39.05  0.00012205
30.05  39.55  0.00013817
30.05  40.05  0.000239672
30.05  40.55  0.000188112
30.05  41.05  0.000271474
30.05  41.55  0.000177206
30.05  42.05  0.000255516
30.05  42.55  0.000473505
30.05  43.05  0.000298617
30.05  43.55  0.00011993
30.05  44.05  7.72185e-05
30.05  44.55  0.000159278
30.05  45.05  0.000114538
30.05  45.55  0.000123797
30.05  46.05  0.000137665
30.05  46.55  5.68651e-05
30.05  47.05  5.01917e-05
30.05  47.55  7.65119e-05
30.05  48.05  7.90937e-05
30.05  48.55  3.50779e-05
30.05  49.05  9.88857e-06
30.05  49.55  1.0614e-05
30.05  50.05  1.11398e-05
30.05  50.55  5.70683e-06
30.05  51.05  4.99194e-06
30.05  51.55  6.3882e-06
30.05  52.05  2.67819e-05
32.55  37.55  0.000137815
32.55  38.05  7.0433e-05
32.55  38.55  0.00021081
32.55  39.05  0.000295903
32.55  39.55  0.000159486
32.55  40.05  0.000218411
32.55  40.55  0.000253341
32.55  41.05  0.000355179
32.55  41.55  0.000560299
32.55  42.05  0.000548257
32.55  42.55  0.000572173
32.55  43.05  0.000383354
32.55  43.55  7.58714e-05
32.55  44.05  5.56721e-05
32.55  44.55  0.000120971
32.55  45.05  0.000106358
32.55  45.55  0.000185524
32.55  46.05  0.00015479
32.55  46.55  6.22394e-05
32.55  47.05  5.23869e-05
32.55  47.55  8.74577e-05
32.55  48.05  0.000100281
32.55  48.55  4.12811e-05
32.55  49.05  1.31922e-05
32.55  49.55  1.35859e-05
32.55  50.05  1.22214e-05
32.55  50.55  6.08736e-06
32.55  51.05  5.85057e-06
32.55  51.55  6.96799e-06
32.55  52.05  2.68029e-05
35.05  37.55  0.000176019
35.05  38.05  7.96906e-05
35.05  38.55  0.000203856
35.05  39.05  0.000254329
35.05  39.55  0.000151504
35.05  40.05  0.000276425
35.05  40.55  0.000439497
35.05  41.05  0.000447576
35.05  41.55  0.00044843
35.05  42.05  0.000903675
35.05  42.55  0.000856329
35.05  43.05  0.000405586
35.05  43.55  0.000105481
35.05  44.05  9.97453e-05
35.05  44.55  0.000152309
35.05  45.05  8.6135e-05
35.05  45.55  0.00015119
35.05  46.05  0.00014937
35.05  46.55  0.000103906
35.05  47.05  5.29464e-05
35.05  47.55  7.24305e-05
35.05  48.05  9.75382e-05
35.05  48.55  4.21436e-05
35.05  49.05  1.30236e-05
35.05  49.55  1.81557e-05
35.05  50.05  1.39132e-05
35.05  50.55  5.30966e-06
35.05  51.05  6.61159e-06
35.05  51.55  7.76287e-06
35.05  52.05  3.28997e-05
37.55  37.55  0.000303437
37.55  38.05  0.000118487
37.55  38.55  0.00020102
37.55  39.05  0.000227037
37.55  39.55  0.000218375
37.55  40.05  0.00070364
37.55  40.55  0.00082528
37.55  41.05  0.000699727
37.55  41.55  0.00041691
37.55  42.05  0.0010559
37.55  42.55  0.00108728
37.55  43.05  0.000417494
37.55  43.55  0.000176676
37.55  44.05  0.000283673
37.55  44.55  0.000321139
37.55  45.05  0.000127465
37.55  45.55  0.000204729
37.55  46.05  0.000311584
37.55  46.55  0.000211349
37.55  47.05  6.26977e-05
37.55  47.55  8.65373e-05
37.55  48.05  8.58634e-05
37.55  48.55  4.12869e-05
37.55  49.05  1.86899e-05
37.55  49.55  2.60906e-05
37.55  50.05  1.75446e-05
37.55  50.55  7.37567e-06
37.55  51.05  1.00438e-05
37.55  51.55  1.11407e-05
37.55  52.05  2.92876e-05
40.05  37.55  0.000340957
40.05  38.05  8.50321e-05
40.05  38.55  0.00011832
40.05  39.05  0.000122526
40.05  39.55  0.000161273
40.05  40.05  0.000647764
40.05  40.55  0.000891728
40.05  41.05  0.000750607
40.05  41.55  0.000340933
40.05  42.05  0.000357316
40.05  42.55  0.000506843
40.05  43.05  0.000363938
40.05  43.55  0.00020778
40.05  44.05  0.000346223
40.05  44.55  0.000263116
40.05  45.05  0.000120146
40.05  45.55  0.000222026
40.05  46.05  0.000335593
40.05  46.55  0.00016753
40.05  47.05  5.65047e-05
40.05  47.55  6.77356e-05
40.05  48.05  6.28409e-05
40.05  48.55  4.2781e-05
40.05  49.05  2.12108e-05
40.05  49.55  2.59123e-05
40.05  50.05  1.45352e-05
40.05  50.55  7.86114e-06
40.05  51.05  8.87714e-06
40.05  51.55  8.77269e-06
40.05  52.05  2.89415e-05
42.55  37.55  0.000226943
42.55  38.05  6.70757e-05
42.55  38.55  8.75665e-05
42.55  39.05  8.64485e-05
42.55  39.55  0.000145755
42.55  40.05  0.000724997
42.55  40.55  0.00105968
42.55  41.05  0.00113582
42.55  41.55  0.000305827
42.55  42.05  0.000573493
42.55  42.55  0.000779096
42.55  43.05  0.000536497
42.55  43.55  0.000285945
42.55  44.05  0.000520159
42.55  44.55  0.000294296
42.55  45.05  0.000143497
42.55  45.55  0.000330406
42.55  46.05  0.000439763
42.55  46.55  0.000240498
42.55  47.05  7.03458e-05
42.55  47.55  6.81961e-05
42.55  48.05  7.93583e-05
42.55  48.55  5.77704e-05
42.55  49.05  2.93532e-05
42.55  49.55  3.45803e-05
42.55  50.05  1.89449e-05
42.55  50.55  1.01242e-05
42.55  51.05  1.01148e-05
42.55  51.55  9.60392e-06
42.55  52.05  3.33185e-05
45.05  37.55  0.000118415
45.05  38.05  4.37013e-05
45.05  38.55  6.432e-05
45.05  39.05  9.06713e-05
45.05  39.55  0.000121282
45.05  40.05  0.000792534
45.05  40.55  0.00139748
45.05  41.05  0.00130551
45.05  41.55  0.000464584
45.05  42.05  0.00103365
45.05  42.55  0.00111785
45.05  43.05  0.000783142
45.05  43.55  0.000515017
45.05  44.05  0.000960675
45.05  44.55  0.000448811
45.05  45.05  0.000199352
45.05  45.55  0.000123317
45.05  46.05  0.000222903
45.05  46.55  0.000227663
45.05  47.05  7.70648e-05
45.05  47.55  6.05149e-05
45.05  48.05  8.12484e-05
45.05  48.55  4.85819e-05
45.05  49.05  2.50756e-05
45.05  49.55  2.88014e-05
45.05  50.05  1.77606e-05
45.05  50.55  9.48368e-06
45.05  51.05  8.26727e-06
45.05  51.55  7.36925e-06
45.05  52.05  2.24351e-05
47.55  37.55  8.9657e-05
47.55  38.05  4.08361e-05
47.55  38.55  0.000153715
47.55  39.05  0.000202057
47.55  39.55  0.000102033
47.55  40.05  0.001423
47.55  40.55  0.00263833
47.55  41.05  0.0012498
47.55  41.55  0.00139592
47.55  42.05  0.00198972
47.55  42.55  0.00186137
47.55  43.05  0.00169004
47.55  43.55  0.00115165
47.55  44.05  0.00229565
47.55  44.55  0.00126437
47.55  45.05  0.000367656
47.55  45.55  0.000104727
47.55  46.05  0.000195725
47.55  46.55  0.000230796
47.55  47.05  0.000116445
47.55  47.55  7.89205e-05
47.55  48.05  8.65958e-05
47.55  48.55  4.88845e-05
47.55  49.05  2.9993e-05
47.55  49.55  3.99049e-05
47.55  50.05  2.36456e-05
47.55  50.55  1.19383e-05
47.55  51.05  9.52446e-06
47.55  51.55  9.20111e-06
47.55  52.05  4.1136e-05
50.05  37.55  1.33912e-05
50.05  38.05  4.23352e-05
50.05  38.55  0.000386755
50.05  39.05  0.000211832
50.05  39.55  0.000216389
50.05  40.05  0.00101887
50.05  40.55  0.0019376
50.05  41.05  0.00145246
50.05  41.55  0.00171601
50.05  42.05  0.00302998
50.05  42.55  0.00285273
50.05  43.05  0.00298707
50.05  43.55  0.00216896
50.05  44.05  0.00241072
50.05  44.55  0.001735
50.05  45.05  0.000537749
50.05  45.55  0.000180465
50.05  46.05  0.000314753
50.05  46.55  0.000208392
50.05  47.05  7.869e-05
50.05  47.55  7.88823e-05
50.05  48.05  9.17897e-05
50.05  48.55  5.49509e-05
50.05  49.05  2.84619e-05
50.05  49.55  4.6311e-05
50.05  50.05  2.26767e-05
50.05  50.55  1.02572e-05
50.05  51.05  9.07831e-06
50.05  51.55  1.11721e-05
50.05  52.05  6.8184e-05
52.55  37.55  1.00843e-05
52.55  38.05  7.71638e-05
52.55  38.55  0.00119813
52.55  39.05  0.00106738
52.55  39.55  0.000860866
52.55  40.05  0.00168717
52.55  40.55  0.0019215
52.55  41.05  0.00267658
52.55  41.55  0.0030716
52.55  42.05  0.00466412
52.55  42.55  0.00404339
52.55  43.05  0.00482742
52.55  43.55  0.00450958
52.55  44.05  0.00309421
52.55  44.55  0.00271483
52.55  45.05  0.000849993
52.55  45.55  0.000324841
52.55  46.05  0.000567189
52.55  46.55  0.000359935
52.55  47.05  0.00010775
52.55  47.55  0.000130589
52.55  48.05  0.000179958
52.55  48.55  9.20846e-05
52.55  49.05  3.84221e-05
52.55  49.55  6.2615e-05
52.55  50.05  3.33202e-05
52.55  50.55  1.41325e-05
52.55  51.05  1.26049e-05
52.55  51.55  1.30602e-05
52.55  52.05  4.05075e-05
55.05  37.55  0.00020156
55.05  38.05  0.00030671
55.05  38.55  0.00289606
55.05  39.05  0.00345723
55.05  39.55  0.00146454
55.05  40.05  0.00214805
55.05  40.55  0.00138112
55.05  41.05  0.00305884
55.05  41.55  0.0043873
55.05  42.05  0.00841889
55.05  42.55  0.00658046
55.05  43.05  0.00482943
55.05  43.55  0.00266905
55.05  44.05  0.00240822
55.05  44.55  0.00262879
55.05  45.05  0.001032
55.05  45.55  0.000740807
55.05  46.05  0.000738406
55.05  46.55  0.000492126
55.05  47.05  0.000142983
55.05  47.55  0.000127636
55.05  48.05  0.000165545
55.05  48.55  6.82918e-05
55.05  49.05  2.95123e-05
55.05  49.55  5.88119e-05
55.05  50.05  3.93573e-05
55.05  50.55  1.70124e-05
55.05  51.05  1.21025e-05
55.05  51.55  8.88602e-06
55.05  52.05  1.43734e-05
57.55  37.55  0.00268773
57.55  38.05  0.00258352
57.55  38.55  0.00884701
57.55  39.05  0.00690641
57.55  39.55  0.00239938
57.55  40.05  0.00341124
57.55  40.55  0.00325999
57.55  41.05  0.0053897
57.55  41.55  0.00623267
57.55  42.05  0.011895
57.55  42.55  0.0104261
57.55  43.05  0.00597326
57.55  43.55  0.0026072
57.55  44.05  0.00406647
57.55  44.55  0.00314941
57.55  45.05  0.0015918
57.55  45.55  0.0011723
57.55  46.05  0.00138093
57.55  46.55  0.000752424
57.55  47.05  0.000219639
57.55  47.55  0.000141169
57.55  48.05  0.000163263
57.55  48.55  9.78958e-05
57.55  49.05  3.82139e-05
57.55  49.55  6.60831e-05
57.55  50.05  6.17818e-05
57.55  50.55  2.42247e-05
57.55  51.05  1.5094e-05
57.55  51.55  1.44179e-05
57.55  52.05  4.73476e-05
60.05  37.55  0.00666875
60.05  38.05  0.00493117
60.05  38.55  0.0180152
60.05  39.05  0.00926968
60.05  39.55  0.00337977
60.05  40.05  0.00418172
60.05  40.55  0.00578792
60.05  41.05  0.00597087
60.05  41.55  0.00733758
60.05  42.05  0.0113392
60.05  42.55  0.0111806
60.05  43.05  0.00616479
60.05  43.55  0.00210181
60.05  44.05  0.00345749
60.05  44.55  0.00168974
60.05  45.05  0.000571145
60.05  45.55  0.000846601
60.05  46.05  0.00149733
60.05  46.55  0.000801196
60.05  47.05  0.000209397
60.05  47.55  0.000153922
60.05  48.05  0.000135481
60.05  48.55  0.000106239
60.05  49.05  5.12318e-05
60.05  49.55  5.63861e-05
60.05  50.05  6.40588e-05
60.05  50.55  2.23889e-05
60.05  51.05  1.23357e-05
60.05  51.55  1.48873e-05
60.05  52.05  4.3295e-05
62.55  37.55  0.043247
62.55  38.05  0.0229243
62.55  38.55  0.0285708
62.55  39.05  0.0192995
62.55  39.55  0.00824665
62.55  40.05  0.00600332
62.55  40.55  0.0102806
62.55  41.05  0.0089446
62.55  41.55  0.0105462
62.55  42.05  0.015569
62.55  42.55  0.016406
62.55  43.05  0.00809989
62.55  43.55  0.00214965
62.55  44.05  0.00291455
62.55  44.55  0.00146141
62.55  45.05  0.000249783
62.55  45.55  0.00132443
62.55  46.05  0.0016457
62.55  46.55  0.000926728
62.55  47.05  0.000305031
62.55  47.55  0.000233705
62.55  48.05  0.000219877
62.55  48.55  0.000144724
62.55  49.05  5.60689e-05
62.55  49.55  6.5741e-05
62.55  50.05  6.98126e-05
62.55  50.55  2.40926e-05
62.55  51.05  1.44476e-05
62.55  51.55  1.70313e-05
62.55  52.05  4.97076e-05
65.05  37.55  0.060718
65.05  38.05  0.0236407
65.05  38.55  0.0262897
65.05  39.05  0.0258228
65.05  39.55  0.0108533
65.05  40.05  0.00987025
65.05  40.55  0.0172661
65.05  41.05  0.0104806
65.05  41.55  0.00841327
65.05  42.05  0.0121663
65.05  42.55  0.0148838
65.05  43.05  0.0104279
65.05  43.55  0.00394592
65.05  44.05  0.00321058
65.05  44.55  0.00255664
65.05  45.05  0.000498216
65.05  45.55  0.00146324
65.05  46.05  0.00128286
65.05  46.55  0.000863376
65.05  47.05  0.000250347
65.05  47.55  0.000184357
65.05  48.05  0.000192739
65.05  48.55  0.000115477
65.05  49.05  4.7746e-05
65.05  49.55  4.91327e-05
65.05  50.05  5.76346e-05
65.05  50.55  2.0941e-05
65.05  51.05  1.30596e-05
65.05  51.55  1.54328e-05
65.05  52.05  6.55204e-05
67.55  37.55  0.0429176
67.55  38.05  0.0197103
67.55  38.55  0.0316726
67.55  39.05  0.0278464
67.55  39.55  0.0156529
67.55  40.05  0.0243109
67.55  40.55  0.0310211
67.55  41.05  0.0154404
67.55  41.55  0.0131315
67.55  42.05  0.0175905
67.55  42.55  0.0184246
67.55  43.05  0.0149516
67.55  43.55  0.00557553
67.55  44.05  0.00638544
67.55  44.55  0.0082138
67.55  45.05  0.00390003
67.55  45.55  0.00215759
67.55  46.05  0.00176873
67.55  46.55  0.0010268
67.55  47.05  0.000256669
67.55  47.55  0.000225344
67.55  48.05  0.000238527
67.55  48.55  0.000144757
67.55  49.05  6.38698e-05
67.55  49.55  5.74806e-05
67.55  50.05  6.95663e-05
67.55  50.55  2.4591e-05
67.55  51.05  1.41342e-05
67.55  51.55  1.53021e-05
67.55  52.05  7.47273e-05
70.05  37.55  0.0224352
70.05  38.05  0.0153031
70.05  38.55  0.0409488
70.05  39.05  0.0291967
70.05  39.55  0.0189739
70.05  40.05  0.0405488
70.05  40.55  0.0523217
70.05  41.05  0.0291689
70.05  41.55  0.0147396
70.05  42.05  0.0152704
70.05  42.55  0.014076
70.05  43.05  0.014755
70.05  43.55  0.00490273
70.05  44.05  0.00529953
70.05  44.55  0.007754
70.05  45.05  0.00519562
70.05  45.55  0.00200544
70.05  46.05  0.00162068
70.05  46.55  0.000974842
70.05  47.05  0.000244303
70.05  47.55  0.00022527
70.05  48.05  0.000254838
70.05  48.55  0.000140272
70.05  49.05  5.43865e-05
70.05  49.55  5.98311e-05
70.05  50.05  6.48679e-05
70.05  50.55  2.13358e-05
70.05  51.05  1.1906e-05
70.05  51.55  1.17254e-05
70.05  52.05  2.32604e-05
72.55  37.55  0.0121297
72.55  38.05  0.00853852
72.55  38.55  0.0532294
72.55  39.05  0.0595506
72.55  39.55  0.0462746
72.55  40.05  0.063512
72.55  40.55  0.0930134
72.55  41.05  0.0604507
72.55  41.55  0.0280912
72.55  42.05  0.0185744
72.55  42.55  0.0143794
72.55  43.05  0.0200518
72.55  43.55  0.00575168
72.55  44.05  0.00348423
72.55  44.55  0.00482735
72.55  45.05  0.00433507
72.55  45.55  0.00194177
72.55  46.05  0.00248918
72.55  46.55  0.00138675
72.55  47.05  0.000292499
72.55  47.55  0.000294303
72.55  48.05  0.00037671
72.55  48.55  0.000144877
72.55  49.05  6.24132e-05
72.55  49.55  9.30756e-05
72.55  50.05  9.31828e-05
72.55  50.55  2.72928e-05
72.55  51.05  1.36781e-05
72.55  51.55  1.02115e-05
72.55  52.05  2.28462e-05
75.05  37.55  0.0144075
75.05  38.05  0.0111871
75.05  38.55  0.0543503
75.05  39.05  0.0545784
75.05  39.55  0.0388648
75.05  40.05  0.0911248
75.05  40.55  0.146944
75.05  41.05  0.113948
75.05  41.55  0.0370055
75.05  42.05  0.0297793
75.05  42.55  0.0195932
75.05  43.05  0.0168445
75.05  43.55  0.00403514
75.05  44.05  0.00360845
75.05  44.55  0.00424489
75.05  45.05  0.00231692
75.05  45.55  0.00148444
75.05  46.05  0.00274567
75.05  46.55  0.00169672
75.05  47.05  0.000347639
75.05  47.55  0.000264927
75.05  48.05  0.000377803
75.05  48.55  0.000110914
75.05  49.05  5.27697e-05
75.05  49.55  9.06824e-05
75.05  50.05  8.47573e-05
75.05  50.55  2.20423e-05
75.05  51.05  1.01309e-05
75.05  51.55  6.29549e-06
75.05  52.05  1.44184e-05
77.55  37.55  0.041332
77.55  38.05  0.0322789
77.55  38.55  0.0860441
77.55  39.05  0.0598839
77.55  39.55  0.0428388
77.55  40.05  0.218559
77.55  40.55  0.221131
77.55  41.05  0.172835
77.55  41.55  0.0594828
77.55  42.05  0.0649883
77.55  42.55  0.0379583
77.55  43.05  0.0180419
77.55  43.55  0.00266563
77.55  44.05  0.00366912
77.55  44.55  0.00478492
77.55  45.05  0.00220179
77.55  45.55  0.00198735
77.55  46.05  0.00307526
77.55  46.55  0.00210486
77.55  47.05  0.000629165
77.55  47.55  0.000405343
77.55  48.05  0.000413319
77.55  48.55  0.000169267
77.55  49.05  6.5315e-05
77.55  49.55  0.000109468
77.55  50.05  8.63016e-05
77.55  50.55  2.60671e-05
77.55  51.05  1.31184e-05
77.55  51.55  1.06291e-05
77.55  52.05  2.04433e-05
80.05  37.55  0.11997
80.05  38.05  0.0619748
80.05  38.55  0.100834
80.05  39.05  0.0593324
80.05  39.55  0.0384902
80.05  40.05  0.139288
80.05  40.55  0.103656
80.05  41.05  0.137963
80.05  41.55  0.0427642
80.05  42.05  0.0703948
80.05  42.55  0.0528385
80.05  43.05  0.0237883
80.05  43.55  0.00480945
80.05  44.05  0.00391377
80.05  44.55  0.00386774
80.05  45.05  0.00146546
80.05  45.55  0.00175148
80.05  46.05  0.00224174
80.05  46.55  0.00141195
80.05  47.05  0.000507293
80.05  47.55  0.000322058
80.05  48.05  0.000282609
80.05  48.55  0.000174689
80.05  49.05  6.70809e-05
80.05  49.55  8.41057e-05
80.05  50.05  5.43259e-05
80.05  50.55  2.27127e-05
80.05  51.05  1.40375e-05
80.05  51.55  1.32273e-05
80.05  52.05  4.04556e-05
82.55  37.55  0.601844
82.55  38.05  0.172714
82.55  38.55  0.119959
82.55  39.05  0.102203
82.55  39.55  0.0793158
82.55  40.05  0.187721
82.55  40.55  0.205122
82.55  41.05  0.111681
82.55  41.55  0.0399668
82.55  42.05  0.108296
82.55  42.55  0.0790668
82.55  43.05  0.0348281
82.55  43.55  0.0108642
82.55  44.05  0.00605982
82.55  44.55  0.00427717
82.55  45.05  0.00167122
82.55  45.55  0.00198732
82.55  46.05  0.00230817
82.55  46.55  0.00151121
82.55  47.05  0.000551874
82.55  47.55  0.000412102
82.55  48.05  0.000389344
82.55  48.55  0.000221879
82.55  49.05  8.72049e-05
82.55  49.55  0.000115043
82.55  50.05  5.84648e-05
82.55  50.55  2.33598e-05
82.55  51.05  1.79835e-05
82.55  51.55  2.12863e-05
82.55  52.05  8.71175e-05
85.05  37.55  1
85.05  38.05  0.160715
85.05  38.55  0.0635945
85.05  39.05  0.113624
85.05  39.55  0.0875318
85.05  40.05  0.0945428
85.05  40.55  0.169968
85.05  41.05  0.158928
85.05  41.55  0.086799
85.05  42.05  0.0899886
85.05  42.55  0.062348
85.05  43.05  0.0316128
85.05  43.55  0.00687586
85.05  44.05  0.00671307
85.05  44.55  0.00389862
85.05  45.05  0.00136952
85.05  45.55  0.00172332
85.05  46.05  0.00183138
85.05  46.55  0.00147717
85.05  47.05  0.000542802
85.05  47.55  0.000450833
85.05  48.05  0.000369289
85.05  48.55  0.000220389
85.05  49.05  9.23768e-05
85.05  49.55  9.72587e-05
85.05  50.05  4.86674e-05
85.05  50.55  1.74678e-05
85.05  51.05  1.43206e-05
85.05  51.55  1.94985e-05
85.05  52.05  0.000107149
87.55  37.55  0.733191
87.55  38.05  0.137938
87.55  38.55  0.0801925
87.55  39.05  0.140143
87.55  39.55  0.102903
87.55  40.05  0.113309
87.55  40.55  0.222074
87.55  41.05  0.298615
87.55  41.55  0.163456
87.55  42.05  0.108418
87.55  42.55  0.0687195
87.55  43.05  0.0338755
87.55  43.55  0.00664282
87.55  44.05  0.00748945
87.55  44.55  0.00441273
87.55  45.05  0.00179236
87.55  45.55  0.00287119
87.55  46.05  0.00280713
87.55  46.55  0.00183517
87.55  47.05  0.000725016
87.55  47.55  0.000723863
87.55  48.05  0.000499586
87.55  48.55  0.000351808
87.55  49.05  0.000130707
87.55  49.55  0.00012986
87.55  50.05  5.91283e-05
87.55  50.55  2.25941e-05
87.55  51.05  1.88547e-05
87.55  51.55  2.17743e-05
87.55  52.05  8.96067e-05
90.05  37.55  0.497413
90.05  38.05  0.143387
90.05  38.55  0.196246
90.05  39.05  0.146817
90.05  39.55  0.0780139
90.05  40.05  0.127615
90.05  40.55  0.210513
90.05  41.05  0.187992
90.05  41.55  0.0722806
90.05  42.05  0.0906258
90.05  42.55  0.048008
90.05  43.05  0.0205609
90.05  43.55  0.00446822
90.05  44.05  0.00421915
90.05  44.55  0.00310595
90.05  45.05  0.0018385
90.05  45.55  0.00255473
90.05  46.05  0.00299101
90.05  46.55  0.00193571
90.05  47.05  0.000774299
90.05  47.55  0.000780647
90.05  48.05  0.000600771
90.05  48.55  0.000394262
90.05  49.05  0.000133908
90.05  49.55  0.000133748
90.05  50.05  5.76396e-05
90.05  50.55  2.82493e-05
90.05  51.05  2.02113e-05
90.05  51.55  1.9333e-05
90.05  52.05  4.995e-05
92.55  37.55  0.421175
92.55  38.05  0.163367
92.55  38.55  0.355033
92.55  39.05  0.25203
92.55  39.55  0.116651
92.55  40.05  0.16987
92.55  40.55  0.174485
92.55  41.05  0.0769419
92.55  41.55  0.0544588
92.55  42.05  0.0909354
92.55  42.55  0.0486054
92.55  43.05  0.0208837
92.55  43.55  0.00369958
92.55  44.05  0.00393168
92.55  44.55  0.00403452
92.55  45.05  0.00167681
92.55  45.55  0.00309685
92.55  46.05  0.00385301
92.55  46.55  0.00221574
92.55  47.05  0.00105034
92.55  47.55  0.000933925
92.55  48.05  0.000854382
92.55  48.55  0.000533292
92.55  49.05  0.000179523
92.55  49.55  0.00015109
92.55  50.05  9.17254e-05
92.55  50.55  4.39807e-05
92.55  51.05  2.60285e-05
92.55  51.55  2.97389e-05
92.55  52.05  0.00012372
95.05  37.55  0.275969
95.05  38.05  0.128108
95.05  38.55  0.249587
95.05  39.05  0.244114
95.05  39.55  0.109791
95.05  40.05  0.125246
95.05  40.55  0.138255
95.05  41.05  0.0859672
95.05  41.55  0.062402
95.05  42.05  0.0400916
95.05  42.55  0.0238158
95.05  43.05  0.0134431
95.05  43.55  0.00423198
95.05  44.05  0.00388474
95.05  44.55  0.00458032
95.05  45.05  0.00118474
95.05  45.55  0.00240737
95.05  46.05  0.00366041
95.05  46.55  0.0016906
95.05  47.05  0.000726009
95.05  47.55  0.000770145
95.05  48.05  0.000888254
95.05  48.55  0.000550108
95.05  49.05  0.00014558
95.05  49.55  0.000133427
95.05  50.05  0.000119943
95.05  50.55  5.53596e-05
95.05  51.05  2.46022e-05
95.05  51.55  3.0635e-05
95.05  52.05  0.000155652
97.55  37.55  0.11666
97.55  38.05  0.0788596
97.55  38.55  0.190633
97.55  39.05  0.226095
97.55  39.55  0.118506
97.55  40.05  0.102582
97.55  40.55  0.168832
97.55  41.05  0.136018
97.55  41.55  0.0567646
97.55  42.05  0.0317479
97.55  42.55  0.0199301
97.55  43.05  0.0136604
97.55  43.55  0.00444463
97.55  44.05  0.00447811
97.55  44.55  0.00360749
97.55  45.05  0.00139074
97.55  45.55  0.00327856
97.55  46.05  0.00358037
97.55  46.55  0.00177348
97.55  47.05  0.000762645
97.55  47.55  0.00106
97.55  48.05  0.00130378
97.55  48.55  0.000816179
97.55  49.05  0.000176761
97.55  49.55  0.000161057
97.55  50.05  0.000172524
97.55  50.55  9.43556e-05
97.55  51.05  3.337e-05
97.55  51.55  2.67569e-05
97.55  52.05  0.000141079
100.05  37.55  0.0292105
100.05  38.05  0.0215053
100.05  38.55  0.0619542
100.05  39.05  0.111659
100.05  39.55  0.0667451
100.05  40.05  0.0737893
100.05  40.55  0.133381
100.05  41.05  0.0887688
100.05  41.55  0.0279763
100.05  42.05  0.0219655
100.05  42.55  0.0161071
100.05  43.05  0.0144851
100.05  43.55  0.00439147
100.05  44.05  0.00407467
100.05  44.55  0.00194452
100.05  45.05  0.00144905
100.05  45.55  0.00274489
100.05  46.05  0.00265017
100.05  46.55  0.0015045
100.05  47.05  0.000733873
100.05  47.55  0.00109045
100.05  48.05  0.00115845
100.05  48.55  0.000692593
100.05  49.05  0.000163775
100.05  49.55  0.00013345
100.05  50.05  0.000135825
100.05  50.55  7.96165e-05
100.05  51.05  3.00125e-05
100.05  51.55  1.55247e-05
100.05  52.05  6.05782e-05
102.55  37.55  0.0162752
102.55  38.05  0.0135008
102.55  38.55  0.0344616
102.55  39.05  0.0527226
102.55  39.55  0.0324005
102.55  40.05  0.0466895
102.55  40.55  0.128149
102.55  41.05  0.0869454
102.55  41.55  0.0240636
102.55  42.05  0.0206746
102.55  42.55  0.0144234
102.55  43.05  0.0165182
102.55  43.55  0.00434592
102.55  44.05  0.00376911
102.55  44.55  0.00275777
102.55  45.05  0.00206073
102.55  45.55  0.00326678
102.55  46.05  0.00271623
102.55  46.55  0.00202758
102.55  47.05  0.000970509
102.55  47.55  0.0014291
102.55  48.05  0.00135746
102.55  48.55  0.000848016
102.55  49.05  0.000222265
102.55  49.55  0.000178995
102.55  50.05  0.000155582
102.55  50.55  7.31471e-05
102.55  51.05  3.63468e-05
102.55  51.55  2.73063e-05
102.55  52.05  9.31399e-05
105.05  37.55  0.0143236
105.05  38.05  0.0107222
105.05  38.55  0.0309467
105.05  39.05  0.0385911
105.05  39.55  0.0226451
105.05  40.05  0.03221
105.05  40.55  0.101062
105.05  41.05  0.0557252
105.05  41.55  0.0175248
105.05  42.05  0.017527
105.05  42.55  0.00988229
105.05  43.05  0.00820478
105.05  43.55  0.0016073
105.05  44.05  0.00182578
105.05  44.55  0.00203058
105.05  45.05  0.00147514
105.05  45.55  0.00200513
105.05  46.05  0.00174754
105.05  46.55  0.00163443
105.05  47.05  0.00085794
105.05  47.55  0.00113005
105.05  48.05  0.00130082
105.05  48.55  0.000876309
105.05  49.05  0.000237358
105.05  49.55  0.000190938
105.05  50.05  0.000144726
105.05  50.55  6.38307e-05
105.05  51.05  2.87848e-05
105.05  51.55  2.47073e-05
105.05  52.05  5.3655e-05
107.55  37.55  0.00559237
107.55  38.05  0.00716374
107.55  38.55  0.0333583
107.55  39.05  0.0413596
107.55  39.55  0.0228502
107.55  40.05  0.0450689
107.55  40.55  0.100517
107.55  41.05  0.047116
107.55  41.55  0.0145061
107.55  42.05  0.0128858
107.55  42.55  0.00643533
107.55  43.05  0.00317211
107.55  43.55  0.000976607
107.55  44.05  0.00168781
107.55  44.55  0.00172959
107.55  45.05  0.00105665
107.55  45.55  0.00148655
107.55  46.05  0.00183548
107.55  46.55  0.00172836
107.55  47.05  0.0010164
107.55  47.55  0.00141646
107.55  48.05  0.00197469
107.55  48.55  0.00132873
107.55  49.05  0.000390745
107.55  49.55  0.000267985
107.55  50.05  0.000226606
107.55  50.55  7.80294e-05
107.55  51.05  3.3091e-05
107.55  51.55  2.84798e-05
107.55  52.05  5.32619e-05
110.05  37.55  0.00458534
110.05  38.05  0.00649099
110.05  38.55  0.0257362
110.05  39.05  0.0403516
110.05  39.55  0.0242748
110.05  40.05  0.0648904
110.05  40.55  0.0705493
110.05  41.05  0.0335815
110.05  41.55  0.00723494
110.05  42.05  0.00559907
110.05  42.55  0.00403052
110.05  43.05  0.00244483
110.05  43.55  0.000743352
110.05  44.05  0.00129126
110.05  44.55  0.00119912
110.05  45.05  0.000776724
110.05  45.55  0.00151497
110.05  46.05  0.00181808
110.05  46.55  0.00146154
110.05  47.05  0.00083127
110.05  47.55  0.00131811
110.05  48.05  0.00206989
110.05  48.55  0.00139939
110.05  49.05  0.000375614
110.05  49.55  0.00025718
110.05  50.05  0.000233538
110.05  50.55  7.31656e-05
110.05  51.05  2.56669e-05
110.05  51.55  2.05219e-05
110.05  52.05  2.50997e-05
112.55  37.55  0.00573394
112.55  38.05  0.00530828
112.55  38.55  0.0152545
112.55  39.05  0.0244676
112.55  39.55  0.024947
112.55  40.05  0.0655056
112.55  40.55  0.0516537
112.55  41.05  0.0197569
112.55  41.55  0.00375591
112.55  42.05  0.00318854
112.55  42.55  0.00385871
112.55  43.05  0.00252335
112.55  43.55  0.00073215
112.55  44.05  0.001244
112.55  44.55  0.000889514
112.55  45.05  0.000875739
112.55  45.55  0.00188569
112.55  46.05  0.00201362
112.55  46.55  0.00158049
112.55  47.05  0.00108933
112.55  47.55  0.00177971
112.55  48.05  0.00285273
112.55  48.55  0.00243677
112.55  49.05  0.000537211
112.55  49.55  0.000355855
112.55  50.05  0.000296328
112.55  50.55  8.38941e-05
112.55  51.05  2.56069e-05
112.55  51.55  2.2393e-05
112.55  52.05  7.9059e-05
115.05  37.55  0.00220457
115.05  38.05  0.0019229
115.05  38.55  0.00784706
115.05  39.05  0.0143221
115.05  39.55  0.0147136
115.05  40.05  0.0199616
115.05  40.55  0.0169167
115.05  41.05  0.00741684
115.05  41.55  0.0013338
115.05  42.05  0.0015394
115.05  42.55  0.00159232
115.05  43.05  0.000844953
115.05  43.55  0.000567708
115.05  44.05  0.000951348
115.05  44.55  0.000562176
115.05  45.05  0.000762112
115.05  45.55  0.0017929
115.05  46.05  0.00123764
115.05  46.55  0.000921616
115.05  47.05  0.000743277
115.05  47.55  0.00147036
115.05  48.05  0.00260515
115.05  48.55  0.00358127
115.05  49.05  0.000557486
115.05  49.55  0.000400001
115.05  50.05  0.000301995
115.05  50.55  7.55846e-05
115.05  51.05  2.06929e-05
115.05  51.55  1.99793e-05
115.05  52.05  6.29418e-05
117.55  37.55  0.00122179
117.55  38.05  0.000777171
117.55  38.55  0.00735035
117.55  39.05  0.0175499
117.55  39.55  0.00876535
117.55  40.05  0.00841592
117.55  40.55  0.00842969
117.55  41.05  0.00392148
117.55  41.55  0.000744525
117.55  42.05  0.000984401
117.55  42.55  0.000849292
117.55  43.05  0.000488776
117.55  43.55  0.000612502
117.55  44.05  0.00117562
117.55  44.55  0.000780504
117.55  45.05  0.000834237
117.55  45.55  0.00242643
117.55  46.05  0.00126139
117.55  46.55  0.000757226
117.55  47.05  0.000686148
117.55  47.55  0.00135924
117.55  48.05  0.00278628
117.55  48.55  0.00431302
117.55  49.05  0.000538114
117.55  49.55  0.000497527
117.55  50.05  0.000429453
117.55  50.55  0.000110373
117.55  51.05  2.43151e-05
117.55  51.55  2.52459e-05
117.55  52.05  9.9336e-05
120.05  37.55  0.000203929
120.05  38.05  0.000234363
120.05  38.55  0.00809932
120.05  39.05  0.0203402
120.05  39.55  0.00531111
120.05  40.05  0.00228832
120.05  40.55  0.0067499
120.05  41.05  0.00292513
120.05  41.55  0.000634398
120.05  42.05  0.00057612
120.05  42.55  0.000570766
120.05  43.05  0.000631447
120.05  43.55  0.00110238
120.05  44.05  0.0018805
120.05  44.55  0.00127721
120.05  45.05  0.00118798
120.05  45.55  0.00430416
120.05  46.05  0.00190049
120.05  46.55  0.000800548
120.05  47.05  0.000652893
120.05  47.55  0.00187974
120.05  48.05  0.00429535
120.05  48.55  0.00774041
120.05  49.05  0.000726287
120.05  49.55  0.00075547
120.05  50.05  0.000717092
120.05  50.55  0.000211473
120.05  51.05  4.19306e-05
120.05  51.55  4.73527e-05
120.05  52.05  9.81642e-05
122.55  43.55  0.00125444
122.55  44.55  0.00296474
122.55  45.05  0.00457529
122.55  45.55  0.00805385
122.55  46.05  0.00137274
122.55  47.55  0.00298354
122.55  48.05  0.016303
122.55  48.55  0.0163103
122.55  49.05  0.00159074
122.55  49.55  0.00239906
122.55  50.05  0.000439956
122.55  50.55  0.000628835
122.55  51.05  9.89292e-05
