-79.95  40.05  0
-39.95  38.05  9.27709e-09
-39.95  38.55  6.3386e-09
-39.95  39.05  1.6032e-08
-39.95  39.55  2.75291e-08
-39.95  40.05  2.90398e-07
-39.95  40.55  2.82599e-07
-39.95  41.05  6.63031e-08
-39.95  41.55  1.09933e-07
-39.95  42.05  3.44712e-06
-39.95  42.55  1.0993e-06
-39.95  43.55  5.14523e-09
-39.95  44.05  1.78905e-08
-39.95  44.55  2.97285e-08
-39.95  45.05  4.48018e-08
-39.95  45.55  1.5725e-06
-39.95  46.05  2.1277e-06
-39.95  46.55  2.72246e-07
-39.95  47.05  4.21572e-08
-39.95  47.55  4.15548e-08
-39.95  48.05  1.71456e-08
-39.95  48.55  5.1097e-09
-39.95  49.55  7.80995e-09
-39.95  50.05  1.36005e-08
-39.95  50.55  1.86548e-08
-39.95  51.05  2.45906e-09
-37.45  37.55  8.32282e-08
-37.45  38.05  6.80182e-08
-37.45  38.55  2.14933e-07
-37.45  39.05  1.81094e-07
-37.45  39.55  1.84029e-07
-37.45  40.05  9.04155e-07
-37.45  40.55  8.123e-07
-37.45  41.05  2.86153e-07
-37.45  41.55  1.51474e-07
-37.45  42.05  4.83768e-06
-37.45  42.55  2.19225e-06
-37.45  43.05  2.35455e-07
-37.45  43.55  3.26324e-08
-37.45  44.05  1.39466e-07
-37.45  44.55  1.71954e-07
-37.45  45.05  1.77965e-07
-37.45  45.55  1.59262e-06
-37.45  46.05  2.35648e-06
-37.45  46.55  1.08296e-06
-37.45  47.05  1.44816e-07
-37.45  47.55  1.53991e-07
-37.45  48.05  8.33146e-08
-37.45  48.55  3.88195e-08
-37.45  49.05  1.12624e-08
-37.45  49.55  2.22102e-08
-37.45  50.05  3.25155e-08
-37.45  50.55  2.79314e-08
-37.45  51.05  6.06403e-09
-37.45  51.55  5.34097e-09
-37.45  52.05  2.67261e-08
-34.95  37.55  1.33841e-06
-34.95  38.05  1.00524e-06
-34.95  38.55  3.03845e-06
-34.95  39.05  3.14307e-06
-34.95  39.55  2.61441e-06
-34.95  40.05  8.35169e-06
-34.95  40.55  1.08919e-05
-34.95  41.05  6.45496e-06
-34.95  41.55  5.58569e-06
-34.95  42.05  1.85479e-05
-34.95  42.55  1.64535e-05
-34.95  43.05  1.09655e-05
-34.95  43.55  1.93387e-06
-34.95  44.05  3.02275e-06
-34.95  44.55  4.11615e-06
-34.95  45.05  4.43596e-06
-34.95  45.55  1.38346e-05
-34.95  46.05  3.26429e-05
-34.95  46.55  2.17709e-05
-34.95  47.05  6.69178e-06
-34.95  47.55  2.84743e-06
-34.95  48.05  1.96787e-06
-34.95  48.55  1.08785e-06
-34.95  49.05  3.21615e-07
-34.95  49.55  3.95896e-07
-34.95  50.05  4.59907e-07
-34.95  50.55  1.87079e-07
-34.95  51.05  1.06297e-07
-34.95  51.55  1.29693e-07
-34.95  52.05  6.08493e-07
-32.45  37.55  8.11398e-07
-32.45  38.05  6.88276e-07
-32.45  38.55  2.27288e-06
-32.45  39.05  2.29119e-06
-32.45  39.55  2.07982e-06
-32.45  40.05  6.1876e-06
-32.45  40.55  9.08264e-06
-32.45  41.05  5.94766e-06
-32.45  41.55  1.03231e-05
-32.45  42.05  1.07962e-05
-32.45  42.55  7.71169e-06
-32.45  43.05  8.19331e-06
-32.45  43.55  2.85763e-06
-32.45  44.05  2.77466e-06
-32.45  44.55  2.86906e-06
-32.45  45.05  3.28199e-06
-32.45  45.55  1.36808e-05
-32.45  46.05  1.64493e-05
-32.45  46.55  1.77337e-05
-32.45  47.05  9.16546e-06
-32.45  47.55  2.79671e-06
-32.45  48.05  2.02847e-06
-32.45  48.55  1.12353e-06
-32.45  49.05  2.57548e-07
-32.45  49.55  3.41661e-07
-32.45  50.05  3.84184e-07
-32.45  50.55  1.25326e-07
-32.45  51.05  8.34138e-08
-32.45  51.55  1.04305e-07
-32.45  52.05  4.14692e-07
-29.95  37.55  3.97382e-07
-29.95  38.05  4.52337e-07
-29.95  38.55  1.5961e-06
-29.95  39.05  2.25869e-06
-29.95  39.55  1.63263e-06
-29.95  40.05  3.36131e-06
-29.95  40.55  5.56665e-06
-29.95  41.05  4.80453e-06
-29.95  41.55  8.22139e-06
-29.95  42.05  1.04122e-05
-29.95  42.55  7.81472e-06
-29.95  43.05  7.15958e-06
-29.95  43.55  3.31301e-06
-29.95  44.05  3.22786e-06
-29.95  44.55  3.07908e-06
-29.95  45.05  2.82336e-06
-29.95  45.55  7.91931e-06
-29.95  46.05  7.80933e-06
-29.95  46.55  1.41382e-05
-29.95  47.05  6.60192e-06
-29.95  47.55  2.73789e-06
-29.95  48.05  1.6756e-06
-29.95  48.55  1.12125e-06
-29.95  49.05  3.50229e-07
-29.95  49.55  3.97226e-07
-29.95  50.05  3.92287e-07
-29.95  50.55  1.01282e-07
-29.95  51.05  5.51822e-08
-29.95  51.55  5.80551e-08
-29.95  52.05  1.34248e-07
-27.45  37.55  3.67811e-07
-27.45  38.05  4.59267e-07
-27.45  38.55  2.27221e-06
-27.45  39.05  3.00343e-06
-27.45  39.55  1.58438e-06
-27.45  40.05  2.54009e-06
-27.45  40.55  6.61883e-06
-27.45  41.05  7.02162e-06
-27.45  41.55  7.57598e-06
-27.45  42.05  1.36458e-05
-27.45  42.55  1.0163e-05
-27.45  43.05  7.36787e-06
-27.45  43.55  4.75857e-06
-27.45  44.05  7.24428e-06
-27.45  44.55  6.37708e-06
-27.45  45.05  3.82141e-06
-27.45  45.55  7.55048e-06
-27.45  46.05  7.4105e-06
-27.45  46.55  8.74096e-06
-27.45  47.05  5.074e-06
-27.45  47.55  3.12877e-06
-27.45  48.05  2.5517e-06
-27.45  48.55  1.76054e-06
-27.45  49.05  6.21247e-07
-27.45  49.55  7.17721e-07
-27.45  50.05  4.57056e-07
-27.45  50.55  1.16937e-07
-27.45  51.05  5.59559e-08
-27.45  51.55  4.58445e-08
-27.45  52.05  1.22683e-07
-24.95  37.55  5.47134e-07
-24.95  38.05  6.62734e-07
-24.95  38.55  2.6213e-06
-24.95  39.05  2.36929e-06
-24.95  39.55  1.33765e-06
-24.95  40.05  3.0775e-06
-24.95  40.55  6.29083e-06
-24.95  41.05  5.74581e-06
-24.95  41.55  5.64272e-06
-24.95  42.05  1.19074e-05
-24.95  42.55  9.04962e-06
-24.95  43.05  5.90294e-06
-24.95  43.55  3.4452e-06
-24.95  44.05  9.42525e-06
-24.95  44.55  8.17379e-06
-24.95  45.05  4.84239e-06
-24.95  45.55  8.92287e-06
-24.95  46.05  9.5754e-06
-24.95  46.55  7.44991e-06
-24.95  47.05  4.02693e-06
-24.95  47.55  2.68589e-06
-24.95  48.05  3.0634e-06
-24.95  48.55  2.10309e-06
-24.95  49.05  8.74893e-07
-24.95  49.55  1.07038e-06
-24.95  50.05  4.33616e-07
-24.95  50.55  1.54875e-07
-24.95  51.05  5.77613e-08
-24.95  51.55  4.04497e-08
-24.95  52.05  8.89526e-08
-22.45  37.55  2.66036e-06
-22.45  38.05  1.4405e-06
-22.45  38.55  3.31163e-06
-22.45  39.05  2.88534e-06
-22.45  39.55  1.8935e-06
-22.45  40.05  4.24458e-06
-22.45  40.55  6.93199e-06
-22.45  41.05  5.55306e-06
-22.45  41.55  5.19908e-06
-22.45  42.05  1.21078e-05
-22.45  42.55  8.88899e-06
-22.45  43.05  5.33333e-06
-22.45  43.55  2.97142e-06
-22.45  44.05  1.21735e-05
-22.45  44.55  1.58126e-05
-22.45  45.05  7.88928e-06
-22.45  45.55  1.39475e-05
-22.45  46.05  1.71391e-05
-22.45  46.55  1.19501e-05
-22.45  47.05  5.25795e-06
-22.45  47.55  4.3552e-06
-22.45  48.05  3.80503e-06
-22.45  48.55  1.96448e-06
-22.45  49.05  1.32538e-06
-22.45  49.55  1.90934e-06
-22.45  50.05  5.76523e-07
-22.45  50.55  2.13303e-07
-22.45  51.05  6.86171e-08
-22.45  51.55  5.19349e-08
-22.45  52.05  9.10982e-08
-19.95  37.55  7.4561e-06
-19.95  38.05  2.13757e-06
-19.95  38.55  3.26819e-06
-19.95  39.05  3.59083e-06
-19.95  39.55  2.00065e-06
-19.95  40.05  3.43389e-06
-19.95  40.55  5.03278e-06
-19.95  41.05  4.33167e-06
-19.95  41.55  3.49308e-06
-19.95  42.05  7.26244e-06
-19.95  42.55  6.32376e-06
-19.95  43.05  4.73699e-06
-19.95  43.55  3.80187e-06
-19.95  44.05  1.2148e-05
-19.95  44.55  1.82404e-05
-19.95  45.05  9.20646e-06
-19.95  45.55  1.11216e-05
-19.95  46.05  1.49072e-05
-19.95  46.55  9.94647e-06
-19.95  47.05  4.84791e-06
-19.95  47.55  5.18724e-06
-19.95  48.05  4.75667e-06
-19.95  48.55  2.62408e-06
-19.95  49.05  1.13428e-06
-19.95  49.55  1.11419e-06
-19.95  50.05  3.63742e-07
-19.95  50.55  2.02506e-07
-19.95  51.05  8.19532e-08
-19.95  51.55  6.84389e-08
-19.95  52.05  1.69122e-07
-17.45  37.55  1.10087e-05
-17.45  38.05  3.22831e-06
-17.45  38.55  6.45222e-06
-17.45  39.05  6.30827e-06
-17.45  39.55  2.14029e-06
-17.45  40.05  4.15898e-06
-17.45  40.55  5.20272e-06
-17.45  41.05  3.22906e-06
-17.45  41.55  3.24308e-06
-17.45  42.05  8.43803e-06
-17.45  42.55  7.59854e-06
-17.45  43.05  7.72377e-06
-17.45  43.55  5.4751e-06
-17.45  44.05  1.3314e-05
-17.45  44.55  2.1261e-05
-17.45  45.05  1.09806e-05
-17.45  45.55  1.23763e-05
-17.45  46.05  1.46497e-05
-17.45  46.55  9.24603e-06
-17.45  47.05  5.10813e-06
-17.45  47.55  7.35844e-06
-17.45  48.05  8.80052e-06
-17.45  48.55  5.53127e-06
-17.45  49.05  1.3293e-06
-17.45  49.55  7.65361e-07
-17.45  50.05  5.57333e-07
-17.45  50.55  2.8058e-07
-17.45  51.05  1.38414e-07
-17.45  51.55  1.09878e-07
-17.45  52.05  2.27103e-07
-14.95  37.55  1.13135e-05
-14.95  38.05  2.71159e-06
-14.95  38.55  4.36056e-06
-14.95  39.05  4.36487e-06
-14.95  39.55  2.45395e-06
-14.95  40.05  5.13863e-06
-14.95  40.55  7.18974e-06
-14.95  41.05  3.91784e-06
-14.95  41.55  2.90649e-06
-14.95  42.05  1.04756e-05
-14.95  42.55  8.05097e-06
-14.95  43.05  9.02262e-06
-14.95  43.55  7.23593e-06
-14.95  44.05  1.08076e-05
-14.95  44.55  1.7173e-05
-14.95  45.05  1.02338e-05
-14.95  45.55  1.54943e-05
-14.95  46.05  1.5691e-05
-14.95  46.55  9.81855e-06
-14.95  47.05  7.79095e-06
-14.95  47.55  7.56328e-06
-14.95  48.05  7.8107e-06
-14.95  48.55  5.90528e-06
-14.95  49.05  1.23913e-06
-14.95  49.55  6.91243e-07
-14.95  50.05  5.3825e-07
-14.95  50.55  1.52644e-07
-14.95  51.05  1.20019e-07
-14.95  51.55  9.59415e-08
-14.95  52.05  2.02855e-07
-12.45  37.55  1.62085e-05
-12.45  38.05  4.09388e-06
-12.45  38.55  4.1913e-06
-12.45  39.05  4.57055e-06
-12.45  39.55  6.03224e-06
-12.45  40.05  1.07598e-05
-12.45  40.55  1.25441e-05
-12.45  41.05  6.33797e-06
-12.45  41.55  4.48912e-06
-12.45  42.05  1.33623e-05
-12.45  42.55  1.21108e-05
-12.45  43.05  1.25399e-05
-12.45  43.55  1.04668e-05
-12.45  44.05  1.4253e-05
-12.45  44.55  1.70906e-05
-12.45  45.05  1.27005e-05
-12.45  45.55  2.76371e-05
-12.45  46.05  2.51443e-05
-12.45  46.55  1.41476e-05
-12.45  47.05  1.24458e-05
-12.45  47.55  9.69872e-06
-12.45  48.05  9.7271e-06
-12.45  48.55  9.00016e-06
-12.45  49.05  1.99777e-06
-12.45  49.55  9.89299e-07
-12.45  50.05  6.55349e-07
-12.45  50.55  1.75073e-07
-12.45  51.05  1.36778e-07
-12.45  51.55  1.3982e-07
-12.45  52.05  3.64551e-07
-9.95  37.55  6.54693e-06
-9.95  38.05  3.85661e-06
-9.95  38.55  8.46666e-06
-9.95  39.05  4.49135e-06
-9.95  39.55  4.45816e-06
-9.95  40.05  1.04621e-05
-9.95  40.55  1.62883e-05
-9.95  41.05  6.53381e-06
-9.95  41.55  6.14513e-06
-9.95  42.05  1.15764e-05
-9.95  42.55  1.20275e-05
-9.95  43.05  1.19096e-05
-9.95  43.55  8.3618e-06
-9.95  44.05  1.38298e-05
-9.95  44.55  1.47103e-05
-9.95  45.05  1.18402e-05
-9.95  45.55  2.02225e-05
-9.95  46.05  1.92374e-05
-9.95  46.55  9.783e-06
-9.95  47.05  5.85769e-06
-9.95  47.55  1.00615e-05
-9.95  48.05  7.6228e-06
-9.95  48.55  7.23841e-06
-9.95  49.05  2.40823e-06
-9.95  49.55  1.45791e-06
-9.95  50.05  9.07519e-07
-9.95  50.55  3.21093e-07
-9.95  51.05  1.13474e-07
-9.95  51.55  1.27838e-07
-9.95  52.05  5.58807e-07
-7.45  37.55  1.40182e-05
-7.45  38.05  5.92669e-06
-7.45  38.55  1.34955e-05
-7.45  39.05  6.87938e-06
-7.45  39.55  3.74658e-06
-7.45  40.05  1.179e-05
-7.45  40.55  2.98543e-05
-7.45  41.05  1.3912e-05
-7.45  41.55  9.6925e-06
-7.45  42.05  1.81927e-05
-7.45  42.55  1.72314e-05
-7.45  43.05  1.72825e-05
-7.45  43.55  1.24603e-05
-7.45  44.05  2.01948e-05
-7.45  44.55  1.8497e-05
-7.45  45.05  1.55844e-05
-7.45  45.55  2.25587e-05
-7.45  46.05  2.00583e-05
-7.45  46.55  1.06801e-05
-7.45  47.05  5.79301e-06
-7.45  47.55  2.0439e-05
-7.45  48.05  1.37439e-05
-7.45  48.55  7.14269e-06
-7.45  49.05  3.18844e-06
-7.45  49.55  2.5481e-06
-7.45  50.05  1.80081e-06
-7.45  50.55  6.14341e-07
-7.45  51.05  1.24605e-07
-7.45  51.55  1.01491e-07
-7.45  52.05  2.26676e-07
-4.95  37.55  1.47368e-05
-4.95  38.05  4.5792e-06
-4.95  38.55  8.46433e-06
-4.95  39.05  4.75111e-06
-4.95  39.55  4.15966e-06
-4.95  40.05  1.14844e-05
-4.95  40.55  2.07763e-05
-4.95  41.05  1.15177e-05
-4.95  41.55  1.31564e-05
-4.95  42.05  2.21291e-05
-4.95  42.55  2.26991e-05
-4.95  43.05  2.29953e-05
-4.95  43.55  1.76738e-05
-4.95  44.05  2.27088e-05
-4.95  44.55  1.78618e-05
-4.95  45.05  1.42234e-05
-4.95  45.55  3.92469e-05
-4.95  46.05  5.2263e-05
-4.95  46.55  2.71693e-05
-4.95  47.05  1.09048e-05
-4.95  47.55  1.54682e-05
-4.95  48.05  1.66752e-05
-4.95  48.55  6.93314e-06
-4.95  49.05  2.90748e-06
-4.95  49.55  2.53739e-06
-4.95  50.05  1.64706e-06
-4.95  50.55  4.60573e-07
-4.95  51.05  1.11445e-07
-4.95  51.55  5.75285e-08
-4.95  52.05  6.03188e-08
-2.45  37.55  9.74342e-06
-2.45  38.05  3.74932e-06
-2.45  38.55  9.58453e-06
-2.45  39.05  6.48786e-06
-2.45  39.55  4.92962e-06
-2.45  40.05  9.55122e-06
-2.45  40.55  1.02784e-05
-2.45  41.05  8.84641e-06
-2.45  41.55  2.30348e-05
-2.45  42.05  3.59067e-05
-2.45  42.55  3.91538e-05
-2.45  43.05  3.50019e-05
-2.45  43.55  2.83329e-05
-2.45  44.05  2.99885e-05
-2.45  44.55  2.71344e-05
-2.45  45.05  1.82693e-05
-2.45  45.55  7.54466e-05
-2.45  46.05  0.000131215
-2.45  46.55  7.87414e-05
-2.45  47.05  2.32273e-05
-2.45  47.55  1.763e-05
-2.45  48.05  3.03598e-05
-2.45  48.55  1.42317e-05
-2.45  49.05  4.10035e-06
-2.45  49.55  3.24827e-06
-2.45  50.05  1.51595e-06
-2.45  50.55  4.30522e-07
-2.45  51.05  1.17152e-07
-2.45  51.55  6.01117e-08
-2.45  52.05  4.51578e-08
0.05  37.55  3.90989e-06
0.05  38.05  4.05784e-06
0.05  38.55  1.50546e-05
0.05  39.05  1.45597e-05
0.05  39.55  9.84042e-06
0.05  40.05  9.22515e-06
0.05  40.55  6.83402e-06
0.05  41.05  8.42732e-06
0.05  41.55  2.48423e-05
0.05  42.05  4.00187e-05
0.05  42.55  4.13966e-05
0.05  43.05  3.32701e-05
0.05  43.55  2.52428e-05
0.05  44.05  3.45409e-05
0.05  44.55  3.78824e-05
0.05  45.05  3.13327e-05
0.05  45.55  8.86281e-05
0.05  46.05  0.000135121
0.05  46.55  0.000102677
0.05  47.05  4.16269e-05
0.05  47.55  3.45962e-05
0.05  48.05  2.60592e-05
0.05  48.55  1.05925e-05
0.05  49.05  3.54506e-06
0.05  49.55  4.6408e-06
0.05  50.05  2.44697e-06
0.05  50.55  6.85101e-07
0.05  51.05  1.43307e-07
0.05  51.55  7.37643e-08
0.05  52.05  1.84968e-07
2.55  37.55  1.59727e-05
2.55  38.05  9.77368e-06
2.55  38.55  2.50412e-05
2.55  39.05  2.93524e-05
2.55  39.55  3.06987e-05
2.55  40.05  1.71171e-05
2.55  40.55  8.04291e-06
2.55  41.05  8.01254e-06
2.55  41.55  3.79162e-05
2.55  42.05  5.28442e-05
2.55  42.55  4.681e-05
2.55  43.05  4.49028e-05
2.55  43.55  3.63264e-05
2.55  44.05  5.31668e-05
2.55  44.55  5.41911e-05
2.55  45.05  5.55566e-05
2.55  45.55  0.000155307
2.55  46.05  0.000198308
2.55  46.55  0.000141481
2.55  47.05  7.92393e-05
2.55  47.55  8.62394e-05
2.55  48.05  4.19311e-05
2.55  48.55  1.2114e-05
2.55  49.05  6.07472e-06
2.55  49.55  7.587e-06
2.55  50.05  4.86682e-06
2.55  50.55  1.38578e-06
2.55  51.05  4.43928e-07
2.55  51.55  3.10014e-07
2.55  52.05  6.86943e-07
5.05  37.55  2.82454e-05
5.05  38.05  1.08663e-05
5.05  38.55  1.96407e-05
5.05  39.05  2.34533e-05
5.05  39.55  1.32201e-05
5.05  40.05  1.48626e-05
5.05  40.55  5.68759e-06
5.05  41.05  2.01676e-06
5.05  41.55  2.37115e-05
5.05  42.05  5.25247e-05
5.05  42.55  4.66977e-05
5.05  43.05  4.69417e-05
5.05  43.55  3.10206e-05
5.05  44.05  5.17884e-05
5.05  44.55  6.06986e-05
5.05  45.05  6.40445e-05
5.05  45.55  0.000282901
5.05  46.05  0.000374089
5.05  46.55  0.000226934
5.05  47.05  8.56259e-05
5.05  47.55  5.73136e-05
5.05  48.05  5.1853e-05
5.05  48.55  2.41705e-05
5.05  49.05  1.03726e-05
5.05  49.55  1.07028e-05
5.05  50.05  5.10377e-06
5.05  50.55  9.97198e-07
5.05  51.05  5.04268e-07
5.05  51.55  5.1382e-07
5.05  52.05  1.57789e-06
7.55  37.55  3.02041e-05
7.55  38.05  1.11141e-05
7.55  38.55  1.74242e-05
7.55  39.05  2.65051e-05
7.55  39.55  9.17307e-06
7.55  40.05  3.41985e-05
7.55  40.55  3.51909e-05
7.55  41.05  2.40899e-05
7.55  41.55  3.3678e-05
7.55  42.05  7.78534e-05
7.55  42.55  8.7701e-05
7.55  43.05  6.51771e-05
7.55  43.55  2.76258e-05
7.55  44.05  0.000101728
7.55  44.55  0.000148091
7.55  45.05  0.000100851
7.55  45.55  0.000488329
7.55  46.05  0.000736141
7.55  46.55  0.000375582
7.55  47.05  0.00010231
7.55  47.55  7.05621e-05
7.55  48.05  0.000112099
7.55  48.55  7.72282e-05
7.55  49.05  2.14682e-05
7.55  49.55  2.09603e-05
7.55  50.05  6.94958e-06
7.55  50.55  1.06993e-06
7.55  51.05  6.90598e-07
7.55  51.55  6.49424e-07
7.55  52.05  2.72949e-06
10.05  37.55  1.52431e-05
10.05  38.05  5.83235e-06
10.05  38.55  9.79806e-06
10.05  39.05  1.7996e-05
10.05  39.55  1.28757e-05
10.05  40.05  3.7902e-05
10.05  40.55  9.87642e-05
10.05  41.05  0.000110087
10.05  41.55  7.21981e-05
10.05  42.05  0.000131116
10.05  42.55  0.000149027
10.05  43.05  7.19984e-05
10.05  43.55  4.36837e-05
10.05  44.05  0.000110363
10.05  44.55  0.000133009
10.05  45.05  0.000103891
10.05  45.55  0.000365908
10.05  46.05  0.000723899
10.05  46.55  0.000324623
10.05  47.05  0.000110459
10.05  47.55  0.000133503
10.05  48.05  0.000151021
10.05  48.55  0.000126938
10.05  49.05  3.46027e-05
10.05  49.55  3.04405e-05
10.05  50.05  1.27416e-05
10.05  50.55  2.60931e-06
10.05  51.05  8.00254e-07
10.05  51.55  7.46912e-07
10.05  52.05  1.36786e-06
12.55  37.55  9.15548e-06
12.55  38.05  4.21402e-06
12.55  38.55  9.73448e-06
12.55  39.05  1.73413e-05
12.55  39.55  1.72621e-05
12.55  40.05  2.85386e-05
12.55  40.55  6.73341e-05
12.55  41.05  8.62789e-05
12.55  41.55  0.000102539
12.55  42.05  0.000234895
12.55  42.55  0.000205262
12.55  43.05  7.09634e-05
12.55  43.55  7.00897e-05
12.55  44.05  0.000154826
12.55  44.55  0.000174288
12.55  45.05  0.000132461
12.55  45.55  0.000366049
12.55  46.05  0.000798975
12.55  46.55  0.000498575
12.55  47.05  0.00011962
12.55  47.55  0.000233805
12.55  48.05  0.000264884
12.55  48.55  0.000185133
12.55  49.05  5.74064e-05
12.55  49.55  6.13897e-05
12.55  50.05  2.95891e-05
12.55  50.55  7.38488e-06
12.55  51.05  1.30608e-06
12.55  51.55  1.01143e-06
12.55  52.05  2.33861e-06
15.05  37.55  1.73443e-05
15.05  38.05  7.04374e-06
15.05  38.55  1.28851e-05
15.05  39.05  1.55315e-05
15.05  39.55  1.59568e-05
15.05  40.05  3.03013e-05
15.05  40.55  3.65251e-05
15.05  41.05  4.90071e-05
15.05  41.55  5.22558e-05
15.05  42.05  0.000165079
15.05  42.55  0.000193563
15.05  43.05  6.76035e-05
15.05  43.55  6.64951e-05
15.05  44.05  0.000158388
15.05  44.55  0.000167227
15.05  45.05  9.55641e-05
15.05  45.55  0.000163243
15.05  46.05  0.000349994
15.05  46.55  0.000352998
15.05  47.05  0.000127369
15.05  47.55  0.000216346
15.05  48.05  0.000270816
15.05  48.55  0.000220896
15.05  49.05  7.20664e-05
15.05  49.55  7.85482e-05
15.05  50.05  3.83789e-05
15.05  50.55  9.31218e-06
15.05  51.05  1.56365e-06
15.05  51.55  9.35136e-07
15.05  52.05  1.46812e-06
17.55  37.55  7.17186e-05
17.55  38.05  1.61177e-05
17.55  38.55  1.60418e-05
17.55  39.05  2.1853e-05
17.55  39.55  1.77548e-05
17.55  40.05  4.63346e-05
17.55  40.55  4.03495e-05
17.55  41.05  2.85249e-05
17.55  41.55  6.43991e-05
17.55  42.05  0.00019918
17.55  42.55  0.000223466
17.55  43.05  0.000125705
17.55  43.55  9.98376e-05
17.55  44.05  0.000231765
17.55  44.55  0.000246414
17.55  45.05  8.23217e-05
17.55  45.55  5.36777e-05
17.55  46.05  0.000212775
17.55  46.55  0.000284995
17.55  47.05  0.000221621
17.55  47.55  0.000288978
17.55  48.05  0.000356328
17.55  48.55  0.000279543
17.55  49.05  9.04955e-05
17.55  49.55  0.000103481
17.55  50.05  5.25424e-05
17.55  50.55  9.62216e-06
17.55  51.05  2.1521e-06
17.55  51.55  1.48309e-06
17.55  52.05  3.95263e-06
20.05  37.55  4.99194e-05
20.05  38.05  8.07161e-06
20.05  38.55  6.81101e-06
20.05  39.05  1.74289e-05
20.05  39.55  1.40036e-05
20.05  40.05  3.88932e-05
20.05  40.55  4.38983e-05
20.05  41.05  2.90387e-05
20.05  41.55  5.53911e-05
20.05  42.05  0.000239416
20.05  42.55  0.000226561
20.05  43.05  0.000190637
20.05  43.55  0.000116621
20.05  44.05  0.000234938
20.05  44.55  0.000267334
20.05  45.05  9.97894e-05
20.05  45.55  9.77432e-05
20.05  46.05  0.000173521
20.05  46.55  0.000118254
20.05  47.05  0.000100434
20.05  47.55  0.000262955
20.05  48.05  0.000238562
20.05  48.55  0.000123318
20.05  49.05  5.49907e-05
20.05  49.55  7.10233e-05
20.05  50.05  4.25255e-05
20.05  50.55  9.57634e-06
20.05  51.05  2.07318e-06
20.05  51.55  1.25435e-06
20.05  52.05  1.11848e-06
22.55  37.55  1.6117e-05
22.55  38.05  3.62371e-06
22.55  38.55  3.93334e-06
22.55  39.05  1.04714e-05
22.55  39.55  2.01506e-05
22.55  40.05  5.94615e-05
22.55  40.55  0.000144564
22.55  41.05  0.000159824
22.55  41.55  7.31377e-05
22.55  42.05  0.000336334
22.55  42.55  0.000339009
22.55  43.05  0.000326205
22.55  43.55  0.000115923
22.55  44.05  0.000263344
22.55  44.55  0.000320324
22.55  45.05  0.000192059
22.55  45.55  0.000201463
22.55  46.05  0.000228695
22.55  46.55  0.00014894
22.55  47.05  9.07355e-05
22.55  47.55  0.000191568
22.55  48.05  0.000179307
22.55  48.55  0.000100639
22.55  49.05  4.23797e-05
22.55  49.55  4.98864e-05
22.55  50.05  3.59395e-05
22.55  50.55  1.31601e-05
22.55  51.05  3.45015e-06
22.55  51.55  2.20581e-06
22.55  52.05  4.23651e-06
25.05  37.55  1.45555e-05
25.05  38.05  7.66085e-06
25.05  38.55  4.15234e-06
25.05  39.05  5.81651e-06
25.05  39.55  2.44497e-05
25.05  40.05  7.19059e-05
25.05  40.55  0.000188947
25.05  41.05  0.000188249
25.05  41.55  0.000131937
25.05  42.05  0.0002054
25.05  42.55  0.000239397
25.05  43.05  0.000311623
25.05  43.55  0.000156317
25.05  44.05  0.000234946
25.05  44.55  0.000296279
25.05  45.05  0.000155793
25.05  45.55  0.000119905
25.05  46.05  0.000176105
25.05  46.55  0.000126629
25.05  47.05  9.16429e-05
25.05  47.55  0.000108262
25.05  48.05  0.000103571
25.05  48.55  7.89302e-05
25.05  49.05  2.9625e-05
25.05  49.55  3.24898e-05
25.05  50.05  2.35527e-05
25.05  50.55  9.43483e-06
25.05  51.05  4.01375e-06
25.05  51.55  2.66624e-06
25.05  52.05  5.37473e-06
27.55  37.55  5.62439e-05
27.55  38.05  2.1844e-05
27.55  38.55  2.20325e-05
27.55  39.05  2.92555e-05
27.55  39.55  4.37032e-05
27.55  40.05  0.000109908
27.55  40.55  0.00028188
27.55  41.05  0.000363669
27.55  41.55  0.000152467
27.55  42.05  0.000201665
27.55  42.55  0.00033284
27.55  43.05  0.000320327
27.55  43.55  0.000304879
27.55  44.05  0.000361587
27.55  44.55  0.00045364
27.55  45.05  0.000180427
27.55  45.55  0.000115928
27.55  46.05  0.000137538
27.55  46.55  8.31287e-05
27.55  47.05  8.67539e-05
27.55  47.55  0.000123071
27.55  48.05  0.000123724
27.55  48.55  5.18406e-05
27.55  49.05  1.70431e-05
27.55  49.55  3.32268e-05
27.55  50.05  2.22418e-05
27.55  50.55  9.14036e-06
27.55  51.05  5.33343e-06
27.55  51.55  4.0564e-06
27.55  52.05  1.26459e-05
30.05  37.55  6.45132e-05
30.05  38.05  2.4531e-05
30.05  38.55  6.16899e-05
30.05  39.05  7.79026e-05
30.05  39.55  6.2163e-05
30.05  40.05  0.00014493
30.05  40.55  0.000200889
30.05  41.05  0.000363947
30.05  41.55  0.000227865
30.05  42.05  0.000246443
30.05  42.55  0.000371263
30.05  43.05  0.000260665
30.05  43.55  0.000182769
30.05  44.05  0.000290844
30.05  44.55  0.000445937
30.05  45.05  0.000162524
30.05  45.55  0.000149941
30.05  46.05  0.000129274
30.05  46.55  5.88215e-05
30.05  47.05  7.40436e-05
30.05  47.55  0.000114882
30.05  48.05  0.000126698
30.05  48.55  4.54266e-05
30.05  49.05  1.58447e-05
30.05  49.55  2.03263e-05
30.05  50.05  1.44454e-05
30.05  50.55  8.13174e-06
30.05  51.05  6.2179e-06
30.05  51.55  6.06082e-06
30.05  52.05  2.55849e-05
32.55  37.55  0.000100033
32.55  38.05  3.92117e-05
32.55  38.55  0.000120534
32.55  39.05  0.00018459
32.55  39.55  7.64422e-05
32.55  40.05  0.00018999
32.55  40.55  0.000252804
32.55  41.05  0.000433342
32.55  41.55  0.000457461
32.55  42.05  0.000425047
32.55  42.55  0.000434472
32.55  43.05  0.000367628
32.55  43.55  0.000169428
32.55  44.05  0.000261765
32.55  44.55  0.000361204
32.55  45.05  0.000143934
32.55  45.55  0.000224601
32.55  46.05  0.000215701
32.55  46.55  7.72469e-05
32.55  47.05  0.000112223
32.55  47.55  0.000138603
32.55  48.05  0.000154921
32.55  48.55  6.55203e-05
32.55  49.05  2.17053e-05
32.55  49.55  1.89895e-05
32.55  50.05  1.45159e-05
32.55  50.55  9.07373e-06
32.55  51.05  1.02051e-05
32.55  51.55  9.67548e-06
32.55  52.05  3.15425e-05
35.05  37.55  0.000130556
35.05  38.05  4.70564e-05
35.05  38.55  0.000121587
35.05  39.05  0.000186803
35.05  39.55  9.04066e-05
35.05  40.05  0.000157855
35.05  40.55  0.000293155
35.05  41.05  0.000434139
35.05  41.55  0.000395767
35.05  42.05  0.000844893
35.05  42.55  0.000676035
35.05  43.05  0.000362527
35.05  43.55  0.000180067
35.05  44.05  0.00022495
35.05  44.55  0.000289661
35.05  45.05  0.000133965
35.05  45.55  0.000166386
35.05  46.05  0.000178068
35.05  46.55  0.000159738
35.05  47.05  0.000122147
35.05  47.55  0.000127729
35.05  48.05  0.000142645
35.05  48.55  7.01216e-05
35.05  49.05  2.03224e-05
35.05  49.55  2.02091e-05
35.05  50.05  1.74037e-05
35.05  50.55  8.90481e-06
35.05  51.05  9.51779e-06
35.05  51.55  7.82791e-06
35.05  52.05  2.43229e-05
37.55  37.55  0.000190118
37.55  38.05  5.70594e-05
37.55  38.55  0.000140532
37.55  39.05  0.00019389
37.55  39.55  0.000135356
37.55  40.05  0.000515291
37.55  40.55  0.000798928
37.55  41.05  0.00071019
37.55  41.55  0.000454878
37.55  42.05  0.00130174
37.55  42.55  0.000950023
37.55  43.05  0.000338626
37.55  43.55  0.000255356
37.55  44.05  0.000386328
37.55  44.55  0.000274076
37.55  45.05  0.00015679
37.55  45.55  0.000228982
37.55  46.05  0.000292215
37.55  46.55  0.000288375
37.55  47.05  0.000119646
37.55  47.55  0.000163581
37.55  48.05  0.000144026
37.55  48.55  7.03116e-05
37.55  49.05  2.78927e-05
37.55  49.55  3.36607e-05
37.55  50.05  2.44049e-05
37.55  50.55  1.21053e-05
37.55  51.05  1.21375e-05
37.55  51.55  1.00911e-05
37.55  52.05  2.67661e-05
40.05  37.55  0.000192874
40.05  38.05  5.42398e-05
40.05  38.55  9.56979e-05
40.05  39.05  0.000113023
40.05  39.55  0.000133137
40.05  40.05  0.000578223
40.05  40.55  0.000791696
40.05  41.05  0.000718348
40.05  41.55  0.000371887
40.05  42.05  0.000389868
40.05  42.55  0.000484384
40.05  43.05  0.000295961
40.05  43.55  0.000156585
40.05  44.05  0.000457776
40.05  44.55  0.000232725
40.05  45.05  0.000127433
40.05  45.55  0.000307651
40.05  46.05  0.000470529
40.05  46.55  0.00024487
40.05  47.05  0.000117488
40.05  47.55  0.000147565
40.05  48.05  0.000122669
40.05  48.55  7.25272e-05
40.05  49.05  3.02062e-05
40.05  49.55  3.75505e-05
40.05  50.05  2.1689e-05
40.05  50.55  1.10116e-05
40.05  51.05  1.19157e-05
40.05  51.55  1.12107e-05
40.05  52.05  2.35648e-05
42.55  37.55  0.000166312
42.55  38.05  5.93853e-05
42.55  38.55  7.57877e-05
42.55  39.05  7.34169e-05
42.55  39.55  0.000112781
42.55  40.05  0.000659653
42.55  40.55  0.000784416
42.55  41.05  0.00112564
42.55  41.55  0.000273826
42.55  42.05  0.000411868
42.55  42.55  0.000826073
42.55  43.05  0.00048555
42.55  43.55  0.000183567
42.55  44.05  0.000539323
42.55  44.55  0.000323785
42.55  45.05  0.000150657
42.55  45.55  0.000495779
42.55  46.05  0.000823919
42.55  46.55  0.000484578
42.55  47.05  0.000180204
42.55  47.55  0.000184074
42.55  48.05  0.00016737
42.55  48.55  9.98694e-05
42.55  49.05  4.88607e-05
42.55  49.55  4.84816e-05
42.55  50.05  2.73206e-05
42.55  50.55  1.40832e-05
42.55  51.05  1.41548e-05
42.55  51.55  1.46599e-05
42.55  52.05  3.98082e-05
45.05  37.55  9.47857e-05
45.05  38.05  4.45688e-05
45.05  38.55  8.28513e-05
45.05  39.05  8.31944e-05
45.05  39.55  0.00012406
45.05  40.05  0.000778006
45.05  40.55  0.000943754
45.05  41.05  0.00141514
45.05  41.55  0.000538975
45.05  42.05  0.00123184
45.05  42.55  0.00128697
45.05  43.05  0.000545695
45.05  43.55  0.000249874
45.05  44.05  0.000480918
45.05  44.55  0.000389252
45.05  45.05  0.000183465
45.05  45.55  0.000303059
45.05  46.05  0.000593942
45.05  46.55  0.000462812
45.05  47.05  0.000224691
45.05  47.55  0.000198699
45.05  48.05  0.000152638
45.05  48.55  8.51145e-05
45.05  49.05  4.79486e-05
45.05  49.55  5.34899e-05
45.05  50.05  2.78328e-05
45.05  50.55  1.20656e-05
45.05  51.05  1.09153e-05
45.05  51.55  1.19967e-05
45.05  52.05  4.84027e-05
47.55  37.55  9.52896e-05
47.55  38.05  4.64398e-05
47.55  38.55  0.000183155
47.55  39.05  0.000233959
47.55  39.55  0.000271741
47.55  40.05  0.00177134
47.55  40.55  0.00301139
47.55  41.05  0.00213634
47.55  41.55  0.00190627
47.55  42.05  0.00305607
47.55  42.55  0.00219292
47.55  43.05  0.00105043
47.55  43.55  0.000392695
47.55  44.05  0.000728046
47.55  44.55  0.000632741
47.55  45.05  0.000275205
47.55  45.55  0.000321178
47.55  46.05  0.000661942
47.55  46.55  0.000580696
47.55  47.05  0.000369331
47.55  47.55  0.000233895
47.55  48.05  0.000184154
47.55  48.55  0.000108545
47.55  49.05  5.80912e-05
47.55  49.55  7.59106e-05
47.55  50.05  4.02319e-05
47.55  50.55  1.45465e-05
47.55  51.05  1.19708e-05
47.55  51.55  1.36591e-05
47.55  52.05  4.56675e-05
50.05  37.55  4.47053e-05
50.05  38.05  6.97472e-05
50.05  38.55  0.000376991
50.05  39.05  0.000245335
50.05  39.55  0.000351455
50.05  40.05  0.00096659
50.05  40.55  0.00190045
50.05  41.05  0.00177313
50.05  41.55  0.00183919
50.05  42.05  0.00385128
50.05  42.55  0.00268162
50.05  43.05  0.00179972
50.05  43.55  0.000743113
50.05  44.05  0.000970878
50.05  44.55  0.000776213
50.05  45.05  0.000396959
50.05  45.55  0.000471926
50.05  46.05  0.000828048
50.05  46.55  0.000588368
50.05  47.05  0.000414655
50.05  47.55  0.000302688
50.05  48.05  0.000224837
50.05  48.55  0.000123541
50.05  49.05  5.33541e-05
50.05  49.55  6.41301e-05
50.05  50.05  3.734e-05
50.05  50.55  1.30923e-05
50.05  51.05  9.95473e-06
50.05  51.55  1.24523e-05
50.05  52.05  3.42697e-05
52.55  37.55  0.000368443
52.55  38.05  0.00045617
52.55  38.55  0.00180704
52.55  39.05  0.00118265
52.55  39.55  0.000998996
52.55  40.05  0.00132055
52.55  40.55  0.0013707
52.55  41.05  0.00156893
52.55  41.55  0.00139724
52.55  42.05  0.00314241
52.55  42.55  0.00301667
52.55  43.05  0.00356343
52.55  43.55  0.00219261
52.55  44.05  0.00162467
52.55  44.55  0.00128032
52.55  45.05  0.000767824
52.55  45.55  0.000561118
52.55  46.05  0.000938165
52.55  46.55  0.000725399
52.55  47.05  0.000403953
52.55  47.55  0.000573182
52.55  48.05  0.000395359
52.55  48.55  0.000182973
52.55  49.05  6.36628e-05
52.55  49.55  7.38e-05
52.55  50.05  4.61032e-05
52.55  50.55  1.66946e-05
52.55  51.05  1.32873e-05
52.55  51.55  1.40894e-05
52.55  52.05  5.05256e-05
55.05  37.55  0.00204515
55.05  38.05  0.00156715
55.05  38.55  0.00461809
55.05  39.05  0.00358622
55.05  39.55  0.00116252
55.05  40.05  0.00152194
55.05  40.55  0.0016231
55.05  41.05  0.00279051
55.05  41.55  0.00244208
55.05  42.05  0.00326546
55.05  42.55  0.0046304
55.05  43.05  0.00549458
55.05  43.55  0.00243755
55.05  44.05  0.00214488
55.05  44.55  0.00206506
55.05  45.05  0.00117743
55.05  45.55  0.00124165
55.05  46.05  0.00121403
55.05  46.55  0.000964513
55.05  47.05  0.000429498
55.05  47.55  0.000441021
55.05  48.05  0.000371342
55.05  48.55  0.000177634
55.05  49.05  5.32757e-05
55.05  49.55  6.80034e-05
55.05  50.05  4.20626e-05
55.05  50.55  1.73744e-05
55.05  51.05  1.24857e-05
55.05  51.55  1.16791e-05
55.05  52.05  4.78642e-05
57.55  37.55  0.00282859
57.55  38.05  0.00168301
57.55  38.55  0.00715395
57.55  39.05  0.00578655
57.55  39.55  0.0020548
57.55  40.05  0.00261581
57.55  40.55  0.00339733
57.55  41.05  0.00490464
57.55  41.55  0.00486178
57.55  42.05  0.00832349
57.55  42.55  0.0110823
57.55  43.05  0.00876162
57.55  43.55  0.00376749
57.55  44.05  0.00426294
57.55  44.55  0.00405917
57.55  45.05  0.00188707
57.55  45.55  0.00265327
57.55  46.05  0.00219614
57.55  46.55  0.0013533
57.55  47.05  0.000595729
57.55  47.55  0.000448747
57.55  48.05  0.000427691
57.55  48.55  0.000225009
57.55  49.05  5.7383e-05
57.55  49.55  8.05551e-05
57.55  50.05  5.79218e-05
57.55  50.55  2.35626e-05
57.55  51.05  1.47452e-05
57.55  51.55  1.41055e-05
57.55  52.05  4.49666e-05
60.05  37.55  0.00547693
60.05  38.05  0.00344557
60.05  38.55  0.0096199
60.05  39.05  0.00738591
60.05  39.55  0.00301238
60.05  40.05  0.00310578
60.05  40.55  0.00497275
60.05  41.05  0.0062495
60.05  41.55  0.00697696
60.05  42.05  0.00959514
60.05  42.55  0.0120728
60.05  43.05  0.00927828
60.05  43.55  0.0028019
60.05  44.05  0.0038128
60.05  44.55  0.00384732
60.05  45.05  0.00125631
60.05  45.55  0.00243584
60.05  46.05  0.0030226
60.05  46.55  0.00144582
60.05  47.05  0.000594885
60.05  47.55  0.000528423
60.05  48.05  0.000462134
60.05  48.55  0.000247791
60.05  49.05  7.62968e-05
60.05  49.55  6.67592e-05
60.05  50.05  4.6312e-05
60.05  50.55  1.69485e-05
60.05  51.05  1.32877e-05
60.05  51.55  1.44999e-05
60.05  52.05  4.03785e-05
62.55  37.55  0.0259519
62.55  38.05  0.0121117
62.55  38.55  0.0149473
62.55  39.05  0.00967696
62.55  39.55  0.00478425
62.55  40.05  0.00355
62.55  40.55  0.00807754
62.55  41.05  0.0119468
62.55  41.55  0.011043
62.55  42.05  0.0214496
62.55  42.55  0.0280074
62.55  43.05  0.0138879
62.55  43.55  0.00285761
62.55  44.05  0.00537601
62.55  44.55  0.00369212
62.55  45.05  0.0010366
62.55  45.55  0.00399573
62.55  46.05  0.00529174
62.55  46.55  0.00241361
62.55  47.05  0.00082062
62.55  47.55  0.000598241
62.55  48.05  0.00059095
62.55  48.55  0.000360523
62.55  49.05  0.000114377
62.55  49.55  7.47777e-05
62.55  50.05  5.59793e-05
62.55  50.55  2.05994e-05
62.55  51.05  1.95158e-05
62.55  51.55  2.14176e-05
62.55  52.05  8.38153e-05
65.05  37.55  0.0325301
65.05  38.05  0.0100404
65.05  38.55  0.0124199
65.05  39.05  0.0118163
65.05  39.55  0.00555722
65.05  40.05  0.00840455
65.05  40.55  0.0129558
65.05  41.05  0.0127921
65.05  41.55  0.00972834
65.05  42.05  0.0151573
65.05  42.55  0.0268072
65.05  43.05  0.01818
65.05  43.55  0.00639739
65.05  44.05  0.00890949
65.05  44.55  0.0045792
65.05  45.05  0.00173013
65.05  45.55  0.00418281
65.05  46.05  0.00419544
65.05  46.55  0.00175269
65.05  47.05  0.000552497
65.05  47.55  0.000391212
65.05  48.05  0.00038719
65.05  48.55  0.000290911
65.05  49.05  9.37073e-05
65.05  49.55  6.00574e-05
65.05  50.05  5.61181e-05
65.05  50.55  2.55252e-05
65.05  51.05  1.80817e-05
65.05  51.55  1.64817e-05
65.05  52.05  4.5322e-05
67.55  37.55  0.0248431
67.55  38.05  0.00872267
67.55  38.55  0.0234445
67.55  39.05  0.0290002
67.55  39.55  0.0150713
67.55  40.05  0.0203185
67.55  40.55  0.0251539
67.55  41.05  0.0171119
67.55  41.55  0.0152161
67.55  42.05  0.0225012
67.55  42.55  0.0263791
67.55  43.05  0.0189017
67.55  43.55  0.010543
67.55  44.05  0.0132676
67.55  44.55  0.0134224
67.55  45.05  0.006909
67.55  45.55  0.00624244
67.55  46.05  0.00370324
67.55  46.55  0.00167901
67.55  47.05  0.000479271
67.55  47.55  0.000463206
67.55  48.05  0.000429721
67.55  48.55  0.000311093
67.55  49.05  0.000122038
67.55  49.55  9.66443e-05
67.55  50.05  7.61846e-05
67.55  50.55  3.43415e-05
67.55  51.05  1.90419e-05
67.55  51.55  2.07372e-05
67.55  52.05  5.82545e-05
70.05  37.55  0.0210475
70.05  38.05  0.00894312
70.05  38.55  0.0262287
70.05  39.05  0.0299663
70.05  39.55  0.0221697
70.05  40.05  0.035099
70.05  40.55  0.0451787
70.05  41.05  0.0416684
70.05  41.55  0.0182914
70.05  42.05  0.0250052
70.05  42.55  0.0213562
70.05  43.05  0.019238
70.05  43.55  0.00859495
70.05  44.05  0.00947246
70.05  44.55  0.0131396
70.05  45.05  0.00749571
70.05  45.55  0.00322003
70.05  46.05  0.00239683
70.05  46.55  0.00150686
70.05  47.05  0.000486284
70.05  47.55  0.000497848
70.05  48.05  0.000463309
70.05  48.55  0.000295887
70.05  49.05  0.00012412
70.05  49.55  0.000138454
70.05  50.05  8.21393e-05
70.05  50.55  3.30409e-05
70.05  51.05  1.6904e-05
70.05  51.55  2.22985e-05
70.05  52.05  9.15389e-05
72.55  37.55  0.0210992
72.55  38.05  0.0100306
72.55  38.55  0.0289185
72.55  39.05  0.042229
72.55  39.55  0.0562811
72.55  40.05  0.0752915
72.55  40.55  0.0770799
72.55  41.05  0.0694929
72.55  41.55  0.031611
72.55  42.05  0.0323978
72.55  42.55  0.0227868
72.55  43.05  0.0281673
72.55  43.55  0.0108968
72.55  44.05  0.0065574
72.55  44.55  0.00793534
72.55  45.05  0.00665916
72.55  45.55  0.00239206
72.55  46.05  0.00420804
72.55  46.55  0.00240467
72.55  47.05  0.000638822
72.55  47.55  0.000713104
72.55  48.05  0.000712725
72.55  48.55  0.000372008
72.55  49.05  0.000164381
72.55  49.55  0.000195355
72.55  50.05  0.000133208
72.55  50.55  4.38149e-05
72.55  51.05  2.26413e-05
72.55  51.55  2.50519e-05
72.55  52.05  0.000120603
75.05  37.55  0.00991815
75.05  38.05  0.0102201
75.05  38.55  0.0453906
75.05  39.05  0.0594718
75.05  39.55  0.0491992
75.05  40.05  0.0969381
75.05  40.55  0.094632
75.05  41.05  0.0886193
75.05  41.55  0.0453277
75.05  42.05  0.0545189
75.05  42.55  0.0303539
75.05  43.05  0.0283519
75.05  43.55  0.00993653
75.05  44.05  0.00748002
75.05  44.55  0.00727801
75.05  45.05  0.00404285
75.05  45.55  0.00288709
75.05  46.05  0.00451157
75.05  46.55  0.00207437
75.05  47.05  0.000893426
75.05  47.55  0.000936819
75.05  48.05  0.00104256
75.05  48.55  0.000421831
75.05  49.05  0.000144018
75.05  49.55  0.000185439
75.05  50.05  0.000143032
75.05  50.55  4.12543e-05
75.05  51.05  2.34455e-05
75.05  51.55  2.28834e-05
75.05  52.05  6.22907e-05
77.55  37.55  0.0489462
77.55  38.05  0.0396667
77.55  38.55  0.0931762
77.55  39.05  0.0685577
77.55  39.55  0.0415809
77.55  40.05  0.16669
77.55  40.55  0.158823
77.55  41.05  0.0989093
77.55  41.55  0.0704742
77.55  42.05  0.154822
77.55  42.55  0.0848329
77.55  43.05  0.0398581
77.55  43.55  0.0146031
77.55  44.05  0.0132869
77.55  44.55  0.0107869
77.55  45.05  0.00380949
77.55  45.55  0.00314954
77.55  46.05  0.00529402
77.55  46.55  0.00257131
77.55  47.05  0.00139023
77.55  47.55  0.00119497
77.55  48.05  0.00179522
77.55  48.55  0.00076045
77.55  49.05  0.000192065
77.55  49.55  0.000217778
77.55  50.05  0.000163566
77.55  50.55  5.71808e-05
77.55  51.05  3.70589e-05
77.55  51.55  3.20534e-05
77.55  52.05  8.51522e-05
80.05  37.55  0.184689
80.05  38.05  0.0803302
80.05  38.55  0.146852
80.05  39.05  0.0936805
80.05  39.55  0.0579827
80.05  40.05  0.189218
80.05  40.55  0.1862
80.05  41.05  0.138424
80.05  41.55  0.0789057
80.05  42.05  0.176727
80.05  42.55  0.104124
80.05  43.05  0.0478381
80.05  43.55  0.0169914
80.05  44.05  0.0173505
80.05  44.55  0.00845607
80.05  45.05  0.00275453
80.05  45.55  0.00339127
80.05  46.05  0.00649748
80.05  46.55  0.00303838
80.05  47.05  0.00132075
80.05  47.55  0.001067
80.05  48.05  0.00134203
80.05  48.55  0.000604305
80.05  49.05  0.000168319
80.05  49.55  0.000209497
80.05  50.05  0.000150739
80.05  50.55  5.98192e-05
80.05  51.05  4.16362e-05
80.05  51.55  3.46505e-05
80.05  52.05  0.000113386
82.55  37.55  0.352664
82.55  38.05  0.14174
82.55  38.55  0.245174
82.55  39.05  0.207197
82.55  39.55  0.128465
82.55  40.05  0.28515
82.55  40.55  0.263336
82.55  41.05  0.181161
82.55  41.55  0.0679787
82.55  42.05  0.208821
82.55  42.55  0.133847
82.55  43.05  0.0504812
82.55  43.55  0.0248045
82.55  44.05  0.021852
82.55  44.55  0.00885313
82.55  45.05  0.00332488
82.55  45.55  0.00563417
82.55  46.05  0.00721517
82.55  46.55  0.00379417
82.55  47.05  0.00161973
82.55  47.55  0.00135313
82.55  48.05  0.00147537
82.55  48.55  0.000640793
82.55  49.05  0.000198443
82.55  49.55  0.000294259
82.55  50.05  0.000197058
82.55  50.55  7.45967e-05
82.55  51.05  5.533e-05
82.55  51.55  5.30626e-05
82.55  52.05  0.000215995
85.05  37.55  0.384931
85.05  38.05  0.139339
85.05  38.55  0.182206
85.05  39.05  0.386209
85.05  39.55  0.209308
85.05  40.05  0.182351
85.05  40.55  0.24764
85.05  41.05  0.22818
85.05  41.55  0.127062
85.05  42.05  0.127615
85.05  42.55  0.0908642
85.05  43.05  0.0313557
85.05  43.55  0.0134298
85.05  44.05  0.0170257
85.05  44.55  0.00899798
85.05  45.05  0.00436288
85.05  45.55  0.00570009
85.05  46.05  0.00480845
85.05  46.55  0.00323062
85.05  47.05  0.00131529
85.05  47.55  0.00160433
85.05  48.05  0.00153812
85.05  48.55  0.000608616
85.05  49.05  0.000190305
85.05  49.55  0.000237431
85.05  50.05  0.000133758
85.05  50.55  5.26944e-05
85.05  51.05  3.92066e-05
85.05  51.55  4.33974e-05
85.05  52.05  0.000148021
87.55  37.55  0.988609
87.55  38.05  0.323336
87.55  38.55  0.322874
87.55  39.05  0.512364
87.55  39.55  0.245672
87.55  40.05  0.202777
87.55  40.55  0.303874
87.55  41.05  0.307432
87.55  41.55  0.224864
87.55  42.05  0.125515
87.55  42.55  0.103093
87.55  43.05  0.0549361
87.55  43.55  0.0158335
87.55  44.05  0.0160765
87.55  44.55  0.0106778
87.55  45.05  0.00590663
87.55  45.55  0.00632226
87.55  46.05  0.00695503
87.55  46.55  0.00355844
87.55  47.05  0.00149983
87.55  47.55  0.00248039
87.55  48.05  0.00204025
87.55  48.55  0.000773115
87.55  49.05  0.000265734
87.55  49.55  0.000270908
87.55  50.05  0.000139669
87.55  50.55  5.72393e-05
87.55  51.05  5.11046e-05
87.55  51.55  5.35384e-05
87.55  52.05  0.000159443
90.05  37.55  1
90.05  38.05  0.291043
90.05  38.55  0.327413
90.05  39.05  0.309628
90.05  39.55  0.164018
90.05  40.05  0.226272
90.05  40.55  0.320228
90.05  41.05  0.192717
90.05  41.55  0.0629824
90.05  42.05  0.110202
90.05  42.55  0.0867754
90.05  43.05  0.0455541
90.05  43.55  0.0113427
90.05  44.05  0.0110675
90.05  44.55  0.00803329
90.05  45.05  0.00517841
90.05  45.55  0.00466235
90.05  46.05  0.00698956
90.05  46.55  0.0031816
90.05  47.05  0.00156537
90.05  47.55  0.00193018
90.05  48.05  0.00189965
90.05  48.55  0.000785062
90.05  49.05  0.000252182
90.05  49.55  0.000228703
90.05  50.05  0.000102747
90.05  50.55  4.76209e-05
90.05  51.05  5.52263e-05
90.05  51.55  5.08733e-05
90.05  52.05  0.000190684
92.55  37.55  0.70977
92.55  38.05  0.283202
92.55  38.55  0.504613
92.55  39.05  0.40614
92.55  39.55  0.17767
92.55  40.05  0.230189
92.55  40.55  0.270665
92.55  41.05  0.162977
92.55  41.55  0.0644702
92.55  42.05  0.121902
92.55  42.55  0.0932623
92.55  43.05  0.0453479
92.55  43.55  0.00940804
92.55  44.05  0.01248
92.55  44.55  0.0136671
92.55  45.05  0.00536071
92.55  45.55  0.005
92.55  46.05  0.0081331
92.55  46.55  0.00467983
92.55  47.05  0.00246003
92.55  47.55  0.00267439
92.55  48.05  0.00225516
92.55  48.55  0.000964856
92.55  49.05  0.000346131
92.55  49.55  0.000269704
92.55  50.05  0.000137474
92.55  50.55  5.35258e-05
92.55  51.05  6.91032e-05
92.55  51.55  8.47681e-05
92.55  52.05  0.000462928
95.05  37.55  0.570578
95.05  38.05  0.277182
95.05  38.55  0.508381
95.05  39.05  0.458823
95.05  39.55  0.19036
95.05  40.05  0.191135
95.05  40.55  0.257935
95.05  41.05  0.192572
95.05  41.55  0.0830865
95.05  42.05  0.0776391
95.05  42.55  0.0624289
95.05  43.05  0.0320609
95.05  43.55  0.0106807
95.05  44.05  0.011811
95.05  44.55  0.0138108
95.05  45.05  0.0032669
95.05  45.55  0.00485447
95.05  46.05  0.00762435
95.05  46.55  0.00494979
95.05  47.05  0.00232018
95.05  47.55  0.00280196
95.05  48.05  0.00254817
95.05  48.55  0.00113845
95.05  49.05  0.000293677
95.05  49.55  0.000252974
95.05  50.05  0.000163673
95.05  50.55  5.56142e-05
95.05  51.05  5.77521e-05
95.05  51.55  8.40587e-05
95.05  52.05  0.000367596
97.55  37.55  0.459453
97.55  38.05  0.221804
97.55  38.55  0.456754
97.55  39.05  0.550541
97.55  39.55  0.261383
97.55  40.05  0.173478
97.55  40.55  0.343234
97.55  41.05  0.327946
97.55  41.55  0.119236
97.55  42.05  0.0740315
97.55  42.55  0.0511751
97.55  43.05  0.0309377
97.55  43.55  0.0123809
97.55  44.05  0.0174762
97.55  44.55  0.0105499
97.55  45.05  0.00302203
97.55  45.55  0.00731286
97.55  46.05  0.010411
97.55  46.55  0.00682024
97.55  47.05  0.00308094
97.55  47.55  0.00385729
97.55  48.05  0.00513493
97.55  48.55  0.00206128
97.55  49.05  0.000313155
97.55  49.55  0.000282728
97.55  50.05  0.00022985
97.55  50.55  9.43781e-05
97.55  51.05  7.82022e-05
97.55  51.55  0.000100728
97.55  52.05  0.000492506
100.05  37.55  0.168038
100.05  38.05  0.0687672
100.05  38.55  0.14359
100.05  39.05  0.217724
100.05  39.55  0.170847
100.05  40.05  0.184285
100.05  40.55  0.358167
100.05  41.05  0.293406
100.05  41.55  0.0722599
100.05  42.05  0.0440424
100.05  42.55  0.0320476
100.05  43.05  0.0201076
100.05  43.55  0.0118778
100.05  44.05  0.0187524
100.05  44.55  0.00737725
100.05  45.05  0.00351387
100.05  45.55  0.00920514
100.05  46.05  0.0107366
100.05  46.55  0.00850002
100.05  47.05  0.00375345
100.05  47.55  0.00406796
100.05  48.05  0.0040122
100.05  48.55  0.00147981
100.05  49.05  0.000367398
100.05  49.55  0.000228763
100.05  50.05  0.000204812
100.05  50.55  9.11828e-05
100.05  51.05  7.77004e-05
100.05  51.55  9.67568e-05
100.05  52.05  0.00078157
102.55  37.55  0.134923
102.55  38.05  0.0462508
102.55  38.55  0.0719685
102.55  39.05  0.121626
102.55  39.55  0.103224
102.55  40.05  0.216342
102.55  40.55  0.449539
102.55  41.05  0.321861
102.55  41.55  0.0720827
102.55  42.05  0.0648366
102.55  42.55  0.0276647
102.55  43.05  0.0186241
102.55  43.55  0.0144175
102.55  44.05  0.0146653
102.55  44.55  0.00847043
102.55  45.05  0.00504495
102.55  45.55  0.0154753
102.55  46.05  0.0135086
102.55  46.55  0.0100675
102.55  47.05  0.00525712
102.55  47.55  0.00531041
102.55  48.05  0.00468964
102.55  48.55  0.00212049
102.55  49.05  0.000578168
102.55  49.55  0.000299851
102.55  50.05  0.000262695
102.55  50.55  0.000110016
102.55  51.05  9.54079e-05
102.55  51.55  0.000110955
102.55  52.05  0.000489669
105.05  37.55  0.0891208
105.05  38.05  0.0276611
105.05  38.55  0.0677254
105.05  39.05  0.0979453
105.05  39.55  0.0498857
105.05  40.05  0.161623
105.05  40.55  0.312023
105.05  41.05  0.199867
105.05  41.55  0.0791094
105.05  42.05  0.0577983
105.05  42.55  0.017796
105.05  43.05  0.0140002
105.05  43.55  0.00718567
105.05  44.05  0.00959112
105.05  44.55  0.00809457
105.05  45.05  0.00490303
105.05  45.55  0.00610919
105.05  46.05  0.00778588
105.05  46.55  0.007434
105.05  47.05  0.00436884
105.05  47.55  0.0046737
105.05  48.05  0.00424579
105.05  48.55  0.00201539
105.05  49.05  0.000583052
105.05  49.55  0.0003131
105.05  50.05  0.000249446
105.05  50.55  0.000108623
105.05  51.05  8.24389e-05
105.05  51.55  8.4527e-05
105.05  52.05  0.000152958
107.55  37.55  0.0168287
107.55  38.05  0.0121086
107.55  38.55  0.0645091
107.55  39.05  0.078992
107.55  39.55  0.0334435
107.55  40.05  0.167191
107.55  40.55  0.333081
107.55  41.05  0.182771
107.55  41.55  0.0739609
107.55  42.05  0.0482749
107.55  42.55  0.0138226
107.55  43.05  0.0102183
107.55  43.55  0.00539896
107.55  44.05  0.0104269
107.55  44.55  0.0102375
107.55  45.05  0.00659463
107.55  45.55  0.0042505
107.55  46.05  0.00897393
107.55  46.55  0.00887233
107.55  47.05  0.00526712
107.55  47.55  0.00596776
107.55  48.05  0.00635293
107.55  48.55  0.00292829
107.55  49.05  0.000808857
107.55  49.55  0.000442222
107.55  50.05  0.000324626
107.55  50.55  0.000138426
107.55  51.05  9.24949e-05
107.55  51.55  9.94403e-05
107.55  52.05  0.000285635
110.05  37.55  0.00559442
110.05  38.05  0.00867557
110.05  38.55  0.0406582
110.05  39.05  0.0522752
110.05  39.55  0.0339424
110.05  40.05  0.114607
110.05  40.55  0.200966
110.05  41.05  0.094475
110.05  41.55  0.0319499
110.05  42.05  0.033872
110.05  42.55  0.0143534
110.05  43.05  0.00908515
110.05  43.55  0.00437627
110.05  44.05  0.00683961
110.05  44.55  0.00632413
110.05  45.05  0.00392356
110.05  45.55  0.00491585
110.05  46.05  0.00901142
110.05  46.55  0.0064692
110.05  47.05  0.00400093
110.05  47.55  0.00584257
110.05  48.05  0.00809754
110.05  48.55  0.00378659
110.05  49.05  0.000773826
110.05  49.55  0.000385527
110.05  50.05  0.000267852
110.05  50.55  0.000122118
110.05  51.05  7.69934e-05
110.05  51.55  8.05479e-05
110.05  52.05  0.000298244
112.55  37.55  0.0106126
112.55  38.05  0.00765901
112.55  38.55  0.0238243
112.55  39.05  0.0265277
112.55  39.55  0.0322953
112.55  40.05  0.0866253
112.55  40.55  0.107768
112.55  41.05  0.0500964
112.55  41.55  0.0144387
112.55  42.05  0.0220722
112.55  42.55  0.0147142
112.55  43.05  0.00899999
112.55  43.55  0.00473501
112.55  44.05  0.00749328
112.55  44.55  0.00587053
112.55  45.05  0.00371352
112.55  45.55  0.0062409
112.55  46.05  0.00936932
112.55  46.55  0.00769854
112.55  47.05  0.00490471
112.55  47.55  0.00767325
112.55  48.05  0.0123918
112.55  48.55  0.00690667
112.55  49.05  0.00110086
112.55  49.55  0.000607639
112.55  50.05  0.000368249
112.55  50.55  0.000143207
112.55  51.05  7.9e-05
112.55  51.55  6.70105e-05
112.55  52.05  0.000192202
115.05  37.55  0.00814919
115.05  38.05  0.00427647
115.05  38.55  0.0130589
115.05  39.05  0.0172339
115.05  39.55  0.0168547
115.05  40.05  0.0360656
115.05  40.55  0.0407892
115.05  41.05  0.0209079
115.05  41.55  0.00589794
115.05  42.05  0.00845225
115.05  42.55  0.00745565
115.05  43.05  0.00493363
115.05  43.55  0.00438755
115.05  44.05  0.00869054
115.05  44.55  0.00566084
115.05  45.05  0.00267779
115.05  45.55  0.00503886
115.05  46.05  0.00729045
115.05  46.55  0.00716066
115.05  47.05  0.00467585
115.05  47.55  0.00704858
115.05  48.05  0.0116578
115.05  48.55  0.00992719
115.05  49.05  0.00143016
115.05  49.55  0.000834453
115.05  50.05  0.000426568
115.05  50.55  0.000122358
115.05  51.05  6.27753e-05
115.05  51.55  4.73746e-05
115.05  52.05  0.000106018
117.55  37.55  0.00479906
117.55  38.05  0.00272225
117.55  38.55  0.010048
117.55  39.05  0.0161544
117.55  39.55  0.0099536
117.55  40.05  0.0171146
117.55  40.55  0.0182859
117.55  41.05  0.0107542
117.55  41.55  0.00336112
117.55  42.05  0.00519501
117.55  42.55  0.00668388
117.55  43.05  0.00567686
117.55  43.55  0.00669477
117.55  44.05  0.0130731
117.55  44.55  0.00753752
117.55  45.05  0.00313216
117.55  45.55  0.00620551
117.55  46.05  0.00843175
117.55  46.55  0.0078937
117.55  47.05  0.00549778
117.55  47.55  0.00645394
117.55  48.05  0.0119442
117.55  48.55  0.0118045
117.55  49.05  0.00163731
117.55  49.55  0.00112888
117.55  50.05  0.000570897
117.55  50.55  0.00015073
117.55  51.05  8.17014e-05
117.55  51.55  5.61503e-05
117.55  52.05  0.000126122
120.05  37.55  0.00338719
120.05  38.05  0.00147719
120.05  38.55  0.00796895
120.05  39.05  0.0165569
120.05  39.55  0.00373364
120.05  40.05  0.006947
120.05  40.55  0.00916602
120.05  41.05  0.00968569
120.05  41.55  0.00240507
120.05  42.05  0.00458611
120.05  42.55  0.00747265
120.05  43.05  0.0109985
120.05  43.55  0.0122707
120.05  44.05  0.0196578
120.05  44.55  0.00940199
120.05  45.05  0.00631004
120.05  45.55  0.0122625
120.05  46.05  0.0113787
120.05  46.55  0.00880304
120.05  47.05  0.0075607
120.05  47.55  0.00672332
120.05  48.05  0.0174931
120.05  48.55  0.0181703
120.05  49.05  0.00323777
120.05  49.55  0.00211977
120.05  50.05  0.000975675
120.05  50.55  0.000237466
120.05  51.05  0.000140278
120.05  51.55  7.93793e-05
120.05  52.05  0.000283256
122.55  38.55  0.010894
122.55  43.05  0.00907
122.55  43.55  0.0299532
122.55  44.05  0.0429233
122.55  44.55  0.0053795
122.55  45.05  0.0316576
122.55  45.55  0.048422
122.55  46.05  0.0268723
122.55  47.05  0.018935
122.55  47.55  0.0047884
122.55  48.05  0.011135
122.55  48.55  0.0238271
122.55  49.05  0.00408363
122.55  49.55  0.00499167
122.55  50.05  0.00288547
122.55  50.55  0.000391657
122.55  51.05  0.000376584
122.55  51.55  0.000265063
