-54.95  39.05  0
-44.95  47.05  0.0121368
-39.95  38.05  1.29012e-08
-39.95  38.55  1.52843e-08
-39.95  39.05  7.20989e-08
-39.95  39.55  8.75974e-08
-39.95  40.05  6.40974e-07
-39.95  40.55  8.68796e-07
-39.95  41.05  8.3569e-07
-39.95  41.55  3.3683e-07
-39.95  42.05  6.11607e-06
-39.95  42.55  2.26217e-06
-39.95  43.55  6.35804e-07
-39.95  44.05  3.60456e-07
-39.95  44.55  6.93523e-07
-39.95  45.05  4.21256e-07
-39.95  45.55  9.93456e-07
-39.95  46.05  7.36218e-07
-39.95  46.55  1.19428e-06
-39.95  47.55  3.37083e-07
-39.95  48.05  8.40894e-08
-39.95  49.05  1.33769e-07
-39.95  49.55  2.67702e-07
-39.95  50.05  7.64403e-07
-39.95  50.55  9.67157e-08
-39.95  51.55  8.15122e-09
-37.45  37.55  3.91861e-07
-37.45  38.05  1.40032e-07
-37.45  38.55  5.18241e-07
-37.45  39.05  4.60367e-07
-37.45  39.55  3.56e-07
-37.45  40.05  2.12814e-06
-37.45  40.55  3.68214e-06
-37.45  41.05  3.36016e-06
-37.45  41.55  8.12889e-07
-37.45  42.05  8.40343e-06
-37.45  42.55  5.15723e-06
-37.45  43.05  2.87905e-06
-37.45  43.55  3.23671e-06
-37.45  44.05  4.25425e-06
-37.45  44.55  4.13074e-06
-37.45  45.05  2.7315e-06
-37.45  45.55  9.24141e-06
-37.45  46.05  1.35032e-05
-37.45  46.55  4.85636e-06
-37.45  47.05  4.69798e-07
-37.45  47.55  7.60113e-07
-37.45  48.05  5.24052e-07
-37.45  48.55  2.71503e-07
-37.45  49.05  3.96859e-07
-37.45  49.55  7.50594e-07
-37.45  50.05  8.11347e-07
-37.45  50.55  3.9443e-07
-37.45  51.05  7.40147e-08
-37.45  51.55  7.93263e-08
-37.45  52.05  1.56263e-07
-34.95  37.55  5.86714e-06
-34.95  38.05  2.92384e-06
-34.95  38.55  7.303e-06
-34.95  39.05  8.02188e-06
-34.95  39.55  5.75906e-06
-34.95  40.05  2.25373e-05
-34.95  40.55  2.61901e-05
-34.95  41.05  2.54464e-05
-34.95  41.55  2.9311e-05
-34.95  42.05  6.66296e-05
-34.95  42.55  9.1619e-05
-34.95  43.05  8.9003e-05
-34.95  43.55  6.76048e-05
-34.95  44.05  7.03012e-05
-34.95  44.55  6.70164e-05
-34.95  45.05  5.34509e-05
-34.95  45.55  0.00011698
-34.95  46.05  0.000183893
-34.95  46.55  8.75815e-05
-34.95  47.05  1.74534e-05
-34.95  47.55  1.63285e-05
-34.95  48.05  1.36388e-05
-34.95  48.55  1.01559e-05
-34.95  49.05  5.98816e-06
-34.95  49.55  8.64731e-06
-34.95  50.05  9.56428e-06
-34.95  50.55  3.76664e-06
-34.95  51.05  1.27666e-06
-34.95  51.55  1.4883e-06
-34.95  52.05  6.22518e-06
-32.45  37.55  3.26406e-06
-32.45  38.05  2.14416e-06
-32.45  38.55  2.97071e-06
-32.45  39.05  2.85116e-06
-32.45  39.55  4.69179e-06
-32.45  40.05  1.57061e-05
-32.45  40.55  1.61657e-05
-32.45  41.05  1.15298e-05
-32.45  41.55  3.37691e-05
-32.45  42.05  7.33284e-05
-32.45  42.55  6.11796e-05
-32.45  43.05  4.79433e-05
-32.45  43.55  5.05104e-05
-32.45  44.05  5.68686e-05
-32.45  44.55  4.56081e-05
-32.45  45.05  3.74858e-05
-32.45  45.55  5.57638e-05
-32.45  46.05  0.000116479
-32.45  46.55  9.19819e-05
-32.45  47.05  2.28604e-05
-32.45  47.55  1.80344e-05
-32.45  48.05  1.40833e-05
-32.45  48.55  9.58355e-06
-32.45  49.05  4.48503e-06
-32.45  49.55  6.84246e-06
-32.45  50.05  6.4441e-06
-32.45  50.55  1.89064e-06
-32.45  51.05  9.06015e-07
-32.45  51.55  9.52987e-07
-32.45  52.05  3.51882e-06
-29.95  37.55  1.09317e-06
-29.95  38.05  1.18545e-06
-29.95  38.55  3.15927e-06
-29.95  39.05  3.7527e-06
-29.95  39.55  3.82009e-06
-29.95  40.05  9.34976e-06
-29.95  40.55  1.27658e-05
-29.95  41.05  9.5718e-06
-29.95  41.55  2.31593e-05
-29.95  42.05  5.36289e-05
-29.95  42.55  3.85418e-05
-29.95  43.05  5.04525e-05
-29.95  43.55  3.89658e-05
-29.95  44.05  5.98329e-05
-29.95  44.55  3.78608e-05
-29.95  45.05  2.50466e-05
-29.95  45.55  4.62335e-05
-29.95  46.05  0.000107068
-29.95  46.55  8.4219e-05
-29.95  47.05  2.19068e-05
-29.95  47.55  1.74079e-05
-29.95  48.05  1.70779e-05
-29.95  48.55  1.13101e-05
-29.95  49.05  4.76896e-06
-29.95  49.55  7.36033e-06
-29.95  50.05  6.12237e-06
-29.95  50.55  1.50488e-06
-29.95  51.05  6.71505e-07
-29.95  51.55  5.92631e-07
-29.95  52.05  2.50803e-06
-27.45  37.55  9.56671e-07
-27.45  38.05  9.1633e-07
-27.45  38.55  5.26935e-06
-27.45  39.05  6.56935e-06
-27.45  39.55  4.51283e-06
-27.45  40.05  6.02538e-06
-27.45  40.55  1.28806e-05
-27.45  41.05  1.34155e-05
-27.45  41.55  2.1616e-05
-27.45  42.05  6.118e-05
-27.45  42.55  5.89752e-05
-27.45  43.05  6.43603e-05
-27.45  43.55  4.16968e-05
-27.45  44.05  6.66528e-05
-27.45  44.55  5.1818e-05
-27.45  45.05  2.50616e-05
-27.45  45.55  5.64488e-05
-27.45  46.05  8.40132e-05
-27.45  46.55  6.33781e-05
-27.45  47.05  3.5361e-05
-27.45  47.55  2.55389e-05
-27.45  48.05  3.03732e-05
-27.45  48.55  2.54916e-05
-27.45  49.05  7.65078e-06
-27.45  49.55  8.25859e-06
-27.45  50.05  5.2215e-06
-27.45  50.55  1.5694e-06
-27.45  51.05  7.53419e-07
-27.45  51.55  6.07481e-07
-27.45  52.05  1.88467e-06
-24.95  37.55  1.7024e-06
-24.95  38.05  1.38674e-06
-24.95  38.55  5.7503e-06
-24.95  39.05  6.06132e-06
-24.95  39.55  3.60638e-06
-24.95  40.05  6.50657e-06
-24.95  40.55  1.09079e-05
-24.95  41.05  1.05271e-05
-24.95  41.55  2.09205e-05
-24.95  42.05  5.70796e-05
-24.95  42.55  5.44446e-05
-24.95  43.05  4.4319e-05
-24.95  43.55  2.8139e-05
-24.95  44.05  5.01843e-05
-24.95  44.55  4.92724e-05
-24.95  45.05  2.97901e-05
-24.95  45.55  7.51731e-05
-24.95  46.05  8.06623e-05
-24.95  46.55  4.25346e-05
-24.95  47.05  3.11838e-05
-24.95  47.55  3.41902e-05
-24.95  48.05  3.79249e-05
-24.95  48.55  2.55013e-05
-24.95  49.05  8.04542e-06
-24.95  49.55  9.76803e-06
-24.95  50.05  5.43852e-06
-24.95  50.55  1.75218e-06
-24.95  51.05  7.33829e-07
-24.95  51.55  5.14025e-07
-24.95  52.05  1.03889e-06
-22.45  37.55  6.03731e-06
-22.45  38.05  4.00752e-06
-22.45  38.55  7.88687e-06
-22.45  39.05  5.63126e-06
-22.45  39.55  4.6138e-06
-22.45  40.05  1.16278e-05
-22.45  40.55  1.48397e-05
-22.45  41.05  1.02898e-05
-22.45  41.55  3.14326e-05
-22.45  42.05  6.79993e-05
-22.45  42.55  4.86404e-05
-22.45  43.05  3.95067e-05
-22.45  43.55  2.20004e-05
-22.45  44.05  4.63764e-05
-22.45  44.55  5.64718e-05
-22.45  45.05  4.16612e-05
-22.45  45.55  0.000101632
-22.45  46.05  0.000118284
-22.45  46.55  6.80497e-05
-22.45  47.05  5.23762e-05
-22.45  47.55  5.05866e-05
-22.45  48.05  5.15275e-05
-22.45  48.55  2.72862e-05
-22.45  49.05  1.04726e-05
-22.45  49.55  1.22939e-05
-22.45  50.05  6.88612e-06
-22.45  50.55  1.9916e-06
-22.45  51.05  9.59268e-07
-22.45  51.55  7.99573e-07
-22.45  52.05  1.89854e-06
-19.95  37.55  9.68986e-06
-19.95  38.05  4.09499e-06
-19.95  38.55  7.98896e-06
-19.95  39.05  5.72585e-06
-19.95  39.55  4.59103e-06
-19.95  40.05  1.13969e-05
-19.95  40.55  1.64873e-05
-19.95  41.05  1.14935e-05
-19.95  41.55  2.41671e-05
-19.95  42.05  5.23472e-05
-19.95  42.55  3.64776e-05
-19.95  43.05  3.17017e-05
-19.95  43.55  2.67117e-05
-19.95  44.05  5.6063e-05
-19.95  44.55  6.14479e-05
-19.95  45.05  4.36624e-05
-19.95  45.55  8.54217e-05
-19.95  46.05  0.000116761
-19.95  46.55  8.83614e-05
-19.95  47.05  4.72309e-05
-19.95  47.55  4.06872e-05
-19.95  48.05  5.59206e-05
-19.95  48.55  3.73227e-05
-19.95  49.05  9.20804e-06
-19.95  49.55  7.34364e-06
-19.95  50.05  4.65639e-06
-19.95  50.55  1.49109e-06
-19.95  51.05  9.14361e-07
-19.95  51.55  8.96975e-07
-19.95  52.05  1.62581e-06
-17.45  37.55  1.50343e-05
-17.45  38.05  4.84016e-06
-17.45  38.55  1.44347e-05
-17.45  39.05  1.31799e-05
-17.45  39.55  5.93347e-06
-17.45  40.05  1.47384e-05
-17.45  40.55  2.36357e-05
-17.45  41.05  2.13468e-05
-17.45  41.55  2.51053e-05
-17.45  42.05  5.60424e-05
-17.45  42.55  4.50519e-05
-17.45  43.05  4.09794e-05
-17.45  43.55  4.5941e-05
-17.45  44.05  8.09475e-05
-17.45  44.55  9.47269e-05
-17.45  45.05  6.43372e-05
-17.45  45.55  0.00012128
-17.45  46.05  0.000174617
-17.45  46.55  0.000148515
-17.45  47.05  4.49305e-05
-17.45  47.55  4.52399e-05
-17.45  48.05  7.51586e-05
-17.45  48.55  5.68233e-05
-17.45  49.05  1.0026e-05
-17.45  49.55  5.87984e-06
-17.45  50.05  5.46917e-06
-17.45  50.55  1.72245e-06
-17.45  51.05  1.83955e-06
-17.45  51.55  1.55815e-06
-17.45  52.05  2.95388e-06
-14.95  37.55  2.76274e-05
-14.95  38.05  7.12232e-06
-14.95  38.55  1.26685e-05
-14.95  39.05  2.20875e-05
-14.95  39.55  1.06615e-05
-14.95  40.05  2.13686e-05
-14.95  40.55  2.87218e-05
-14.95  41.05  3.25379e-05
-14.95  41.55  2.58179e-05
-14.95  42.05  5.43945e-05
-14.95  42.55  4.67869e-05
-14.95  43.05  3.95542e-05
-14.95  43.55  4.37421e-05
-14.95  44.05  8.11748e-05
-14.95  44.55  0.000116825
-14.95  45.05  6.82543e-05
-14.95  45.55  0.000156002
-14.95  46.05  0.000181861
-14.95  46.55  0.000164567
-14.95  47.05  7.38864e-05
-14.95  47.55  4.30095e-05
-14.95  48.05  5.71996e-05
-14.95  48.55  4.34741e-05
-14.95  49.05  8.04152e-06
-14.95  49.55  6.40012e-06
-14.95  50.05  6.05977e-06
-14.95  50.55  1.66999e-06
-14.95  51.05  1.54325e-06
-14.95  51.55  1.29493e-06
-14.95  52.05  1.97114e-06
-12.45  37.55  4.78116e-05
-12.45  38.05  1.46598e-05
-12.45  38.55  2.34268e-05
-12.45  39.05  3.6806e-05
-12.45  39.55  2.98559e-05
-12.45  40.05  5.19499e-05
-12.45  40.55  5.87785e-05
-12.45  41.05  3.405e-05
-12.45  41.55  3.19618e-05
-12.45  42.05  6.4662e-05
-12.45  42.55  6.09097e-05
-12.45  43.05  5.68624e-05
-12.45  43.55  5.89347e-05
-12.45  44.05  0.000140543
-12.45  44.55  0.000168972
-12.45  45.05  0.000100463
-12.45  45.55  0.000271274
-12.45  46.05  0.000286284
-12.45  46.55  0.000183875
-12.45  47.05  0.000110016
-12.45  47.55  5.42971e-05
-12.45  48.05  4.3609e-05
-12.45  48.55  3.44193e-05
-12.45  49.05  9.09692e-06
-12.45  49.55  9.96441e-06
-12.45  50.05  8.58222e-06
-12.45  50.55  2.97373e-06
-12.45  51.05  1.50619e-06
-12.45  51.55  1.63126e-06
-12.45  52.05  5.81774e-06
-9.95  37.55  2.26339e-05
-9.95  38.05  1.50777e-05
-9.95  38.55  4.30544e-05
-9.95  39.05  3.30996e-05
-9.95  39.55  3.08272e-05
-9.95  40.05  6.90572e-05
-9.95  40.55  8.74745e-05
-9.95  41.05  4.15328e-05
-9.95  41.55  3.12277e-05
-9.95  42.05  5.82018e-05
-9.95  42.55  6.31256e-05
-9.95  43.05  6.66366e-05
-9.95  43.55  8.10003e-05
-9.95  44.05  0.000162839
-9.95  44.55  0.000162193
-9.95  45.05  9.46264e-05
-9.95  45.55  0.000188799
-9.95  46.05  0.00022055
-9.95  46.55  9.91317e-05
-9.95  47.05  3.61124e-05
-9.95  47.55  4.58435e-05
-9.95  48.05  2.68157e-05
-9.95  48.55  2.49689e-05
-9.95  49.05  1.07236e-05
-9.95  49.55  9.34117e-06
-9.95  50.05  7.65201e-06
-9.95  50.55  3.59133e-06
-9.95  51.05  1.51064e-06
-9.95  51.55  1.74819e-06
-9.95  52.05  7.72984e-06
-7.45  37.55  3.50427e-05
-7.45  38.05  2.21598e-05
-7.45  38.55  6.47861e-05
-7.45  39.05  7.09728e-05
-7.45  39.55  3.24479e-05
-7.45  40.05  7.83951e-05
-7.45  40.55  0.000126188
-7.45  41.05  7.75221e-05
-7.45  41.55  4.77239e-05
-7.45  42.05  7.64468e-05
-7.45  42.55  9.80689e-05
-7.45  43.05  0.000111562
-7.45  43.55  0.000131852
-7.45  44.05  0.000235647
-7.45  44.55  0.000222283
-7.45  45.05  0.000115773
-7.45  45.55  0.000146655
-7.45  46.05  0.000187288
-7.45  46.55  0.000107553
-7.45  47.05  2.38545e-05
-7.45  47.55  4.90899e-05
-7.45  48.05  3.21674e-05
-7.45  48.55  2.49809e-05
-7.45  49.05  1.9039e-05
-7.45  49.55  1.48722e-05
-7.45  50.05  9.76136e-06
-7.45  50.55  3.94869e-06
-7.45  51.05  2.08438e-06
-7.45  51.55  1.73095e-06
-7.45  52.05  6.16192e-06
-4.95  37.55  3.63337e-05
-4.95  38.05  1.62782e-05
-4.95  38.55  2.98669e-05
-4.95  39.05  4.45745e-05
-4.95  39.55  3.24508e-05
-4.95  40.05  8.14756e-05
-4.95  40.55  0.000114355
-4.95  41.05  9.6497e-05
-4.95  41.55  8.61976e-05
-4.95  42.05  0.000140435
-4.95  42.55  0.000147229
-4.95  43.05  0.00013498
-4.95  43.55  0.000128044
-4.95  44.05  0.000169564
-4.95  44.55  0.000156276
-4.95  45.05  0.000106747
-4.95  45.55  0.000178086
-4.95  46.05  0.000229578
-4.95  46.55  0.000148197
-4.95  47.05  4.38996e-05
-4.95  47.55  5.70939e-05
-4.95  48.05  6.41881e-05
-4.95  48.55  2.39565e-05
-4.95  49.05  1.88412e-05
-4.95  49.55  1.40186e-05
-4.95  50.05  8.35743e-06
-4.95  50.55  3.47324e-06
-4.95  51.05  2.11055e-06
-4.95  51.55  1.27424e-06
-4.95  52.05  3.78964e-06
-2.45  37.55  3.46312e-05
-2.45  38.05  1.6747e-05
-2.45  38.55  2.62424e-05
-2.45  39.05  3.81591e-05
-2.45  39.55  4.27106e-05
-2.45  40.05  8.78586e-05
-2.45  40.55  9.96897e-05
-2.45  41.05  0.000109327
-2.45  41.55  0.000194993
-2.45  42.05  0.000350778
-2.45  42.55  0.00029765
-2.45  43.05  0.000225627
-2.45  43.55  0.000191771
-2.45  44.05  0.000174472
-2.45  44.55  0.000127792
-2.45  45.05  0.000142216
-2.45  45.55  0.000381029
-2.45  46.05  0.000401043
-2.45  46.55  0.00024092
-2.45  47.05  9.91679e-05
-2.45  47.55  9.32423e-05
-2.45  48.05  0.000168502
-2.45  48.55  7.85255e-05
-2.45  49.05  2.69389e-05
-2.45  49.55  1.88525e-05
-2.45  50.05  1.01686e-05
-2.45  50.55  3.85431e-06
-2.45  51.05  2.52057e-06
-2.45  51.55  1.65485e-06
-2.45  52.05  3.05343e-06
0.05  37.55  3.22995e-05
0.05  38.05  1.93975e-05
0.05  38.55  4.12129e-05
0.05  39.05  6.42009e-05
0.05  39.55  5.46479e-05
0.05  40.05  7.39173e-05
0.05  40.55  6.05481e-05
0.05  41.05  7.69044e-05
0.05  41.55  0.00020358
0.05  42.05  0.000389497
0.05  42.55  0.000324976
0.05  43.05  0.000210251
0.05  43.55  0.00018248
0.05  44.05  0.000299446
0.05  44.55  0.000288961
0.05  45.05  0.000269337
0.05  45.55  0.000659423
0.05  46.05  0.000703808
0.05  46.55  0.000342737
0.05  47.05  0.00015274
0.05  47.55  0.000158898
0.05  48.05  0.000123474
0.05  48.55  5.78481e-05
0.05  49.05  2.14238e-05
0.05  49.55  2.81543e-05
0.05  50.05  2.02174e-05
0.05  50.55  4.94038e-06
0.05  51.05  2.22754e-06
0.05  51.55  1.8677e-06
0.05  52.05  5.58551e-06
2.55  37.55  4.99894e-05
2.55  38.05  2.55535e-05
2.55  38.55  5.70794e-05
2.55  39.05  7.75195e-05
2.55  39.55  6.71491e-05
2.55  40.05  9.80393e-05
2.55  40.55  5.99859e-05
2.55  41.05  5.39241e-05
2.55  41.55  0.000278243
2.55  42.05  0.000487083
2.55  42.55  0.00039048
2.55  43.05  0.000299093
2.55  43.55  0.000321269
2.55  44.05  0.000708403
2.55  44.55  0.000831292
2.55  45.05  0.000445052
2.55  45.55  0.000795079
2.55  46.05  0.00111556
2.55  46.55  0.000652483
2.55  47.05  0.000280471
2.55  47.55  0.000302411
2.55  48.05  0.000151118
2.55  48.55  5.12948e-05
2.55  49.05  2.53629e-05
2.55  49.55  5.48048e-05
2.55  50.05  4.09533e-05
2.55  50.55  8.34012e-06
2.55  51.05  3.0642e-06
2.55  51.55  3.13121e-06
2.55  52.05  1.04647e-05
5.05  37.55  5.20377e-05
5.05  38.05  2.62121e-05
5.05  38.55  4.99222e-05
5.05  39.05  3.98285e-05
5.05  39.55  1.77476e-05
5.05  40.05  5.7084e-05
5.05  40.55  5.84625e-05
5.05  41.05  8.39855e-06
5.05  41.55  0.000205417
5.05  42.05  0.000525265
5.05  42.55  0.00045477
5.05  43.05  0.000375495
5.05  43.55  0.000281529
5.05  44.05  0.000571055
5.05  44.55  0.00105903
5.05  45.05  0.000498791
5.05  45.55  0.000852617
5.05  46.05  0.00108032
5.05  46.55  0.000640201
5.05  47.05  0.000267617
5.05  47.55  0.000367879
5.05  48.05  0.000284957
5.05  48.55  9.88848e-05
5.05  49.05  3.76404e-05
5.05  49.55  4.69743e-05
5.05  50.05  3.89059e-05
5.05  50.55  7.31238e-06
5.05  51.05  2.71737e-06
5.05  51.55  3.13477e-06
5.05  52.05  9.0401e-06
7.55  37.55  5.85247e-05
7.55  38.05  3.17171e-05
7.55  38.55  6.71967e-05
7.55  39.05  5.31984e-05
7.55  39.55  2.00788e-05
7.55  40.05  0.00010813
7.55  40.55  0.000181978
7.55  41.05  0.000117481
7.55  41.55  0.000297315
7.55  42.05  0.000860427
7.55  42.55  0.00069623
7.55  43.05  0.000640565
7.55  43.55  0.000245009
7.55  44.05  0.000707983
7.55  44.55  0.00102475
7.55  45.05  0.000517114
7.55  45.55  0.00106055
7.55  46.05  0.00146782
7.55  46.55  0.000643379
7.55  47.05  0.00025242
7.55  47.55  0.000479808
7.55  48.05  0.000531728
7.55  48.55  0.000242042
7.55  49.05  6.68686e-05
7.55  49.55  5.50682e-05
7.55  50.05  3.88796e-05
7.55  50.55  8.28623e-06
7.55  51.05  4.37185e-06
7.55  51.55  4.53819e-06
7.55  52.05  1.26479e-05
10.05  37.55  2.87612e-05
10.05  38.05  1.78911e-05
10.05  38.55  4.37022e-05
10.05  39.05  4.9124e-05
10.05  39.55  4.30152e-05
10.05  40.05  0.000173755
10.05  40.55  0.000544704
10.05  41.05  0.000528988
10.05  41.55  0.00030922
10.05  42.05  0.000887033
10.05  42.55  0.000701342
10.05  43.05  0.000556131
10.05  43.55  0.000201978
10.05  44.05  0.00036287
10.05  44.55  0.000490093
10.05  45.05  0.000415506
10.05  45.55  0.000759173
10.05  46.05  0.0012486
10.05  46.55  0.000782176
10.05  47.05  0.000353754
10.05  47.55  0.000555472
10.05  48.05  0.000674983
10.05  48.55  0.000348243
10.05  49.05  0.000105829
10.05  49.55  0.000102341
10.05  50.05  4.07932e-05
10.05  50.55  1.04898e-05
10.05  51.05  4.55465e-06
10.05  51.55  3.90472e-06
10.05  52.05  1.14839e-05
12.55  37.55  1.57631e-05
12.55  38.05  9.80039e-06
12.55  38.55  2.87537e-05
12.55  39.05  3.99403e-05
12.55  39.55  6.14688e-05
12.55  40.05  0.000210035
12.55  40.55  0.000483947
12.55  41.05  0.000359771
12.55  41.55  0.000346595
12.55  42.05  0.00106743
12.55  42.55  0.00100107
12.55  43.05  0.000524764
12.55  43.55  0.000210663
12.55  44.05  0.000282788
12.55  44.55  0.000414242
12.55  45.05  0.000582813
12.55  45.55  0.000925154
12.55  46.05  0.00155426
12.55  46.55  0.00145296
12.55  47.05  0.000583669
12.55  47.55  0.000883937
12.55  48.05  0.000992664
12.55  48.55  0.000458929
12.55  49.05  0.000156575
12.55  49.55  0.000197629
12.55  50.05  8.55519e-05
12.55  50.55  2.30269e-05
12.55  51.05  7.0666e-06
12.55  51.55  5.51891e-06
12.55  52.05  1.95533e-05
15.05  37.55  2.85306e-05
15.05  38.05  1.18398e-05
15.05  38.55  2.57348e-05
15.05  39.05  3.10503e-05
15.05  39.55  5.14821e-05
15.05  40.05  0.000176939
15.05  40.55  0.000255866
15.05  41.05  0.000188495
15.05  41.55  0.000148019
15.05  42.05  0.000503186
15.05  42.55  0.00069557
15.05  43.05  0.000602232
15.05  43.55  0.000257397
15.05  44.05  0.00032103
15.05  44.55  0.000340191
15.05  45.05  0.000320928
15.05  45.55  0.000656733
15.05  46.05  0.00108017
15.05  46.55  0.00117138
15.05  47.05  0.000504187
15.05  47.55  0.00066971
15.05  48.05  0.000873119
15.05  48.55  0.000458338
15.05  49.05  0.000200686
15.05  49.55  0.000175647
15.05  50.05  7.81139e-05
15.05  50.55  2.50214e-05
15.05  51.05  7.05289e-06
15.05  51.55  5.77809e-06
15.05  52.05  3.35065e-05
17.55  37.55  0.000144308
17.55  38.05  3.3294e-05
17.55  38.55  2.93085e-05
17.55  39.05  4.06296e-05
17.55  39.55  5.11989e-05
17.55  40.05  0.000174368
17.55  40.55  0.000181914
17.55  41.05  0.000118567
17.55  41.55  0.000168507
17.55  42.05  0.000517088
17.55  42.55  0.000751016
17.55  43.05  0.000789225
17.55  43.55  0.000468751
17.55  44.05  0.000442038
17.55  44.55  0.000525774
17.55  45.05  0.000255986
17.55  45.55  0.000524433
17.55  46.05  0.000895299
17.55  46.55  0.000856696
17.55  47.05  0.000521644
17.55  47.55  0.00085837
17.55  48.05  0.00114351
17.55  48.55  0.000597741
17.55  49.05  0.00024465
17.55  49.55  0.000204622
17.55  50.05  9.3675e-05
17.55  50.55  2.67465e-05
17.55  51.05  9.72799e-06
17.55  51.55  7.15112e-06
17.55  52.05  3.11872e-05
20.05  37.55  0.000122085
20.05  38.05  2.01971e-05
20.05  38.55  1.68624e-05
20.05  39.05  4.27837e-05
20.05  39.55  3.8795e-05
20.05  40.05  0.000115556
20.05  40.55  0.000139922
20.05  41.05  0.000148839
20.05  41.55  0.000200473
20.05  42.05  0.000671915
20.05  42.55  0.000907368
20.05  43.05  0.000768611
20.05  43.55  0.000279901
20.05  44.05  0.000296925
20.05  44.55  0.000601869
20.05  45.05  0.000274753
20.05  45.55  0.000688821
20.05  46.05  0.00103175
20.05  46.55  0.000458191
20.05  47.05  0.000220512
20.05  47.55  0.00064111
20.05  48.05  0.000840623
20.05  48.55  0.000416065
20.05  49.05  0.000121847
20.05  49.55  0.00014453
20.05  50.05  7.42466e-05
20.05  50.55  2.59784e-05
20.05  51.05  9.58571e-06
20.05  51.55  6.77022e-06
20.05  52.05  2.16877e-05
22.55  37.55  0.000109724
22.55  38.05  2.15694e-05
22.55  38.55  1.2588e-05
22.55  39.05  3.34884e-05
22.55  39.55  4.86757e-05
22.55  40.05  0.000145148
22.55  40.55  0.000343063
22.55  41.05  0.000474353
22.55  41.55  0.000267357
22.55  42.05  0.00101867
22.55  42.55  0.00146025
22.55  43.05  0.000935149
22.55  43.55  0.000187684
22.55  44.05  0.000348351
22.55  44.55  0.000635084
22.55  45.05  0.000301934
22.55  45.55  0.000682645
22.55  46.05  0.00109778
22.55  46.55  0.00046237
22.55  47.05  0.000212282
22.55  47.55  0.00036016
22.55  48.05  0.000507564
22.55  48.55  0.000289207
22.55  49.05  9.7784e-05
22.55  49.55  0.000126866
22.55  50.05  5.56783e-05
22.55  50.55  2.78464e-05
22.55  51.05  1.23395e-05
22.55  51.55  1.16562e-05
22.55  52.05  4.00689e-05
25.05  37.55  0.000101838
25.05  38.05  3.55093e-05
25.05  38.55  1.74334e-05
25.05  39.05  1.81289e-05
25.05  39.55  5.54911e-05
25.05  40.05  0.000142598
25.05  40.55  0.000356202
25.05  41.05  0.00042317
25.05  41.55  0.00035301
25.05  42.05  0.000668348
25.05  42.55  0.000859996
25.05  43.05  0.000777066
25.05  43.55  0.000268596
25.05  44.05  0.000350696
25.05  44.55  0.000419928
25.05  45.05  0.00022709
25.05  45.55  0.000158611
25.05  46.05  0.000328126
25.05  46.55  0.000332715
25.05  47.05  0.00014294
25.05  47.55  0.000223044
25.05  48.05  0.000291275
25.05  48.55  0.000139146
25.05  49.05  5.93551e-05
25.05  49.55  5.85383e-05
25.05  50.05  2.83341e-05
25.05  50.55  2.10133e-05
25.05  51.05  1.34986e-05
25.05  51.55  1.40725e-05
25.05  52.05  5.20374e-05
27.55  37.55  0.000281247
27.55  38.05  0.000100775
27.55  38.55  0.000107991
27.55  39.05  7.69968e-05
27.55  39.55  8.93241e-05
27.55  40.05  0.000151559
27.55  40.55  0.000330812
27.55  41.05  0.000525566
27.55  41.55  0.000352646
27.55  42.05  0.000668899
27.55  42.55  0.000925913
27.55  43.05  0.000897461
27.55  43.55  0.000507172
27.55  44.05  0.000561486
27.55  44.55  0.000585581
27.55  45.05  0.000253557
27.55  45.55  0.000113652
27.55  46.05  0.000241169
27.55  46.55  0.000226833
27.55  47.05  0.000146977
27.55  47.55  0.000211796
27.55  48.05  0.000238028
27.55  48.55  8.72161e-05
27.55  49.05  3.66894e-05
27.55  49.55  4.79279e-05
27.55  50.05  2.90353e-05
27.55  50.55  2.29058e-05
27.55  51.05  1.81867e-05
27.55  51.55  1.5762e-05
27.55  52.05  6.98773e-05
30.05  37.55  0.000461478
30.05  38.05  0.000144792
30.05  38.55  0.000193215
30.05  39.05  0.00014611
30.05  39.55  9.50315e-05
30.05  40.05  0.000195756
30.05  40.55  0.000310857
30.05  41.05  0.00066933
30.05  41.55  0.000632733
30.05  42.05  0.000733335
30.05  42.55  0.000775833
30.05  43.05  0.000650542
30.05  43.55  0.000418671
30.05  44.05  0.000589763
30.05  44.55  0.000643627
30.05  45.05  0.000231301
30.05  45.55  0.000228158
30.05  46.05  0.000241521
30.05  46.55  0.000151263
30.05  47.05  0.00013055
30.05  47.55  0.000180405
30.05  48.05  0.000229857
30.05  48.55  9.32907e-05
30.05  49.05  3.17981e-05
30.05  49.55  4.70644e-05
30.05  50.05  2.23892e-05
30.05  50.55  1.14008e-05
30.05  51.05  9.65267e-06
30.05  51.55  8.22818e-06
30.05  52.05  2.51631e-05
32.55  37.55  0.000537276
32.55  38.05  0.000218963
32.55  38.55  0.000439703
32.55  39.05  0.000478979
32.55  39.55  7.80465e-05
32.55  40.05  0.000552385
32.55  40.55  0.000774052
32.55  41.05  0.000971474
32.55  41.55  0.00113556
32.55  42.05  0.00101252
32.55  42.55  0.000905136
32.55  43.05  0.000894887
32.55  43.55  0.000465094
32.55  44.05  0.000784293
32.55  44.55  0.000756771
32.55  45.05  0.000263094
32.55  45.55  0.000467665
32.55  46.05  0.000298315
32.55  46.55  0.000185288
32.55  47.05  0.000160652
32.55  47.55  0.000237184
32.55  48.05  0.00036088
32.55  48.55  0.00012969
32.55  49.05  3.76284e-05
32.55  49.55  4.87993e-05
32.55  50.05  2.69726e-05
32.55  50.55  1.02802e-05
32.55  51.05  7.84149e-06
32.55  51.55  7.67773e-06
32.55  52.05  1.63848e-05
35.05  37.55  0.000489331
35.05  38.05  0.000202932
35.05  38.55  0.000559995
35.05  39.05  0.000625355
35.05  39.55  0.000238339
35.05  40.05  0.000948843
35.05  40.55  0.00119156
35.05  41.05  0.00120455
35.05  41.55  0.000833715
35.05  42.05  0.00158198
35.05  42.55  0.00145556
35.05  43.05  0.00100929
35.05  43.55  0.000413163
35.05  44.05  0.000446185
35.05  44.55  0.000471407
35.05  45.05  0.000277746
35.05  45.55  0.000415254
35.05  46.05  0.000302564
35.05  46.55  0.000297552
35.05  47.05  0.000167651
35.05  47.55  0.000246394
35.05  48.05  0.000340123
35.05  48.55  0.000104168
35.05  49.05  3.59398e-05
35.05  49.55  4.30446e-05
35.05  50.05  2.92874e-05
35.05  50.55  1.00569e-05
35.05  51.05  7.53001e-06
35.05  51.55  7.61418e-06
35.05  52.05  2.02065e-05
37.55  37.55  0.000707372
37.55  38.05  0.000248998
37.55  38.55  0.000938012
37.55  39.05  0.00116835
37.55  39.55  0.000702937
37.55  40.05  0.00121979
37.55  40.55  0.00169031
37.55  41.05  0.00241393
37.55  41.55  0.000927703
37.55  42.05  0.00219142
37.55  42.55  0.00201861
37.55  43.05  0.0010534
37.55  43.55  0.000615967
37.55  44.05  0.000626697
37.55  44.55  0.000346288
37.55  45.05  0.000353147
37.55  45.55  0.000503328
37.55  46.05  0.000591011
37.55  46.55  0.000536931
37.55  47.05  0.000228313
37.55  47.55  0.000375045
37.55  48.05  0.000295389
37.55  48.55  0.00013423
37.55  49.05  5.10966e-05
37.55  49.55  5.34543e-05
37.55  50.05  3.58082e-05
37.55  50.55  1.36105e-05
37.55  51.05  1.19277e-05
37.55  51.55  1.22557e-05
37.55  52.05  3.34808e-05
40.05  37.55  0.0011799
40.05  38.05  0.000376507
40.05  38.55  0.000737734
40.05  39.05  0.000903701
40.05  39.55  0.000639219
40.05  40.05  0.00146291
40.05  40.55  0.00187806
40.05  41.05  0.00249721
40.05  41.55  0.0008989
40.05  42.05  0.000955508
40.05  42.55  0.00104456
40.05  43.05  0.000790169
40.05  43.55  0.000585619
40.05  44.05  0.00116014
40.05  44.55  0.000310226
40.05  45.05  0.000280539
40.05  45.55  0.000540613
40.05  46.05  0.000768939
40.05  46.55  0.000454751
40.05  47.05  0.000229554
40.05  47.55  0.000294999
40.05  48.05  0.000241243
40.05  48.55  0.000137992
40.05  49.05  4.95475e-05
40.05  49.55  4.82017e-05
40.05  50.05  3.09324e-05
40.05  50.55  1.37807e-05
40.05  51.05  1.56108e-05
40.05  51.55  1.4643e-05
40.05  52.05  3.63672e-05
42.55  37.55  0.00157798
42.55  38.05  0.000548779
42.55  38.55  0.000715879
42.55  39.05  0.000791292
42.55  39.55  0.000803012
42.55  40.05  0.00302748
42.55  40.55  0.0027684
42.55  41.05  0.0031633
42.55  41.55  0.00148696
42.55  42.05  0.000745306
42.55  42.55  0.00132299
42.55  43.05  0.0014814
42.55  43.55  0.00076558
42.55  44.05  0.00172423
42.55  44.55  0.000666757
42.55  45.05  0.000356232
42.55  45.55  0.000712847
42.55  46.05  0.00110036
42.55  46.55  0.000736454
42.55  47.05  0.000316679
42.55  47.55  0.000319655
42.55  48.05  0.000317406
42.55  48.55  0.000194976
42.55  49.05  6.65438e-05
42.55  49.55  5.86493e-05
42.55  50.05  3.39551e-05
42.55  50.55  1.88233e-05
42.55  51.05  2.4126e-05
42.55  51.55  2.09638e-05
42.55  52.05  5.9358e-05
45.05  37.55  0.000989126
45.05  38.05  0.000421273
45.05  38.55  0.000883164
45.05  39.05  0.00118824
45.05  39.55  0.000708457
45.05  40.05  0.00219393
45.05  40.55  0.0024672
45.05  41.05  0.0028983
45.05  41.55  0.00269274
45.05  42.05  0.00329997
45.05  42.55  0.00238361
45.05  43.05  0.00192163
45.05  43.55  0.00114304
45.05  44.05  0.00174508
45.05  44.55  0.00111579
45.05  45.05  0.000360565
45.05  45.55  0.000461965
45.05  46.05  0.00081814
45.05  46.55  0.000747334
45.05  47.05  0.00033508
45.05  47.55  0.000311747
45.05  48.05  0.000292362
45.05  48.55  0.000196082
45.05  49.05  6.95088e-05
45.05  49.55  5.92809e-05
45.05  50.05  3.55482e-05
45.05  50.55  1.95964e-05
45.05  51.05  1.79496e-05
45.05  51.55  1.59507e-05
45.05  52.05  3.97179e-05
47.55  37.55  0.00076912
47.55  38.05  0.000405558
47.55  38.55  0.00180135
47.55  39.05  0.00292622
47.55  39.55  0.00174265
47.55  40.05  0.00343257
47.55  40.55  0.00484504
47.55  41.05  0.00320586
47.55  41.55  0.00737657
47.55  42.05  0.0106399
47.55  42.55  0.00551407
47.55  43.05  0.00317066
47.55  43.55  0.00148543
47.55  44.05  0.00270875
47.55  44.55  0.00168027
47.55  45.05  0.00042949
47.55  45.55  0.000436959
47.55  46.05  0.000885611
47.55  46.55  0.000740941
47.55  47.05  0.000468199
47.55  47.55  0.000384223
47.55  48.05  0.000279444
47.55  48.55  0.000222246
47.55  49.05  0.000101808
47.55  49.55  9.88128e-05
47.55  50.05  6.03658e-05
47.55  50.55  3.0288e-05
47.55  51.05  2.13086e-05
47.55  51.55  1.98853e-05
47.55  52.05  7.41186e-05
50.05  37.55  0.000372714
50.05  38.05  0.000646967
50.05  38.55  0.00289255
50.05  39.05  0.00310974
50.05  39.55  0.00201432
50.05  40.05  0.002555
50.05  40.55  0.00450701
50.05  41.05  0.00346049
50.05  41.55  0.00475506
50.05  42.05  0.0102665
50.05  42.55  0.00731622
50.05  43.05  0.00538832
50.05  43.55  0.00344589
50.05  44.05  0.00398813
50.05  44.55  0.00203768
50.05  45.05  0.000871535
50.05  45.55  0.00106571
50.05  46.05  0.00185248
50.05  46.55  0.000945011
50.05  47.05  0.000338013
50.05  47.55  0.000499807
50.05  48.05  0.000327272
50.05  48.55  0.000233978
50.05  49.05  0.000110491
50.05  49.55  0.000113278
50.05  50.05  5.7628e-05
50.05  50.55  2.50705e-05
50.05  51.05  1.92549e-05
50.05  51.55  1.92353e-05
50.05  52.05  6.11835e-05
52.55  37.55  0.00100736
52.55  38.05  0.00160564
52.55  38.55  0.00864327
52.55  39.05  0.00798448
52.55  39.55  0.00429279
52.55  40.05  0.00446226
52.55  40.55  0.0046723
52.55  41.05  0.00446183
52.55  41.55  0.00353512
52.55  42.05  0.00664526
52.55  42.55  0.0075464
52.55  43.05  0.00959868
52.55  43.55  0.00970415
52.55  44.05  0.00666794
52.55  44.55  0.00294711
52.55  45.05  0.00199087
52.55  45.55  0.0022884
52.55  46.05  0.00359401
52.55  46.55  0.00189264
52.55  47.05  0.000334774
52.55  47.55  0.00068131
52.55  48.05  0.000684569
52.55  48.55  0.000460564
52.55  49.05  0.000165556
52.55  49.55  0.000140644
52.55  50.05  7.76729e-05
52.55  50.55  3.58346e-05
52.55  51.05  2.63015e-05
52.55  51.55  2.14487e-05
52.55  52.05  3.77071e-05
55.05  37.55  0.0037585
55.05  38.05  0.00402968
55.05  38.55  0.0167059
55.05  39.05  0.00957136
55.05  39.55  0.00379243
55.05  40.05  0.00350514
55.05  40.55  0.00384172
55.05  41.05  0.00692135
55.05  41.55  0.00654841
55.05  42.05  0.00751255
55.05  42.55  0.00813119
55.05  43.05  0.0127763
55.05  43.55  0.00923008
55.05  44.05  0.00910669
55.05  44.55  0.00339074
55.05  45.05  0.00221075
55.05  45.55  0.00354856
55.05  46.05  0.00433715
55.05  46.55  0.00259806
55.05  47.05  0.00063363
55.05  47.55  0.0007676
55.05  48.05  0.000786449
55.05  48.55  0.00041888
55.05  49.05  0.000122794
55.05  49.55  0.000107783
55.05  50.05  6.65407e-05
55.05  50.55  3.42651e-05
55.05  51.05  2.12564e-05
55.05  51.55  1.32979e-05
55.05  52.05  2.22076e-05
57.55  37.55  0.00721581
57.55  38.05  0.0053364
57.55  38.55  0.0211121
57.55  39.05  0.0128321
57.55  39.55  0.00421936
57.55  40.05  0.00355154
57.55  40.55  0.00716195
57.55  41.05  0.0154427
57.55  41.55  0.0154315
57.55  42.05  0.0320772
57.55  42.55  0.031227
57.55  43.05  0.0190052
57.55  43.55  0.0110068
57.55  44.05  0.0165678
57.55  44.55  0.00932933
57.55  45.05  0.00355026
57.55  45.55  0.00745406
57.55  46.05  0.00698563
57.55  46.55  0.00395919
57.55  47.05  0.00121953
57.55  47.55  0.0010692
57.55  48.05  0.000921992
57.55  48.55  0.000585318
57.55  49.05  0.000143962
57.55  49.55  0.00014181
57.55  50.05  9.2333e-05
57.55  50.55  3.75413e-05
57.55  51.05  2.21912e-05
57.55  51.55  1.86486e-05
57.55  52.05  3.22241e-05
60.05  37.55  0.0193321
60.05  38.05  0.0101274
60.05  38.55  0.024989
60.05  39.05  0.0158324
60.05  39.55  0.00652705
60.05  40.05  0.00442626
60.05  40.55  0.00922901
60.05  41.05  0.0133507
60.05  41.55  0.0210664
60.05  42.05  0.0522382
60.05  42.55  0.0486292
60.05  43.05  0.0256666
60.05  43.55  0.0110592
60.05  44.05  0.0148903
60.05  44.55  0.0124608
60.05  45.05  0.00315042
60.05  45.55  0.00514201
60.05  46.05  0.00555698
60.05  46.55  0.0039322
60.05  47.05  0.00102599
60.05  47.55  0.00090996
60.05  48.05  0.000724296
60.05  48.55  0.000610507
60.05  49.05  0.000164474
60.05  49.55  0.000126378
60.05  50.05  8.35707e-05
60.05  50.55  3.88595e-05
60.05  51.05  2.38001e-05
60.05  51.55  2.44503e-05
60.05  52.05  4.5259e-05
62.55  37.55  0.0669495
62.55  38.05  0.0282728
62.55  38.55  0.0345077
62.55  39.05  0.0205959
62.55  39.55  0.00701132
62.55  40.05  0.00612084
62.55  40.55  0.0153054
62.55  41.05  0.0150224
62.55  41.55  0.0218584
62.55  42.05  0.0523206
62.55  42.55  0.0583265
62.55  43.05  0.0309593
62.55  43.55  0.0116963
62.55  44.05  0.0176464
62.55  44.55  0.0118161
62.55  45.05  0.00227739
62.55  45.55  0.00594944
62.55  46.05  0.00735733
62.55  46.55  0.00372152
62.55  47.05  0.00109509
62.55  47.55  0.000967493
62.55  48.05  0.000842186
62.55  48.55  0.000683943
62.55  49.05  0.000177884
62.55  49.55  0.000155418
62.55  50.05  0.000125856
62.55  50.55  6.27445e-05
62.55  51.05  3.51014e-05
62.55  51.55  2.97766e-05
62.55  52.05  7.4139e-05
65.05  37.55  0.0517825
65.05  38.05  0.0223319
65.05  38.55  0.0349148
65.05  39.05  0.0369423
65.05  39.55  0.00891424
65.05  40.05  0.00956439
65.05  40.55  0.0183846
65.05  41.05  0.0144741
65.05  41.55  0.0187347
65.05  42.05  0.0351788
65.05  42.55  0.0640491
65.05  43.05  0.0396781
65.05  43.55  0.0132309
65.05  44.05  0.0260859
65.05  44.55  0.0189383
65.05  45.05  0.00598531
65.05  45.55  0.00780011
65.05  46.05  0.00917814
65.05  46.55  0.00292236
65.05  47.05  0.00091732
65.05  47.55  0.000720897
65.05  48.05  0.000698883
65.05  48.55  0.000523692
65.05  49.05  0.000170946
65.05  49.55  0.000143156
65.05  50.05  0.000122322
65.05  50.55  5.59856e-05
65.05  51.05  2.97191e-05
65.05  51.55  2.18438e-05
65.05  52.05  3.26453e-05
67.55  37.55  0.0441947
67.55  38.05  0.021918
67.55  38.55  0.0511291
67.55  39.05  0.0627382
67.55  39.55  0.0212991
67.55  40.05  0.0314311
67.55  40.55  0.0407686
67.55  41.05  0.0261945
67.55  41.55  0.0313048
67.55  42.05  0.0489262
67.55  42.55  0.0765556
67.55  43.05  0.0573489
67.55  43.55  0.0209394
67.55  44.05  0.0376298
67.55  44.55  0.0328569
67.55  45.05  0.015938
67.55  45.55  0.0108834
67.55  46.05  0.00943109
67.55  46.55  0.00323282
67.55  47.05  0.000839544
67.55  47.55  0.000857833
67.55  48.05  0.000871693
67.55  48.55  0.000583611
67.55  49.05  0.000206306
67.55  49.55  0.000204457
67.55  50.05  0.000148629
67.55  50.55  5.98119e-05
67.55  51.05  2.98242e-05
67.55  51.55  2.54118e-05
67.55  52.05  8.43738e-05
70.05  37.55  0.0388778
70.05  38.05  0.0169057
70.05  38.55  0.0488418
70.05  39.05  0.040609
70.05  39.55  0.0301138
70.05  40.05  0.0525557
70.05  40.55  0.0614409
70.05  41.05  0.0354795
70.05  41.55  0.0333967
70.05  42.05  0.0566559
70.05  42.55  0.0731653
70.05  43.05  0.0528609
70.05  43.55  0.0224512
70.05  44.05  0.0265497
70.05  44.55  0.0222568
70.05  45.05  0.0150497
70.05  45.55  0.0060512
70.05  46.05  0.00420122
70.05  46.55  0.00220636
70.05  47.05  0.000767962
70.05  47.55  0.000881439
70.05  48.05  0.000874808
70.05  48.55  0.000568538
70.05  49.05  0.000207021
70.05  49.55  0.00022361
70.05  50.05  0.000142389
70.05  50.55  5.01681e-05
70.05  51.05  2.83517e-05
70.05  51.55  2.87694e-05
70.05  52.05  8.29904e-05
72.55  37.55  0.0202051
72.55  38.05  0.0102957
72.55  38.55  0.0513297
72.55  39.05  0.0682307
72.55  39.55  0.0640409
72.55  40.05  0.078228
72.55  40.55  0.0789
72.55  41.05  0.0497026
72.55  41.55  0.0505004
72.55  42.05  0.101128
72.55  42.55  0.105288
72.55  43.05  0.0677597
72.55  43.55  0.0247345
72.55  44.05  0.0185836
72.55  44.55  0.0238771
72.55  45.05  0.0191199
72.55  45.55  0.0056772
72.55  46.05  0.00400189
72.55  46.55  0.00279476
72.55  47.05  0.00116228
72.55  47.55  0.00133976
72.55  48.05  0.0013484
72.55  48.55  0.000701117
72.55  49.05  0.000291142
72.55  49.55  0.000294134
72.55  50.05  0.000196571
72.55  50.55  6.71267e-05
72.55  51.05  4.02798e-05
72.55  51.55  3.87354e-05
72.55  52.05  0.000103421
75.05  37.55  0.00449728
75.05  38.05  0.00869548
75.05  38.55  0.0588068
75.05  39.05  0.0572316
75.05  39.55  0.0329075
75.05  40.05  0.0756085
75.05  40.55  0.110194
75.05  41.05  0.0832788
75.05  41.55  0.0828914
75.05  42.05  0.151074
75.05  42.55  0.105396
75.05  43.05  0.0733376
75.05  43.55  0.0180607
75.05  44.05  0.0144858
75.05  44.55  0.016276
75.05  45.05  0.00872785
75.05  45.55  0.00535222
75.05  46.05  0.00385899
75.05  46.55  0.00286093
75.05  47.05  0.00142868
75.05  47.55  0.00116055
75.05  48.05  0.00143399
75.05  48.55  0.000688068
75.05  49.05  0.000256485
75.05  49.55  0.00025555
75.05  50.05  0.000175957
75.05  50.55  5.83495e-05
75.05  51.05  3.62361e-05
75.05  51.55  2.90187e-05
75.05  52.05  5.60551e-05
77.55  37.55  0.0408742
77.55  38.05  0.0530195
77.55  38.55  0.131964
77.55  39.05  0.0659736
77.55  39.55  0.0233796
77.55  40.05  0.124795
77.55  40.55  0.19991
77.55  41.05  0.155155
77.55  41.55  0.137763
77.55  42.05  0.339935
77.55  42.55  0.215365
77.55  43.05  0.104801
77.55  43.55  0.0179302
77.55  44.05  0.0240518
77.55  44.55  0.0134641
77.55  45.05  0.00350363
77.55  45.55  0.00482854
77.55  46.05  0.00571403
77.55  46.55  0.0037914
77.55  47.05  0.00199125
77.55  47.55  0.00127375
77.55  48.05  0.00167971
77.55  48.55  0.000919355
77.55  49.05  0.000349323
77.55  49.55  0.00031211
77.55  50.05  0.000194703
77.55  50.55  7.23559e-05
77.55  51.05  4.33646e-05
77.55  51.55  4.11272e-05
77.55  52.05  9.75015e-05
80.05  37.55  0.248163
80.05  38.05  0.137047
80.05  38.55  0.18298
80.05  39.05  0.129835
80.05  39.55  0.0581586
80.05  40.05  0.190139
80.05  40.55  0.292235
80.05  41.05  0.278514
80.05  41.55  0.170149
80.05  42.05  0.395219
80.05  42.55  0.253107
80.05  43.05  0.112582
80.05  43.55  0.0284651
80.05  44.05  0.0290315
80.05  44.55  0.0130444
80.05  45.05  0.00428591
80.05  45.55  0.00413353
80.05  46.05  0.00634954
80.05  46.55  0.00379275
80.05  47.05  0.00151256
80.05  47.55  0.00127536
80.05  48.05  0.00145807
80.05  48.55  0.000864626
80.05  49.05  0.000310165
80.05  49.55  0.000273603
80.05  50.05  0.000159255
80.05  50.55  7.31076e-05
80.05  51.05  3.95531e-05
80.05  51.55  3.62825e-05
80.05  52.05  6.76213e-05
82.55  37.55  0.396044
82.55  38.05  0.170504
82.55  38.55  0.279978
82.55  39.05  0.246617
82.55  39.55  0.131983
82.55  40.05  0.35903
82.55  40.55  0.534434
82.55  41.05  0.454197
82.55  41.55  0.147888
82.55  42.05  0.330763
82.55  42.55  0.278336
82.55  43.05  0.115865
82.55  43.55  0.0475588
82.55  44.05  0.036143
82.55  44.55  0.0199578
82.55  45.05  0.00918542
82.55  45.55  0.00707441
82.55  46.05  0.00675189
82.55  46.55  0.00477056
82.55  47.05  0.00210789
82.55  47.55  0.00186621
82.55  48.05  0.001768
82.55  48.55  0.00106685
82.55  49.05  0.000387479
82.55  49.55  0.00039354
82.55  50.05  0.000225005
82.55  50.55  8.22172e-05
82.55  51.05  4.73903e-05
82.55  51.55  5.15221e-05
82.55  52.05  0.000143459
85.05  37.55  0.588214
85.05  38.05  0.224761
85.05  38.55  0.338294
85.05  39.05  0.315521
85.05  39.55  0.197935
85.05  40.05  0.422823
85.05  40.55  0.53064
85.05  41.05  0.358939
85.05  41.55  0.161855
85.05  42.05  0.139588
85.05  42.55  0.133658
85.05  43.05  0.0951009
85.05  43.55  0.039342
85.05  44.05  0.0334472
85.05  44.55  0.0188661
85.05  45.05  0.00869897
85.05  45.55  0.00680284
85.05  46.05  0.005278
85.05  46.55  0.00421505
85.05  47.05  0.00192863
85.05  47.55  0.0021934
85.05  48.05  0.00168539
85.05  48.55  0.00102663
85.05  49.05  0.0003642
85.05  49.55  0.000364638
85.05  50.05  0.000197269
85.05  50.55  6.46216e-05
85.05  51.05  4.82802e-05
85.05  51.55  5.69865e-05
85.05  52.05  0.000213999
87.55  37.55  1
87.55  38.05  0.323311
87.55  38.55  0.367172
87.55  39.05  0.542345
87.55  39.55  0.354268
87.55  40.05  0.541844
87.55  40.55  0.602021
87.55  41.05  0.409521
87.55  41.55  0.230475
87.55  42.05  0.116618
87.55  42.55  0.117442
87.55  43.05  0.0990007
87.55  43.55  0.0398527
87.55  44.05  0.0408421
87.55  44.55  0.0241913
87.55  45.05  0.0108227
87.55  45.55  0.00696042
87.55  46.05  0.00843977
87.55  46.55  0.00459519
87.55  47.05  0.00237777
87.55  47.55  0.00386492
87.55  48.05  0.00306406
87.55  48.55  0.00133631
87.55  49.05  0.000410315
87.55  49.55  0.000384681
87.55  50.05  0.000221041
87.55  50.55  8.37808e-05
87.55  51.05  6.41682e-05
87.55  51.55  7.52998e-05
87.55  52.05  0.000237411
90.05  37.55  0.890017
90.05  38.05  0.296859
90.05  38.55  0.305038
90.05  39.05  0.503833
90.05  39.55  0.279162
90.05  40.05  0.445372
90.05  40.55  0.626912
90.05  41.05  0.325295
90.05  41.55  0.117904
90.05  42.05  0.123426
90.05  42.55  0.0934394
90.05  43.05  0.0491388
90.05  43.55  0.0199914
90.05  44.05  0.0305049
90.05  44.55  0.0177448
90.05  45.05  0.007129
90.05  45.55  0.00615271
90.05  46.05  0.0102952
90.05  46.55  0.00429146
90.05  47.05  0.00243967
90.05  47.55  0.00342384
90.05  48.05  0.00385142
90.05  48.55  0.00125497
90.05  49.05  0.00035045
90.05  49.55  0.000354277
90.05  50.05  0.000189639
90.05  50.55  7.32032e-05
90.05  51.05  5.87612e-05
90.05  51.55  5.63884e-05
90.05  52.05  0.000156118
92.55  37.55  0.59727
92.55  38.05  0.226463
92.55  38.55  0.498487
92.55  39.05  0.485395
92.55  39.55  0.249866
92.55  40.05  0.536822
92.55  40.55  0.593874
92.55  41.05  0.300105
92.55  41.55  0.0885906
92.55  42.05  0.125224
92.55  42.55  0.11147
92.55  43.05  0.0579888
92.55  43.55  0.0161833
92.55  44.05  0.0231104
92.55  44.55  0.0152188
92.55  45.05  0.00640903
92.55  45.55  0.00779488
92.55  46.05  0.0118383
92.55  46.55  0.00546206
92.55  47.05  0.00349229
92.55  47.55  0.00469863
92.55  48.05  0.00487946
92.55  48.55  0.00196466
92.55  49.05  0.000432798
92.55  49.55  0.000445233
92.55  50.05  0.000261719
92.55  50.55  8.52525e-05
92.55  51.05  6.98396e-05
92.55  51.55  7.06538e-05
92.55  52.05  0.000203738
95.05  37.55  0.320327
95.05  38.05  0.14462
95.05  38.55  0.319672
95.05  39.05  0.245804
95.05  39.55  0.223527
95.05  40.05  0.30732
95.05  40.55  0.391758
95.05  41.05  0.300773
95.05  41.55  0.0816174
95.05  42.05  0.105336
95.05  42.55  0.119314
95.05  43.05  0.0761554
95.05  43.55  0.0179527
95.05  44.05  0.0175015
95.05  44.55  0.0125399
95.05  45.05  0.00492851
95.05  45.55  0.008463
95.05  46.05  0.0114389
95.05  46.55  0.00560687
95.05  47.05  0.00329234
95.05  47.55  0.00477864
95.05  48.05  0.00405888
95.05  48.55  0.00234048
95.05  49.05  0.000479454
95.05  49.55  0.000392985
95.05  50.05  0.000270955
95.05  50.55  9.11235e-05
95.05  51.05  6.01102e-05
95.05  51.55  6.93913e-05
95.05  52.05  0.000254306
97.55  37.55  0.151528
97.55  38.05  0.106533
97.55  38.55  0.239995
97.55  39.05  0.274418
97.55  39.55  0.345994
97.55  40.05  0.211406
97.55  40.55  0.483486
97.55  41.05  0.420001
97.55  41.55  0.106128
97.55  42.05  0.146503
97.55  42.55  0.125817
97.55  43.05  0.07318
97.55  43.55  0.0215759
97.55  44.05  0.0228075
97.55  44.55  0.00986134
97.55  45.05  0.00452126
97.55  45.55  0.0119969
97.55  46.05  0.0136214
97.55  46.55  0.00799393
97.55  47.05  0.00412243
97.55  47.55  0.00627201
97.55  48.05  0.00516494
97.55  48.55  0.0032548
97.55  49.05  0.000675741
97.55  49.55  0.000438272
97.55  50.05  0.00037031
97.55  50.55  0.000162343
97.55  51.05  8.41042e-05
97.55  51.55  7.17587e-05
97.55  52.05  0.000263653
100.05  37.55  0.052344
100.05  38.05  0.0359967
100.05  38.55  0.090169
100.05  39.05  0.12119
100.05  39.55  0.174055
100.05  40.05  0.229841
100.05  40.55  0.379853
100.05  41.05  0.259778
100.05  41.55  0.0955439
100.05  42.05  0.0704248
100.05  42.55  0.057184
100.05  43.05  0.0397198
100.05  43.55  0.0145168
100.05  44.05  0.0186366
100.05  44.55  0.0060168
100.05  45.05  0.00549588
100.05  45.55  0.0155552
100.05  46.05  0.0132609
100.05  46.55  0.00948773
100.05  47.05  0.00617433
100.05  47.55  0.00644603
100.05  48.05  0.00441726
100.05  48.55  0.00297852
100.05  49.05  0.000718154
100.05  49.55  0.000357973
100.05  50.05  0.000300135
100.05  50.55  0.000164684
100.05  51.05  8.43557e-05
100.05  51.55  4.48e-05
100.05  52.05  0.000100298
102.55  37.55  0.0471127
102.55  38.05  0.0233321
102.55  38.55  0.0452157
102.55  39.05  0.0555022
102.55  39.55  0.101084
102.55  40.05  0.263584
102.55  40.55  0.390122
102.55  41.05  0.289967
102.55  41.55  0.113606
102.55  42.05  0.074204
102.55  42.55  0.0446047
102.55  43.05  0.0254448
102.55  43.55  0.00987965
102.55  44.05  0.0136281
102.55  44.55  0.00838798
102.55  45.05  0.00856185
102.55  45.55  0.0225319
102.55  46.05  0.0152616
102.55  46.55  0.0117521
102.55  47.05  0.00801226
102.55  47.55  0.00856228
102.55  48.05  0.00685728
102.55  48.55  0.00388952
102.55  49.05  0.00106111
102.55  49.55  0.000520383
102.55  50.05  0.000375102
102.55  50.55  0.000200076
102.55  51.05  0.000111263
102.55  51.55  7.58049e-05
102.55  52.05  0.000163875
105.05  37.55  0.0425882
105.05  38.05  0.0184324
105.05  38.55  0.0486772
105.05  39.05  0.056136
105.05  39.55  0.0534375
105.05  40.05  0.199121
105.05  40.55  0.318098
105.05  41.05  0.221183
105.05  41.55  0.0824992
105.05  42.05  0.0574095
105.05  42.55  0.025049
105.05  43.05  0.0154353
105.05  43.55  0.00688806
105.05  44.05  0.0105015
105.05  44.55  0.00945423
105.05  45.05  0.0066891
105.05  45.55  0.00755661
105.05  46.05  0.00801278
105.05  46.55  0.00968833
105.05  47.05  0.00625596
105.05  47.55  0.0073145
105.05  48.05  0.00684376
105.05  48.55  0.00357159
105.05  49.05  0.000979803
105.05  49.55  0.000553337
105.05  50.05  0.000384077
105.05  50.55  0.000188977
105.05  51.05  0.000108886
105.05  51.55  9.62901e-05
105.05  52.05  0.000327448
107.55  37.55  0.017014
107.55  38.05  0.012957
107.55  38.55  0.0508734
107.55  39.05  0.0762166
107.55  39.55  0.0362925
107.55  40.05  0.187154
107.55  40.55  0.262832
107.55  41.05  0.156736
107.55  41.55  0.0594785
107.55  42.05  0.0396256
107.55  42.55  0.0163132
107.55  43.05  0.00924292
107.55  43.55  0.00746958
107.55  44.05  0.0126315
107.55  44.55  0.0124242
107.55  45.05  0.00861214
107.55  45.55  0.00672523
107.55  46.05  0.0102558
107.55  46.55  0.0104833
107.55  47.05  0.00733294
107.55  47.55  0.00840039
107.55  48.05  0.0076735
107.55  48.55  0.00534681
107.55  49.05  0.0014054
107.55  49.55  0.00066996
107.55  50.05  0.000507235
107.55  50.55  0.000233512
107.55  51.05  0.000138865
107.55  51.55  0.000130457
107.55  52.05  0.000423275
110.05  37.55  0.00705314
110.05  38.05  0.00573401
110.05  38.55  0.0219813
110.05  39.05  0.0436981
110.05  39.55  0.0315866
110.05  40.05  0.0903694
110.05  40.55  0.109914
110.05  41.05  0.0666721
110.05  41.55  0.0251949
110.05  42.05  0.0208115
110.05  42.55  0.012301
110.05  43.05  0.00712453
110.05  43.55  0.00521702
110.05  44.05  0.00974545
110.05  44.55  0.00842569
110.05  45.05  0.00486652
110.05  45.55  0.00666412
110.05  46.05  0.0102142
110.05  46.55  0.00722201
110.05  47.05  0.00520083
110.05  47.55  0.00740878
110.05  48.05  0.00811483
110.05  48.55  0.00694356
110.05  49.05  0.00131916
110.05  49.55  0.000537765
110.05  50.05  0.000431788
110.05  50.55  0.000182694
110.05  51.05  0.000115986
110.05  51.55  0.000101649
110.05  52.05  0.000377616
112.55  37.55  0.00210659
112.55  38.05  0.00279338
112.55  38.55  0.0150219
112.55  39.05  0.0181297
112.55  39.55  0.0184591
112.55  40.05  0.0489295
112.55  40.55  0.0568694
112.55  41.05  0.0323336
112.55  41.55  0.0115012
112.55  42.05  0.0112671
112.55  42.55  0.0103792
112.55  43.05  0.00779492
112.55  43.55  0.00628189
112.55  44.05  0.0117167
112.55  44.55  0.00697437
112.55  45.05  0.00353402
112.55  45.55  0.00880991
112.55  46.05  0.0122376
112.55  46.55  0.00759525
112.55  47.05  0.00486665
112.55  47.55  0.00946758
112.55  48.05  0.0140307
112.55  48.55  0.0120088
112.55  49.05  0.00206123
112.55  49.55  0.000863813
112.55  50.05  0.000580403
112.55  50.55  0.000181233
112.55  51.05  0.000108445
112.55  51.55  0.000112651
112.55  52.05  0.000441582
115.05  37.55  0.0008548
115.05  38.05  0.00156338
115.05  38.55  0.00934854
115.05  39.05  0.00956588
115.05  39.55  0.00633119
115.05  40.05  0.0232063
115.05  40.55  0.0251422
115.05  41.05  0.0115618
115.05  41.55  0.00241139
115.05  42.05  0.00627789
115.05  42.55  0.00640069
115.05  43.05  0.00558237
115.05  43.55  0.0054926
115.05  44.05  0.0118083
115.05  44.55  0.00510673
115.05  45.05  0.00279166
115.05  45.55  0.00741246
115.05  46.05  0.0116413
115.05  46.55  0.0086528
115.05  47.05  0.00572851
115.05  47.55  0.00851589
115.05  48.05  0.0163256
115.05  48.55  0.0172547
115.05  49.05  0.00233934
115.05  49.55  0.00111362
115.05  50.05  0.000652257
115.05  50.55  0.000141512
115.05  51.05  8.55545e-05
115.05  51.55  0.000106046
115.05  52.05  0.000288048
117.55  37.55  0.000990204
117.55  38.05  0.000959018
117.55  38.55  0.0069757
117.55  39.05  0.00834331
117.55  39.55  0.00336509
117.55  40.05  0.0108163
117.55  40.55  0.014127
117.55  41.05  0.00741881
117.55  41.55  0.000653903
117.55  42.05  0.00646028
117.55  42.55  0.00797655
117.55  43.05  0.00711255
117.55  43.55  0.00629121
117.55  44.05  0.0146015
117.55  44.55  0.00639709
117.55  45.05  0.00285592
117.55  45.55  0.00732051
117.55  46.05  0.0132866
117.55  46.55  0.0118987
117.55  47.05  0.0088127
117.55  47.55  0.00947423
117.55  48.05  0.0192756
117.55  48.55  0.0213935
117.55  49.05  0.00223852
117.55  49.55  0.00141223
117.55  50.05  0.000834494
117.55  50.55  0.000167477
117.55  51.05  0.000101752
117.55  51.55  0.000124426
117.55  52.05  0.000444842
120.05  37.55  0.000670146
120.05  38.05  0.000746078
120.05  38.55  0.0109167
120.05  39.05  0.0119959
120.05  39.55  0.00188921
120.05  40.05  0.00691717
120.05  40.55  0.0132309
120.05  41.05  0.00802632
120.05  41.55  0.000240409
120.05  42.05  0.00781799
120.05  42.55  0.0182425
120.05  43.05  0.0149815
120.05  43.55  0.0113146
120.05  44.05  0.0189992
120.05  44.55  0.00994175
120.05  45.05  0.00382832
120.05  45.55  0.0106708
120.05  46.05  0.0199962
120.05  46.55  0.0191932
120.05  47.05  0.0163042
120.05  47.55  0.0123055
120.05  48.05  0.0319632
120.05  48.55  0.0366053
120.05  49.05  0.00271079
120.05  49.55  0.00251496
120.05  50.05  0.00147373
120.05  50.55  0.000275469
120.05  51.05  0.00017661
120.05  51.55  0.000209719
122.55  38.55  0.0177418
122.55  39.05  0.00901643
122.55  40.55  0.0224585
122.55  42.05  0.0059199
122.55  42.55  0.0597723
122.55  43.05  0.0320257
122.55  43.55  0.0478482
122.55  44.05  0.0289885
122.55  44.55  0.00599126
122.55  45.05  0.00213058
122.55  45.55  0.0110896
122.55  46.05  0.0737205
122.55  46.55  0.0589369
122.55  47.05  0.0520159
122.55  47.55  0.0124703
122.55  48.05  0.0780653
122.55  48.55  0.0779396
122.55  49.05  0.00165319
122.55  49.55  0.00439344
122.55  50.05  0.00193045
122.55  50.55  0.000504365
122.55  51.05  0.000349941
122.55  51.55  0.000395536
