-52.45  48.05  0
-49.95  48.05  0.00107342
-47.45  40.55  2.96771e-11
-39.95  38.05  2.24906e-22
-39.95  39.05  1.62757e-21
-39.95  39.55  2.35275e-21
-39.95  40.05  1.72864e-20
-39.95  40.55  6.45318e-20
-39.95  41.05  2.61465e-20
-39.95  41.55  9.4228e-20
-39.95  42.05  4.36565e-20
-39.95  43.55  4.36431e-19
-39.95  44.55  8.69127e-18
-39.95  45.05  8.41838e-18
-39.95  45.55  3.93282e-17
-39.95  46.05  8.57527e-18
-39.95  46.55  7.22547e-17
-39.95  47.05  1.31831e-17
-39.95  47.55  3.1447e-17
-39.95  48.05  5.55859e-18
-39.95  48.55  1.18304e-18
-39.95  49.05  2.88136e-19
-39.95  49.55  1.00002e-18
-39.95  50.05  4.77346e-19
-39.95  50.55  5.91485e-19
-39.95  51.05  2.31628e-19
-39.95  51.55  2.30011e-19
-37.45  37.55  6.20477e-21
-37.45  38.05  2.24858e-21
-37.45  38.55  6.10728e-21
-37.45  39.05  8.24369e-21
-37.45  39.55  1.22277e-20
-37.45  40.05  8.20313e-20
-37.45  40.55  2.30202e-19
-37.45  41.05  1.0968e-19
-37.45  41.55  4.71465e-19
-37.45  42.05  4.48027e-19
-37.45  42.55  3.16057e-19
-37.45  43.05  4.64303e-19
-37.45  43.55  4.31522e-18
-37.45  44.05  2.28436e-17
-37.45  44.55  4.37898e-17
-37.45  45.05  3.74482e-17
-37.45  45.55  1.45004e-16
-37.45  46.05  1.47677e-16
-37.45  46.55  1.42232e-16
-37.45  47.05  5.34205e-17
-37.45  47.55  6.22033e-17
-37.45  48.05  2.80336e-17
-37.45  48.55  8.44164e-18
-37.45  49.05  6.44725e-18
-37.45  49.55  5.2122e-18
-37.45  50.05  4.00523e-18
-37.45  50.55  2.02549e-18
-37.45  51.05  8.75121e-19
-37.45  51.55  5.42969e-19
-34.95  37.55  1.21156e-19
-34.95  38.05  7.30548e-20
-34.95  38.55  3.6738e-19
-34.95  39.05  5.90582e-19
-34.95  39.55  4.3688e-19
-34.95  40.05  1.76699e-18
-34.95  40.55  3.52068e-18
-34.95  41.05  2.43449e-18
-34.95  41.55  8.60382e-18
-34.95  42.05  1.562e-17
-34.95  42.55  1.47465e-17
-34.95  43.05  1.72562e-17
-34.95  43.55  8.95556e-17
-34.95  44.05  3.65525e-16
-34.95  44.55  7.93218e-16
-34.95  45.05  9.19556e-16
-34.95  45.55  2.68739e-15
-34.95  46.05  2.73221e-15
-34.95  46.55  2.35074e-15
-34.95  47.05  1.58751e-15
-34.95  47.55  1.34624e-15
-34.95  48.05  9.71907e-16
-34.95  48.55  4.48533e-16
-34.95  49.05  1.27916e-16
-34.95  49.55  1.28146e-16
-34.95  50.05  8.78567e-17
-34.95  50.55  3.36452e-17
-34.95  51.05  8.178e-18
-34.95  51.55  4.54141e-18
-34.95  52.05  4.43286e-18
-32.45  37.55  1.06133e-19
-32.45  38.05  6.90071e-20
-32.45  38.55  5.52706e-19
-32.45  39.05  1.24905e-18
-32.45  39.55  7.23196e-19
-32.45  40.05  1.93782e-18
-32.45  40.55  3.20754e-18
-32.45  41.05  2.65794e-18
-32.45  41.55  1.03809e-17
-32.45  42.05  2.58195e-17
-32.45  42.55  2.6053e-17
-32.45  43.05  3.49018e-17
-32.45  43.55  9.81701e-17
-32.45  44.05  2.78807e-16
-32.45  44.55  7.76942e-16
-32.45  45.05  1.28757e-15
-32.45  45.55  2.94321e-15
-32.45  46.05  2.70671e-15
-32.45  46.55  2.85158e-15
-32.45  47.05  1.89155e-15
-32.45  47.55  1.82846e-15
-32.45  48.05  1.2701e-15
-32.45  48.55  5.39995e-16
-32.45  49.05  1.26024e-16
-32.45  49.55  1.47378e-16
-32.45  50.05  1.14187e-16
-32.45  50.55  3.46244e-17
-32.45  51.05  5.50151e-18
-32.45  51.55  3.10198e-18
-32.45  52.05  3.69831e-18
-29.95  37.55  1.68388e-19
-29.95  38.05  8.83822e-20
-29.95  38.55  5.53212e-19
-29.95  39.05  1.06281e-18
-29.95  39.55  8.75282e-19
-29.95  40.05  1.8034e-18
-29.95  40.55  2.03491e-18
-29.95  41.05  2.17174e-18
-29.95  41.55  1.43319e-17
-29.95  42.05  3.85982e-17
-29.95  42.55  3.5685e-17
-29.95  43.05  4.21983e-17
-29.95  43.55  1.02963e-16
-29.95  44.05  2.21399e-16
-29.95  44.55  8.57529e-16
-29.95  45.05  1.3747e-15
-29.95  45.55  3.25063e-15
-29.95  46.05  2.96648e-15
-29.95  46.55  5.61396e-15
-29.95  47.05  3.03893e-15
-29.95  47.55  2.57005e-15
-29.95  48.05  2.51798e-15
-29.95  48.55  1.20297e-15
-29.95  49.05  3.47992e-16
-29.95  49.55  2.85486e-16
-29.95  50.05  1.75972e-16
-29.95  50.55  4.16004e-17
-29.95  51.05  7.15704e-18
-29.95  51.55  4.24222e-18
-29.95  52.05  1.04151e-17
-27.45  37.55  3.03531e-19
-27.45  38.05  1.52736e-19
-27.45  38.55  7.66226e-19
-27.45  39.05  1.36732e-18
-27.45  39.55  9.85346e-19
-27.45  40.05  2.41754e-18
-27.45  40.55  2.49974e-18
-27.45  41.05  2.21437e-18
-27.45  41.55  2.2263e-17
-27.45  42.05  7.1571e-17
-27.45  42.55  6.01754e-17
-27.45  43.05  6.87083e-17
-27.45  43.55  2.0076e-16
-27.45  44.05  4.50735e-16
-27.45  44.55  1.16257e-15
-27.45  45.05  2.0381e-15
-27.45  45.55  5.13176e-15
-27.45  46.05  5.49908e-15
-27.45  46.55  9.07447e-15
-27.45  47.05  7.70114e-15
-27.45  47.55  4.53453e-15
-27.45  48.05  5.91999e-15
-27.45  48.55  3.66902e-15
-27.45  49.05  1.01181e-15
-27.45  49.55  8.79217e-16
-27.45  50.05  4.06285e-16
-27.45  50.55  7.70855e-17
-27.45  51.05  1.20137e-17
-27.45  51.55  6.5944e-18
-27.45  52.05  2.09994e-17
-24.95  37.55  3.29816e-19
-24.95  38.05  1.99613e-19
-24.95  38.55  8.73933e-19
-24.95  39.05  1.87909e-18
-24.95  39.55  9.24723e-19
-24.95  40.05  2.65023e-18
-24.95  40.55  4.24705e-18
-24.95  41.05  2.48496e-18
-24.95  41.55  2.09243e-17
-24.95  42.05  5.39207e-17
-24.95  42.55  5.50976e-17
-24.95  43.05  8.03364e-17
-24.95  43.55  1.84781e-16
-24.95  44.05  5.39622e-16
-24.95  44.55  1.30333e-15
-24.95  45.05  1.87683e-15
-24.95  45.55  5.7616e-15
-24.95  46.05  9.76429e-15
-24.95  46.55  1.08735e-14
-24.95  47.05  8.94606e-15
-24.95  47.55  6.07004e-15
-24.95  48.05  6.0463e-15
-24.95  48.55  4.16059e-15
-24.95  49.05  1.67597e-15
-24.95  49.55  1.08184e-15
-24.95  50.05  5.51433e-16
-24.95  50.55  1.18478e-16
-24.95  51.05  1.81763e-17
-24.95  51.55  9.16564e-18
-24.95  52.05  8.73755e-18
-22.45  37.55  5.94011e-19
-22.45  38.05  4.00845e-19
-22.45  38.55  1.84611e-18
-22.45  39.05  3.00873e-18
-22.45  39.55  1.20842e-18
-22.45  40.05  4.75168e-18
-22.45  40.55  1.10706e-17
-22.45  41.05  8.39271e-18
-22.45  41.55  3.19735e-17
-22.45  42.05  8.30718e-17
-22.45  42.55  8.33451e-17
-22.45  43.05  9.506e-17
-22.45  43.55  2.33854e-16
-22.45  44.05  6.36958e-16
-22.45  44.55  1.62457e-15
-22.45  45.05  2.74138e-15
-22.45  45.55  9.72158e-15
-22.45  46.05  1.8243e-14
-22.45  46.55  1.8471e-14
-22.45  47.05  1.15112e-14
-22.45  47.55  1.03104e-14
-22.45  48.05  8.27558e-15
-22.45  48.55  6.22058e-15
-22.45  49.05  2.68387e-15
-22.45  49.55  1.47621e-15
-22.45  50.05  8.68704e-16
-22.45  50.55  1.93524e-16
-22.45  51.05  2.72908e-17
-22.45  51.55  1.26042e-17
-22.45  52.05  2.42012e-17
-19.95  37.55  5.64891e-19
-19.95  38.05  6.1045e-19
-19.95  38.55  3.28148e-18
-19.95  39.05  3.4936e-18
-19.95  39.55  1.38853e-18
-19.95  40.05  4.89822e-18
-19.95  40.55  1.1311e-17
-19.95  41.05  1.11765e-17
-19.95  41.55  4.79968e-17
-19.95  42.05  1.04825e-16
-19.95  42.55  9.10471e-17
-19.95  43.05  1.29749e-16
-19.95  43.55  4.2596e-16
-19.95  44.05  9.46707e-16
-19.95  44.55  1.89786e-15
-19.95  45.05  2.40999e-15
-19.95  45.55  7.25107e-15
-19.95  46.05  1.16535e-14
-19.95  46.55  1.29691e-14
-19.95  47.05  1.47486e-14
-19.95  47.55  1.27753e-14
-19.95  48.05  9.74399e-15
-19.95  48.55  7.94696e-15
-19.95  49.05  1.97074e-15
-19.95  49.55  1.392e-15
-19.95  50.05  1.04865e-15
-19.95  50.55  2.66427e-16
-19.95  51.05  4.57283e-17
-19.95  51.55  1.97077e-17
-19.95  52.05  8.48897e-18
-17.45  37.55  1.46661e-18
-17.45  38.05  1.24983e-18
-17.45  38.55  7.64768e-18
-17.45  39.05  8.8503e-18
-17.45  39.55  2.21135e-18
-17.45  40.05  5.89134e-18
-17.45  40.55  1.61067e-17
-17.45  41.05  2.32095e-17
-17.45  41.55  8.46683e-17
-17.45  42.05  3.16413e-16
-17.45  42.55  2.30873e-16
-17.45  43.05  2.52987e-16
-17.45  43.55  1.06645e-15
-17.45  44.05  1.90501e-15
-17.45  44.55  2.90091e-15
-17.45  45.05  2.89683e-15
-17.45  45.55  8.55272e-15
-17.45  46.05  1.30365e-14
-17.45  46.55  1.58719e-14
-17.45  47.05  2.33098e-14
-17.45  47.55  1.97153e-14
-17.45  48.05  1.98459e-14
-17.45  48.55  1.1919e-14
-17.45  49.05  2.0878e-15
-17.45  49.55  2.87771e-15
-17.45  50.05  1.83863e-15
-17.45  50.55  4.84432e-16
-17.45  51.05  1.17125e-16
-17.45  51.55  6.44677e-17
-17.45  52.05  7.86325e-17
-14.95  37.55  2.77447e-18
-14.95  38.05  1.61194e-18
-14.95  38.55  7.81776e-18
-14.95  39.05  1.30867e-17
-14.95  39.55  2.75448e-18
-14.95  40.05  9.13947e-18
-14.95  40.55  2.44198e-17
-14.95  41.05  3.59777e-17
-14.95  41.55  1.74653e-16
-14.95  42.05  5.25305e-16
-14.95  42.55  4.45798e-16
-14.95  43.05  5.70505e-16
-14.95  43.55  1.13316e-15
-14.95  44.05  2.73408e-15
-14.95  44.55  3.96597e-15
-14.95  45.05  3.68072e-15
-14.95  45.55  1.17114e-14
-14.95  46.05  1.46144e-14
-14.95  46.55  1.5183e-14
-14.95  47.05  2.34621e-14
-14.95  47.55  2.1522e-14
-14.95  48.05  2.26416e-14
-14.95  48.55  1.09352e-14
-14.95  49.05  3.6465e-15
-14.95  49.55  5.01528e-15
-14.95  50.05  3.00959e-15
-14.95  50.55  6.6179e-16
-14.95  51.05  1.57035e-16
-14.95  51.55  1.14602e-16
-14.95  52.05  3.49376e-16
-12.45  37.55  3.09502e-18
-12.45  38.05  2.4946e-18
-12.45  38.55  1.50455e-17
-12.45  39.05  2.22319e-17
-12.45  39.55  6.64104e-18
-12.45  40.05  2.45217e-17
-12.45  40.55  5.62412e-17
-12.45  41.05  6.6589e-17
-12.45  41.55  3.01987e-16
-12.45  42.05  1.30015e-15
-12.45  42.55  1.30439e-15
-12.45  43.05  1.2183e-15
-12.45  43.55  1.28396e-15
-12.45  44.05  6.88816e-15
-12.45  44.55  1.01531e-14
-12.45  45.05  6.73828e-15
-12.45  45.55  1.70926e-14
-12.45  46.05  1.89325e-14
-12.45  46.55  2.02327e-14
-12.45  47.05  3.58994e-14
-12.45  47.55  4.16921e-14
-12.45  48.05  3.64445e-14
-12.45  48.55  2.01715e-14
-12.45  49.05  6.90727e-15
-12.45  49.55  8.05572e-15
-12.45  50.05  4.86343e-15
-12.45  50.55  1.29819e-15
-12.45  51.05  2.5044e-16
-12.45  51.55  1.64546e-16
-12.45  52.05  5.75513e-16
-9.95  37.55  2.82431e-18
-9.95  38.05  2.7493e-18
-9.95  38.55  2.17207e-17
-9.95  39.05  2.23912e-17
-9.95  39.55  4.87716e-18
-9.95  40.05  2.59466e-17
-9.95  40.55  6.90495e-17
-9.95  41.05  9.66375e-17
-9.95  41.55  3.96992e-16
-9.95  42.05  1.13018e-15
-9.95  42.55  1.65608e-15
-9.95  43.05  1.95561e-15
-9.95  43.55  2.26834e-15
-9.95  44.05  5.90109e-15
-9.95  44.55  8.50602e-15
-9.95  45.05  8.63673e-15
-9.95  45.55  2.44423e-14
-9.95  46.05  2.36805e-14
-9.95  46.55  2.43614e-14
-9.95  47.05  3.89772e-14
-9.95  47.55  5.53686e-14
-9.95  48.05  5.84718e-14
-9.95  48.55  3.91246e-14
-9.95  49.05  1.00314e-14
-9.95  49.55  1.12089e-14
-9.95  50.05  5.98699e-15
-9.95  50.55  1.59766e-15
-9.95  51.05  3.19659e-16
-9.95  51.55  1.88693e-16
-9.95  52.05  3.11642e-16
-7.45  37.55  2.19015e-18
-7.45  38.05  3.38828e-18
-7.45  38.55  3.45499e-17
-7.45  39.05  5.19315e-17
-7.45  39.55  2.47022e-17
-7.45  40.05  3.46265e-17
-7.45  40.55  1.13187e-16
-7.45  41.05  1.90557e-16
-7.45  41.55  8.19671e-16
-7.45  42.05  1.46074e-15
-7.45  42.55  2.17406e-15
-7.45  43.05  3.20425e-15
-7.45  43.55  4.46809e-15
-7.45  44.05  6.58809e-15
-7.45  44.55  1.10802e-14
-7.45  45.05  1.45023e-14
-7.45  45.55  5.01981e-14
-7.45  46.05  4.27037e-14
-7.45  46.55  3.8477e-14
-7.45  47.05  4.45588e-14
-7.45  47.55  9.74823e-14
-7.45  48.05  1.06143e-13
-7.45  48.55  7.10381e-14
-7.45  49.05  2.63733e-14
-7.45  49.55  2.55053e-14
-7.45  50.05  1.19806e-14
-7.45  50.55  2.2154e-15
-7.45  51.05  5.34407e-16
-7.45  51.55  3.5483e-16
-7.45  52.05  8.87301e-16
-4.95  37.55  4.3511e-18
-4.95  38.05  5.62108e-18
-4.95  38.55  5.10559e-17
-4.95  39.05  1.07287e-16
-4.95  39.55  4.8727e-17
-4.95  40.05  3.76228e-17
-4.95  40.55  1.55465e-16
-4.95  41.05  1.73685e-16
-4.95  41.55  1.232e-15
-4.95  42.05  3.86445e-15
-4.95  42.55  2.40859e-15
-4.95  43.05  3.56733e-15
-4.95  43.55  6.70954e-15
-4.95  44.05  9.82371e-15
-4.95  44.55  1.67092e-14
-4.95  45.05  1.94808e-14
-4.95  45.55  5.92181e-14
-4.95  46.05  6.17424e-14
-4.95  46.55  5.0084e-14
-4.95  47.05  4.81409e-14
-4.95  47.55  1.05892e-13
-4.95  48.05  1.63919e-13
-4.95  48.55  1.12572e-13
-4.95  49.05  3.50354e-14
-4.95  49.55  4.97905e-14
-4.95  50.05  3.43698e-14
-4.95  50.55  4.26217e-15
-4.95  51.05  8.32129e-16
-4.95  51.55  6.22231e-16
-4.95  52.05  9.73339e-16
-2.45  37.55  1.77112e-17
-2.45  38.05  1.55304e-17
-2.45  38.55  9.98519e-17
-2.45  39.05  2.48254e-16
-2.45  39.55  1.38312e-16
-2.45  40.05  1.08595e-16
-2.45  40.55  2.97359e-16
-2.45  41.05  2.32173e-16
-2.45  41.55  2.59104e-15
-2.45  42.05  1.02972e-14
-2.45  42.55  6.1927e-15
-2.45  43.05  7.19188e-15
-2.45  43.55  1.47282e-14
-2.45  44.05  2.11637e-14
-2.45  44.55  3.62062e-14
-2.45  45.05  3.05938e-14
-2.45  45.55  7.77769e-14
-2.45  46.05  1.12609e-13
-2.45  46.55  1.02926e-13
-2.45  47.05  9.86626e-14
-2.45  47.55  1.63669e-13
-2.45  48.05  2.54119e-13
-2.45  48.55  2.11118e-13
-2.45  49.05  6.98802e-14
-2.45  49.55  1.0187e-13
-2.45  50.05  1.0113e-13
-2.45  50.55  1.29361e-14
-2.45  51.05  1.42978e-15
-2.45  51.55  9.07499e-16
-2.45  52.05  1.63155e-15
0.05  37.55  3.45899e-17
0.05  38.05  1.96356e-17
0.05  38.55  9.67281e-17
0.05  39.05  3.16426e-16
0.05  39.55  2.73229e-16
0.05  40.05  1.99991e-16
0.05  40.55  2.32128e-16
0.05  41.05  2.41444e-16
0.05  41.55  3.445e-15
0.05  42.05  1.12141e-14
0.05  42.55  1.16368e-14
0.05  43.05  1.21796e-14
0.05  43.55  2.7004e-14
0.05  44.05  4.75595e-14
0.05  44.55  5.35458e-14
0.05  45.05  5.11386e-14
0.05  45.55  1.5031e-13
0.05  46.05  1.79501e-13
0.05  46.55  1.72971e-13
0.05  47.05  1.93103e-13
0.05  47.55  3.54192e-13
0.05  48.05  4.46939e-13
0.05  48.55  4.0398e-13
0.05  49.05  1.51416e-13
0.05  49.55  1.78018e-13
0.05  50.05  1.88866e-13
0.05  50.55  2.81233e-14
0.05  51.05  3.02917e-15
0.05  51.55  1.29013e-15
0.05  52.05  1.5635e-15
2.55  37.55  4.6543e-17
2.55  38.05  3.63547e-17
2.55  38.55  2.47853e-16
2.55  39.05  7.04262e-16
2.55  39.55  6.60092e-16
2.55  40.05  3.20462e-16
2.55  40.55  3.34564e-16
2.55  41.05  6.17271e-16
2.55  41.55  7.11178e-15
2.55  42.05  2.33895e-14
2.55  42.55  2.58607e-14
2.55  43.05  1.94969e-14
2.55  43.55  5.10922e-14
2.55  44.05  1.07317e-13
2.55  44.55  1.16435e-13
2.55  45.05  1.0626e-13
2.55  45.55  3.16535e-13
2.55  46.05  3.3721e-13
2.55  46.55  2.58447e-13
2.55  47.05  3.60854e-13
2.55  47.55  7.34274e-13
2.55  48.05  9.92396e-13
2.55  48.55  7.24845e-13
2.55  49.05  4.54463e-13
2.55  49.55  3.95948e-13
2.55  50.05  2.93668e-13
2.55  50.55  6.48152e-14
2.55  51.05  5.98825e-15
2.55  51.55  2.79125e-15
2.55  52.05  2.90206e-15
5.05  37.55  6.43551e-18
5.05  38.05  2.21907e-17
5.05  38.55  4.20528e-16
5.05  39.05  9.01593e-16
5.05  39.55  4.95545e-16
5.05  40.05  2.78585e-16
5.05  40.55  5.88714e-16
5.05  41.05  9.01929e-16
5.05  41.55  1.04812e-14
5.05  42.05  2.64751e-14
5.05  42.55  2.99331e-14
5.05  43.05  2.65603e-14
5.05  43.55  7.65723e-14
5.05  44.05  1.47384e-13
5.05  44.55  2.45618e-13
5.05  45.05  2.10631e-13
5.05  45.55  4.46114e-13
5.05  46.05  6.77009e-13
5.05  46.55  5.95783e-13
5.05  47.05  9.88523e-13
5.05  47.55  1.54085e-12
5.05  48.05  1.79417e-12
5.05  48.55  7.76662e-13
5.05  49.05  5.2519e-13
5.05  49.55  5.40022e-13
5.05  50.05  2.79085e-13
5.05  50.55  1.00673e-13
5.05  51.05  1.0532e-14
5.05  51.55  4.92574e-15
5.05  52.05  1.76539e-15
7.55  37.55  1.16951e-17
7.55  38.05  7.26846e-17
7.55  38.55  1.53853e-15
7.55  39.05  2.41849e-15
7.55  39.55  4.758e-16
7.55  40.05  1.15315e-15
7.55  40.55  3.89849e-15
7.55  41.05  6.09057e-15
7.55  41.55  2.28128e-14
7.55  42.05  3.78927e-14
7.55  42.55  4.60336e-14
7.55  43.05  5.06298e-14
7.55  43.55  1.34019e-13
7.55  44.05  5.22649e-13
7.55  44.55  1.10296e-12
7.55  45.05  4.36784e-13
7.55  45.55  8.38168e-13
7.55  46.05  1.58096e-12
7.55  46.55  1.42794e-12
7.55  47.05  2.47955e-12
7.55  47.55  4.23327e-12
7.55  48.05  3.81937e-12
7.55  48.55  1.68599e-12
7.55  49.05  1.03242e-12
7.55  49.55  1.00959e-12
7.55  50.05  4.68808e-13
7.55  50.55  1.76504e-13
7.55  51.05  1.89795e-14
7.55  51.55  7.37721e-15
7.55  52.05  3.8834e-15
10.05  37.55  2.57678e-17
10.05  38.05  1.12186e-16
10.05  38.55  1.59118e-15
10.05  39.05  2.2459e-15
10.05  39.55  5.18871e-16
10.05  40.05  2.08968e-15
10.05  40.55  1.00721e-14
10.05  41.05  1.63688e-14
10.05  41.55  3.22989e-14
10.05  42.05  4.71067e-14
10.05  42.55  5.14591e-14
10.05  43.05  6.25537e-14
10.05  43.55  1.79452e-13
10.05  44.05  5.61946e-13
10.05  44.55  1.33641e-12
10.05  45.05  8.847e-13
10.05  45.55  2.49682e-12
10.05  46.05  4.49334e-12
10.05  46.55  2.84528e-12
10.05  47.05  4.30278e-12
10.05  47.55  7.04226e-12
10.05  48.05  5.64422e-12
10.05  48.55  3.54082e-12
10.05  49.05  1.86612e-12
10.05  49.55  1.86978e-12
10.05  50.05  7.47338e-13
10.05  50.55  2.95631e-13
10.05  51.05  2.73624e-14
10.05  51.55  6.72793e-15
10.05  52.05  4.4968e-15
12.55  37.55  8.59795e-17
12.55  38.05  2.23885e-16
12.55  38.55  2.46704e-15
12.55  39.05  3.97561e-15
12.55  39.55  1.84351e-15
12.55  40.05  3.3599e-15
12.55  40.55  1.41404e-14
12.55  41.05  2.27815e-14
12.55  41.55  4.98801e-14
12.55  42.05  1.23272e-13
12.55  42.55  1.30391e-13
12.55  43.05  1.16005e-13
12.55  43.55  2.64418e-13
12.55  44.05  7.7966e-13
12.55  44.55  1.7776e-12
12.55  45.05  1.76975e-12
12.55  45.55  6.37176e-12
12.55  46.05  1.03895e-11
12.55  46.55  6.01117e-12
12.55  47.05  7.57695e-12
12.55  47.55  1.27854e-11
12.55  48.05  1.26847e-11
12.55  48.55  5.96509e-12
12.55  49.05  3.17348e-12
12.55  49.55  4.2976e-12
12.55  50.05  1.54399e-12
12.55  50.55  4.59948e-13
12.55  51.05  4.48966e-14
12.55  51.55  1.69433e-14
12.55  52.05  9.72237e-15
15.05  37.55  2.16801e-16
15.05  38.05  2.56479e-16
15.05  38.55  1.98731e-15
15.05  39.05  5.36431e-15
15.05  39.55  3.86078e-15
15.05  40.05  4.30332e-15
15.05  40.55  1.6451e-14
15.05  41.05  2.10745e-14
15.05  41.55  5.16414e-14
15.05  42.05  1.29463e-13
15.05  42.55  2.02188e-13
15.05  43.05  1.66488e-13
15.05  43.55  3.22962e-13
15.05  44.05  9.38148e-13
15.05  44.55  1.5917e-12
15.05  45.05  1.9957e-12
15.05  45.55  6.81418e-12
15.05  46.05  1.11261e-11
15.05  46.55  7.75011e-12
15.05  47.05  7.45383e-12
15.05  47.55  1.257e-11
15.05  48.05  2.61429e-11
15.05  48.55  1.51361e-11
15.05  49.05  4.88157e-12
15.05  49.55  6.45463e-12
15.05  50.05  2.08127e-12
15.05  50.55  5.05795e-13
15.05  51.05  6.42766e-14
15.05  51.55  3.7017e-14
15.05  52.05  1.03466e-13
17.55  37.55  7.56319e-16
17.55  38.05  6.49105e-16
17.55  38.55  4.03432e-15
17.55  39.05  1.05795e-14
17.55  39.55  1.06123e-14
17.55  40.05  1.91736e-14
17.55  40.55  7.70483e-14
17.55  41.05  7.51424e-14
17.55  41.55  1.03277e-13
17.55  42.05  2.45752e-13
17.55  42.55  3.71362e-13
17.55  43.05  3.22358e-13
17.55  43.55  5.63925e-13
17.55  44.05  1.57281e-12
17.55  44.55  2.41384e-12
17.55  45.05  3.60005e-12
17.55  45.55  8.73027e-12
17.55  46.05  1.51355e-11
17.55  46.55  1.08721e-11
17.55  47.05  1.11535e-11
17.55  47.55  1.67253e-11
17.55  48.05  3.99617e-11
17.55  48.55  2.83699e-11
17.55  49.05  8.88688e-12
17.55  49.55  1.00126e-11
17.55  50.05  4.05884e-12
17.55  50.55  8.09125e-13
17.55  51.05  1.14721e-13
17.55  51.55  5.46805e-14
17.55  52.05  1.12214e-13
20.05  37.55  1.14755e-15
20.05  38.05  7.97443e-16
20.05  38.55  2.92186e-15
20.05  39.05  6.53258e-15
20.05  39.55  1.24175e-14
20.05  40.05  4.76602e-14
20.05  40.55  1.61939e-13
20.05  41.05  1.32461e-13
20.05  41.55  3.3821e-13
20.05  42.05  9.636e-13
20.05  42.55  8.22926e-13
20.05  43.05  8.17636e-13
20.05  43.55  1.45263e-12
20.05  44.05  4.45065e-12
20.05  44.55  7.28052e-12
20.05  45.05  7.09306e-12
20.05  45.55  1.33421e-11
20.05  46.05  2.09103e-11
20.05  46.55  1.16839e-11
20.05  47.05  8.95526e-12
20.05  47.55  1.73014e-11
20.05  48.05  3.13346e-11
20.05  48.55  2.06189e-11
20.05  49.05  1.30856e-11
20.05  49.55  1.66007e-11
20.05  50.05  7.60536e-12
20.05  50.55  1.29005e-12
20.05  51.05  1.20962e-13
20.05  51.55  5.42725e-14
20.05  52.05  4.49749e-14
22.55  37.55  1.70437e-15
22.55  38.05  1.10586e-15
22.55  38.55  3.2171e-15
22.55  39.05  5.39875e-15
22.55  39.55  1.84164e-14
22.55  40.05  1.61197e-13
22.55  40.55  4.83075e-13
22.55  41.05  3.27244e-13
22.55  41.55  5.6158e-13
22.55  42.05  3.48606e-12
22.55  42.55  2.5333e-12
22.55  43.05  1.96304e-12
22.55  43.55  3.9546e-12
22.55  44.05  1.04431e-11
22.55  44.55  1.82874e-11
22.55  45.05  1.81093e-11
22.55  45.55  2.43864e-11
22.55  46.05  3.08059e-11
22.55  46.55  1.94797e-11
22.55  47.05  1.22469e-11
22.55  47.55  2.65728e-11
22.55  48.05  4.58405e-11
22.55  48.55  3.19219e-11
22.55  49.05  2.09298e-11
22.55  49.55  3.1051e-11
22.55  50.05  1.27595e-11
22.55  50.55  2.27031e-12
22.55  51.05  2.23346e-13
22.55  51.55  9.31747e-14
22.55  52.05  3.16646e-14
25.05  37.55  1.03793e-15
25.05  38.05  1.08974e-15
25.05  38.55  5.27237e-15
25.05  39.05  8.16696e-15
25.05  39.55  8.10097e-14
25.05  40.05  4.82719e-13
25.05  40.55  1.0067e-12
25.05  41.05  4.91494e-13
25.05  41.55  1.0961e-12
25.05  42.05  5.49413e-12
25.05  42.55  7.9933e-12
25.05  43.05  6.56625e-12
25.05  43.55  9.35235e-12
25.05  44.05  2.40689e-11
25.05  44.55  4.81293e-11
25.05  45.05  3.30278e-11
25.05  45.55  3.72387e-11
25.05  46.05  3.77685e-11
25.05  46.55  2.62223e-11
25.05  47.05  1.45408e-11
25.05  47.55  2.91654e-11
25.05  48.05  5.51996e-11
25.05  48.55  4.63686e-11
25.05  49.05  2.56085e-11
25.05  49.55  2.99247e-11
25.05  50.05  1.56537e-11
25.05  50.55  3.53067e-12
25.05  51.05  3.07924e-13
25.05  51.55  1.32836e-13
25.05  52.05  1.56858e-13
27.55  37.55  1.01913e-14
27.55  38.05  6.35841e-15
27.55  38.55  3.34338e-14
27.55  39.05  5.75825e-14
27.55  39.55  3.18708e-13
27.55  40.05  1.18701e-12
27.55  40.55  3.13235e-12
27.55  41.05  3.14654e-12
27.55  41.55  1.11162e-11
27.55  42.05  1.90357e-11
27.55  42.55  2.26396e-11
27.55  43.05  1.55433e-11
27.55  43.55  2.14638e-11
27.55  44.05  6.61283e-11
27.55  44.55  1.29489e-10
27.55  45.05  6.74435e-11
27.55  45.55  7.47391e-11
27.55  46.05  7.75214e-11
27.55  46.55  4.57995e-11
27.55  47.05  2.03376e-11
27.55  47.55  5.32074e-11
27.55  48.05  1.08883e-10
27.55  48.55  7.73099e-11
27.55  49.05  3.82679e-11
27.55  49.55  3.95013e-11
27.55  50.05  2.12831e-11
27.55  50.55  5.24751e-12
27.55  51.05  4.84885e-13
27.55  51.55  1.74985e-13
27.55  52.05  1.48639e-13
30.05  37.55  1.69192e-13
30.05  38.05  6.13827e-14
30.05  38.55  2.09299e-13
30.05  39.05  3.93324e-13
30.05  39.55  5.22193e-13
30.05  40.05  1.3424e-12
30.05  40.55  3.7453e-12
30.05  41.05  5.55743e-12
30.05  41.55  7.69268e-11
30.05  42.05  1.40779e-10
30.05  42.55  1.31873e-10
30.05  43.05  7.07359e-11
30.05  43.55  5.9769e-11
30.05  44.05  1.67031e-10
30.05  44.55  1.82415e-10
30.05  45.05  1.04304e-10
30.05  45.55  1.14197e-10
30.05  46.05  8.51319e-11
30.05  46.55  3.82723e-11
30.05  47.05  3.51581e-11
30.05  47.55  7.5779e-11
30.05  48.05  1.3807e-10
30.05  48.55  8.8529e-11
30.05  49.05  3.28158e-11
30.05  49.55  2.48517e-11
30.05  50.05  1.52154e-11
30.05  50.55  5.41179e-12
30.05  51.05  7.60724e-13
30.05  51.55  2.88125e-13
30.05  52.05  2.88538e-13
32.55  37.55  4.71544e-13
32.55  38.05  2.09941e-13
32.55  38.55  9.29208e-13
32.55  39.05  1.53674e-12
32.55  39.55  6.29252e-13
32.55  40.05  4.87939e-12
32.55  40.55  2.11952e-11
32.55  41.05  3.06637e-11
32.55  41.55  1.37614e-10
32.55  42.05  3.93551e-10
32.55  42.55  4.18014e-10
32.55  43.05  1.71195e-10
32.55  43.55  1.3775e-10
32.55  44.05  3.16349e-10
32.55  44.55  2.78202e-10
32.55  45.05  1.46474e-10
32.55  45.55  1.82799e-10
32.55  46.05  1.23877e-10
32.55  46.55  4.95492e-11
32.55  47.05  7.82166e-11
32.55  47.55  1.31617e-10
32.55  48.05  1.92843e-10
32.55  48.55  1.5612e-10
32.55  49.05  4.57822e-11
32.55  49.55  2.20194e-11
32.55  50.05  1.42842e-11
32.55  50.55  7.95354e-12
32.55  51.05  1.3814e-12
32.55  51.55  5.55866e-13
32.55  52.05  4.50912e-13
35.05  37.55  1.6836e-12
35.05  38.05  8.38653e-13
35.05  38.55  4.67128e-12
35.05  39.05  7.95514e-12
35.05  39.55  3.15285e-12
35.05  40.05  3.0155e-11
35.05  40.55  1.04009e-10
35.05  41.05  2.08014e-10
35.05  41.55  3.09563e-10
35.05  42.05  5.08798e-10
35.05  42.55  5.77411e-10
35.05  43.05  3.01479e-10
35.05  43.55  1.50886e-10
35.05  44.05  3.07514e-10
35.05  44.55  3.14857e-10
35.05  45.05  1.67139e-10
35.05  45.55  2.03362e-10
35.05  46.05  2.09324e-10
35.05  46.55  1.40583e-10
35.05  47.05  1.2339e-10
35.05  47.55  1.48784e-10
35.05  48.05  1.63261e-10
35.05  48.55  1.1985e-10
35.05  49.05  3.90978e-11
35.05  49.55  2.54222e-11
35.05  50.05  1.77741e-11
35.05  50.55  8.10069e-12
35.05  51.05  1.08815e-12
35.05  51.55  4.37795e-13
35.05  52.05  3.82197e-13
37.55  37.55  7.17171e-12
37.55  38.05  3.501e-12
37.55  38.55  9.92473e-12
37.55  39.05  2.21947e-11
37.55  39.55  3.23915e-11
37.55  40.05  1.8713e-10
37.55  40.55  4.47568e-10
37.55  41.05  8.02761e-10
37.55  41.55  1.35626e-09
37.55  42.05  1.46927e-09
37.55  42.55  1.01934e-09
37.55  43.05  5.83085e-10
37.55  43.55  2.23616e-10
37.55  44.05  5.48208e-10
37.55  44.55  7.31702e-10
37.55  45.05  2.8701e-10
37.55  45.55  3.57436e-10
37.55  46.05  5.33778e-10
37.55  46.55  3.32152e-10
37.55  47.05  2.57174e-10
37.55  47.55  2.45637e-10
37.55  48.05  2.50586e-10
37.55  48.55  1.3206e-10
37.55  49.05  4.67938e-11
37.55  49.55  3.50429e-11
37.55  50.05  2.4727e-11
37.55  50.55  1.1795e-11
37.55  51.05  1.53082e-12
37.55  51.55  8.09366e-13
37.55  52.05  3.52583e-12
40.05  37.55  2.97401e-11
40.05  38.05  1.38472e-11
40.05  38.55  2.39163e-11
40.05  39.05  6.90667e-11
40.05  39.55  3.86969e-10
40.05  40.05  1.15008e-09
40.05  40.55  1.27174e-09
40.05  41.05  2.13405e-09
40.05  41.55  3.06768e-09
40.05  42.05  2.56288e-09
40.05  42.55  2.06418e-09
40.05  43.05  1.32378e-09
40.05  43.55  4.81954e-10
40.05  44.05  1.03874e-09
40.05  44.55  1.09101e-09
40.05  45.05  4.79664e-10
40.05  45.55  7.27852e-10
40.05  46.05  1.42979e-09
40.05  46.55  4.26554e-10
40.05  47.05  3.18386e-10
40.05  47.55  4.06994e-10
40.05  48.05  4.0574e-10
40.05  48.55  1.74435e-10
40.05  49.05  5.39684e-11
40.05  49.55  4.05352e-11
40.05  50.05  1.89624e-11
40.05  50.55  6.67893e-12
40.05  51.05  1.64811e-12
40.05  51.55  1.26853e-12
40.05  52.05  3.82424e-12
42.55  37.55  7.97038e-11
42.55  38.05  3.79704e-11
42.55  38.55  6.32448e-11
42.55  39.05  1.64398e-10
42.55  39.55  9.85465e-10
42.55  40.05  3.75154e-09
42.55  40.55  5.06628e-09
42.55  41.05  7.33572e-09
42.55  41.55  7.28933e-09
42.55  42.05  4.37567e-09
42.55  42.55  3.98807e-09
42.55  43.05  3.36634e-09
42.55  43.55  1.13046e-09
42.55  44.05  2.68163e-09
42.55  44.55  2.0421e-09
42.55  45.05  1.13615e-09
42.55  45.55  1.74079e-09
42.55  46.05  2.82314e-09
42.55  46.55  1.06021e-09
42.55  47.05  6.07055e-10
42.55  47.55  7.61806e-10
42.55  48.05  7.41685e-10
42.55  48.55  3.0003e-10
42.55  49.05  8.51648e-11
42.55  49.55  5.98648e-11
42.55  50.05  3.16073e-11
42.55  50.55  1.01436e-11
42.55  51.05  2.91798e-12
42.55  51.55  2.51252e-12
42.55  52.05  1.13986e-11
45.05  37.55  1.20073e-10
45.05  38.05  5.97579e-11
45.05  38.55  1.12046e-10
45.05  39.05  3.60908e-10
45.05  39.55  2.87385e-09
45.05  40.05  1.17447e-08
45.05  40.55  2.91481e-08
45.05  41.05  4.36336e-08
45.05  41.55  1.39503e-08
45.05  42.05  1.06959e-08
45.05  42.55  1.10677e-08
45.05  43.05  7.66107e-09
45.05  43.55  3.83892e-09
45.05  44.05  6.83698e-09
45.05  44.55  3.06381e-09
45.05  45.05  1.90268e-09
45.05  45.55  2.82185e-09
45.05  46.05  3.11618e-09
45.05  46.55  2.05785e-09
45.05  47.05  7.69208e-10
45.05  47.55  1.13897e-09
45.05  48.05  1.0604e-09
45.05  48.55  4.12873e-10
45.05  49.05  8.29907e-11
45.05  49.55  5.54281e-11
45.05  50.05  4.4675e-11
45.05  50.55  1.4263e-11
45.05  51.05  5.31738e-12
45.05  51.55  4.68659e-12
45.05  52.05  2.22454e-11
47.55  37.55  1.54059e-10
47.55  38.05  9.7198e-11
47.55  38.55  3.1634e-10
47.55  39.05  1.76978e-09
47.55  39.55  7.51546e-09
47.55  40.05  4.35659e-08
47.55  40.55  6.42589e-08
47.55  41.05  8.34805e-08
47.55  41.55  4.68042e-08
47.55  42.05  3.86081e-08
47.55  42.55  3.04558e-08
47.55  43.05  1.15894e-08
47.55  43.55  1.26856e-08
47.55  44.05  1.83953e-08
47.55  44.55  9.97955e-09
47.55  45.05  3.76969e-09
47.55  45.55  4.66444e-09
47.55  46.05  5.84068e-09
47.55  46.55  3.38515e-09
47.55  47.05  1.1484e-09
47.55  47.55  2.09329e-09
47.55  48.05  1.90435e-09
47.55  48.55  5.89461e-10
47.55  49.05  1.32337e-10
47.55  49.55  1.13572e-10
47.55  50.05  6.96987e-11
47.55  50.55  2.31091e-11
47.55  51.05  8.96061e-12
47.55  51.55  8.35509e-12
47.55  52.05  2.98498e-11
50.05  37.55  2.5403e-10
50.05  38.05  2.47651e-10
50.05  38.55  1.13711e-09
50.05  39.05  6.53504e-09
50.05  39.55  1.56792e-08
50.05  40.05  7.56471e-08
50.05  40.55  1.39204e-07
50.05  41.05  2.3202e-07
50.05  41.55  1.34353e-07
50.05  42.05  1.08473e-07
50.05  42.55  7.24876e-08
50.05  43.05  3.74621e-08
50.05  43.55  3.38774e-08
50.05  44.05  5.21697e-08
50.05  44.55  3.87189e-08
50.05  45.05  1.03066e-08
50.05  45.55  6.73669e-09
50.05  46.05  1.16029e-08
50.05  46.55  4.32433e-09
50.05  47.05  1.53974e-09
50.05  47.55  2.64105e-09
50.05  48.05  2.56358e-09
50.05  48.55  6.57951e-10
50.05  49.05  1.60206e-10
50.05  49.55  1.44437e-10
50.05  50.05  6.68912e-11
50.05  50.55  3.0742e-11
50.05  51.05  1.1121e-11
50.05  51.55  1.04296e-11
50.05  52.05  4.41629e-11
52.55  37.55  1.30237e-09
52.55  38.05  1.53536e-09
52.55  38.55  6.09014e-09
52.55  39.05  2.41273e-08
52.55  39.55  6.22309e-08
52.55  40.05  2.82206e-07
52.55  40.55  4.6718e-07
52.55  41.05  4.33554e-07
52.55  41.55  1.87422e-07
52.55  42.05  2.19135e-07
52.55  42.55  2.18105e-07
52.55  43.05  1.90112e-07
52.55  43.55  5.92862e-08
52.55  44.05  9.51443e-08
52.55  44.55  7.79104e-08
52.55  45.05  3.01421e-08
52.55  45.55  1.82981e-08
52.55  46.05  2.29561e-08
52.55  46.55  8.08331e-09
52.55  47.05  2.65262e-09
52.55  47.55  3.39923e-09
52.55  48.05  3.04634e-09
52.55  48.55  9.70216e-10
52.55  49.05  2.90564e-10
52.55  49.55  2.1972e-10
52.55  50.05  1.15437e-10
52.55  50.55  4.61944e-11
52.55  51.05  1.63001e-11
52.55  51.55  1.21966e-11
52.55  52.05  3.29322e-11
55.05  37.55  8.45376e-09
55.05  38.05  8.14615e-09
55.05  38.55  2.10491e-08
55.05  39.05  3.75655e-08
55.05  39.55  1.31859e-07
55.05  40.05  6.65242e-07
55.05  40.55  1.32209e-06
55.05  41.05  7.86511e-07
55.05  41.55  2.48644e-07
55.05  42.05  5.71647e-07
55.05  42.55  5.42406e-07
55.05  43.05  3.80991e-07
55.05  43.55  1.24231e-07
55.05  44.05  3.4474e-07
55.05  44.55  1.82554e-07
55.05  45.05  6.56142e-08
55.05  45.55  2.53604e-08
55.05  46.05  4.18146e-08
55.05  46.55  1.8511e-08
55.05  47.05  4.80749e-09
55.05  47.55  4.08276e-09
55.05  48.05  3.44702e-09
55.05  48.55  1.59048e-09
55.05  49.05  3.64955e-10
55.05  49.55  3.1152e-10
55.05  50.05  1.94106e-10
55.05  50.55  7.10136e-11
55.05  51.05  2.20585e-11
55.05  51.55  1.19201e-11
55.05  52.05  3.68559e-12
57.55  37.55  2.09505e-08
57.55  38.05  1.64123e-08
57.55  38.55  6.20264e-08
57.55  39.05  1.48068e-07
57.55  39.55  4.49242e-07
57.55  40.05  1.82163e-06
57.55  40.55  4.91059e-06
57.55  41.05  3.58212e-06
57.55  41.55  1.36152e-06
57.55  42.05  1.89803e-06
57.55  42.55  1.07059e-06
57.55  43.05  6.08641e-07
57.55  43.55  3.63401e-07
57.55  44.05  7.98636e-07
57.55  44.55  4.9577e-07
57.55  45.05  1.55137e-07
57.55  45.55  1.40789e-07
57.55  46.05  1.49296e-07
57.55  46.55  3.68133e-08
57.55  47.05  1.03552e-08
57.55  47.55  8.558e-09
57.55  48.05  6.3349e-09
57.55  48.55  2.48366e-09
57.55  49.05  4.99836e-10
57.55  49.55  4.40458e-10
57.55  50.05  3.06779e-10
57.55  50.55  1.15582e-10
57.55  51.05  3.86753e-11
57.55  51.55  2.27344e-11
57.55  52.05  3.30671e-11
60.05  37.55  7.39684e-08
60.05  38.05  4.38416e-08
60.05  38.55  1.70635e-07
60.05  39.05  3.94161e-07
60.05  39.55  6.82559e-07
60.05  40.05  2.51512e-06
60.05  40.55  6.01858e-06
60.05  41.05  5.2206e-06
60.05  41.55  2.28274e-06
60.05  42.05  3.04056e-06
60.05  42.55  1.81835e-06
60.05  43.05  1.12039e-06
60.05  43.55  6.967e-07
60.05  44.05  8.2798e-07
60.05  44.55  8.65864e-07
60.05  45.05  2.87214e-07
60.05  45.55  3.2531e-07
60.05  46.05  3.05996e-07
60.05  46.55  5.93999e-08
60.05  47.05  1.25219e-08
60.05  47.55  8.54764e-09
60.05  48.05  6.01449e-09
60.05  48.55  2.0214e-09
60.05  49.05  4.31008e-10
60.05  49.55  4e-10
60.05  50.05  3.19568e-10
60.05  50.55  1.1201e-10
60.05  51.05  4.93834e-11
60.05  51.55  3.90322e-11
60.05  52.05  6.97949e-11
62.55  37.55  1.27662e-07
62.55  38.05  6.67574e-08
62.55  38.55  3.20026e-07
62.55  39.05  6.49816e-07
62.55  39.55  8.83352e-07
62.55  40.05  4.3133e-06
62.55  40.55  9.41534e-06
62.55  41.05  9.6801e-06
62.55  41.55  3.62014e-06
62.55  42.05  5.00511e-06
62.55  42.55  3.73837e-06
62.55  43.05  2.97736e-06
62.55  43.55  1.2902e-06
62.55  44.05  1.40618e-06
62.55  44.55  1.36827e-06
62.55  45.05  4.27518e-07
62.55  45.55  3.23213e-07
62.55  46.05  3.41167e-07
62.55  46.55  8.38531e-08
62.55  47.05  1.60662e-08
62.55  47.55  9.78989e-09
62.55  48.05  7.48978e-09
62.55  48.55  3.12562e-09
62.55  49.05  6.07813e-10
62.55  49.55  6.12741e-10
62.55  50.05  3.88003e-10
62.55  50.55  1.37525e-10
62.55  51.05  7.11142e-11
62.55  51.55  5.71941e-11
62.55  52.05  1.2331e-10
65.05  37.55  1.53378e-07
65.05  38.05  9.98802e-08
65.05  38.55  3.83576e-07
65.05  39.05  7.78667e-07
65.05  39.55  1.26396e-06
65.05  40.05  3.3755e-06
65.05  40.55  7.20864e-06
65.05  41.05  1.13515e-05
65.05  41.55  5.6282e-06
65.05  42.05  6.15482e-06
65.05  42.55  5.68163e-06
65.05  43.05  4.37493e-06
65.05  43.55  1.47093e-06
65.05  44.05  1.83026e-06
65.05  44.55  1.49207e-06
65.05  45.05  5.88553e-07
65.05  45.55  3.80397e-07
65.05  46.05  3.36499e-07
65.05  46.55  1.01124e-07
65.05  47.05  1.94963e-08
65.05  47.55  8.72889e-09
65.05  48.05  6.66751e-09
65.05  48.55  3.41351e-09
65.05  49.05  7.76532e-10
65.05  49.55  5.45588e-10
65.05  50.05  3.0217e-10
65.05  50.55  1.28552e-10
65.05  51.05  7.09958e-11
65.05  51.55  5.54696e-11
65.05  52.05  1.19318e-10
67.55  37.55  9.78329e-07
67.55  38.05  5.22754e-07
67.55  38.55  2.1037e-06
67.55  39.05  4.15359e-06
67.55  39.55  2.33754e-06
67.55  40.05  7.92917e-06
67.55  40.55  1.47251e-05
67.55  41.05  1.9417e-05
67.55  41.55  1.30377e-05
67.55  42.05  1.18346e-05
67.55  42.55  9.31303e-06
67.55  43.05  6.5508e-06
67.55  43.55  2.34399e-06
67.55  44.05  3.07367e-06
67.55  44.55  2.42478e-06
67.55  45.05  1.0477e-06
67.55  45.55  5.22434e-07
67.55  46.05  4.12388e-07
67.55  46.55  1.58495e-07
67.55  47.05  2.70283e-08
67.55  47.55  1.02397e-08
67.55  48.05  8.51341e-09
67.55  48.55  3.86319e-09
67.55  49.05  9.49211e-10
67.55  49.55  7.14876e-10
67.55  50.05  3.97984e-10
67.55  50.55  1.68919e-10
67.55  51.05  8.25425e-11
67.55  51.55  5.96215e-11
67.55  52.05  1.39027e-10
70.05  37.55  2.73644e-06
70.05  38.05  1.61924e-06
70.05  38.55  8.32357e-06
70.05  39.05  1.01982e-05
70.05  39.55  4.23042e-06
70.05  40.05  1.37486e-05
70.05  40.55  2.2572e-05
70.05  41.05  2.5684e-05
70.05  41.55  1.61242e-05
70.05  42.05  2.40077e-05
70.05  42.55  1.40772e-05
70.05  43.05  9.6268e-06
70.05  43.55  3.1494e-06
70.05  44.05  3.14402e-06
70.05  44.55  2.01705e-06
70.05  45.05  9.81398e-07
70.05  45.55  4.53341e-07
70.05  46.05  3.70659e-07
70.05  46.55  1.51196e-07
70.05  47.05  2.36294e-08
70.05  47.55  8.257e-09
70.05  48.05  7.75575e-09
70.05  48.55  3.28601e-09
70.05  49.05  8.30681e-10
70.05  49.55  8.65896e-10
70.05  50.05  4.92274e-10
70.05  50.55  1.88211e-10
70.05  51.05  7.63116e-11
70.05  51.55  4.98221e-11
70.05  52.05  1.21681e-10
72.55  37.55  1.10414e-05
72.55  38.05  7.05726e-06
72.55  38.55  1.57348e-05
72.55  39.05  1.66724e-05
72.55  39.55  2.42331e-05
72.55  40.05  3.54008e-05
72.55  40.55  5.3081e-05
72.55  41.05  6.35255e-05
72.55  41.55  3.20947e-05
72.55  42.05  4.51185e-05
72.55  42.55  3.3029e-05
72.55  43.05  2.13834e-05
72.55  43.55  4.10809e-06
72.55  44.05  3.98073e-06
72.55  44.55  3.05503e-06
72.55  45.05  1.44675e-06
72.55  45.55  5.57745e-07
72.55  46.05  4.45258e-07
72.55  46.55  2.13369e-07
72.55  47.05  3.55294e-08
72.55  47.55  9.14215e-09
72.55  48.05  9.97029e-09
72.55  48.55  4.16762e-09
72.55  49.05  9.73104e-10
72.55  49.55  1.15854e-09
72.55  50.05  7.27656e-10
72.55  50.55  2.8697e-10
72.55  51.05  1.05198e-10
72.55  51.55  7.3145e-11
72.55  52.05  1.54204e-10
75.05  37.55  1.65207e-05
75.05  38.05  1.0475e-05
75.05  38.55  2.6139e-05
75.05  39.05  4.33788e-05
75.05  39.55  5.5398e-05
75.05  40.05  8.99792e-05
75.05  40.55  0.0001234
75.05  41.05  7.19472e-05
75.05  41.55  4.90685e-05
75.05  42.05  6.72373e-05
75.05  42.55  5.89618e-05
75.05  43.05  2.56084e-05
75.05  43.55  6.77367e-06
75.05  44.05  6.38746e-06
75.05  44.55  3.56909e-06
75.05  45.05  1.51302e-06
75.05  45.55  5.50847e-07
75.05  46.05  3.54303e-07
75.05  46.55  1.49138e-07
75.05  47.05  2.69403e-08
75.05  47.55  9.03457e-09
75.05  48.05  8.95668e-09
75.05  48.55  3.66681e-09
75.05  49.05  9.71635e-10
75.05  49.55  1.01003e-09
75.05  50.05  7.20365e-10
75.05  50.55  2.82905e-10
75.05  51.05  1.16268e-10
75.05  51.55  8.02487e-11
75.05  52.05  1.35036e-10
77.55  37.55  5.78756e-05
77.55  38.05  2.82115e-05
77.55  38.55  7.52955e-05
77.55  39.05  0.000153059
77.55  39.55  0.000124002
77.55  40.05  0.000267005
77.55  40.55  0.000382606
77.55  41.05  0.000250635
77.55  41.55  0.000122036
77.55  42.05  0.000134569
77.55  42.55  8.33377e-05
77.55  43.05  3.82483e-05
77.55  43.55  1.43472e-05
77.55  44.05  1.19047e-05
77.55  44.55  5.66389e-06
77.55  45.05  1.81329e-06
77.55  45.55  6.64261e-07
77.55  46.05  5.39407e-07
77.55  46.55  1.86217e-07
77.55  47.05  3.16795e-08
77.55  47.55  1.13027e-08
77.55  48.05  8.90139e-09
77.55  48.55  4.26164e-09
77.55  49.05  1.38791e-09
77.55  49.55  1.26081e-09
77.55  50.05  9.15559e-10
77.55  50.55  3.2843e-10
77.55  51.05  1.63384e-10
77.55  51.55  1.26006e-10
77.55  52.05  3.99325e-10
80.05  37.55  6.18355e-05
80.05  38.05  3.6969e-05
80.05  38.55  0.000120751
80.05  39.05  0.000301224
80.05  39.55  0.000332856
80.05  40.05  0.000885742
80.05  40.55  0.00136139
80.05  41.05  0.00079837
80.05  41.55  0.000154198
80.05  42.05  0.000148706
80.05  42.55  8.99664e-05
80.05  43.05  5.49301e-05
80.05  43.55  1.67583e-05
80.05  44.05  1.20099e-05
80.05  44.55  5.67737e-06
80.05  45.05  2.31447e-06
80.05  45.55  5.01424e-07
80.05  46.05  5.2586e-07
80.05  46.55  1.95184e-07
80.05  47.05  3.14522e-08
80.05  47.55  1.04805e-08
80.05  48.05  7.18161e-09
80.05  48.55  3.82775e-09
80.05  49.05  1.35946e-09
80.05  49.55  1.33255e-09
80.05  50.05  9.01588e-10
80.05  50.55  2.9654e-10
80.05  51.05  1.62273e-10
80.05  51.55  1.40751e-10
80.05  52.05  3.77949e-10
82.55  37.55  0.00015901
82.55  38.05  8.50928e-05
82.55  38.55  0.000301058
82.55  39.05  0.000783241
82.55  39.55  0.000680595
82.55  40.05  0.00185364
82.55  40.55  0.00272539
82.55  41.05  0.00115424
82.55  41.55  0.00024707
82.55  42.05  0.000344599
82.55  42.55  0.000188394
82.55  43.05  8.8398e-05
82.55  43.55  2.56852e-05
82.55  44.05  1.72046e-05
82.55  44.55  9.363e-06
82.55  45.05  4.01429e-06
82.55  45.55  5.6448e-07
82.55  46.05  6.26139e-07
82.55  46.55  2.39265e-07
82.55  47.05  3.82009e-08
82.55  47.55  1.52006e-08
82.55  48.05  1.12815e-08
82.55  48.55  4.9257e-09
82.55  49.05  1.8301e-09
82.55  49.55  1.76197e-09
82.55  50.05  1.05083e-09
82.55  50.55  4.06909e-10
82.55  51.05  2.1967e-10
82.55  51.55  2.21994e-10
82.55  52.05  8.63326e-10
85.05  37.55  0.00012616
85.05  38.05  0.000130545
85.05  38.55  0.000627116
85.05  39.05  0.00123135
85.05  39.55  0.000985769
85.05  40.05  0.00323191
85.05  40.55  0.00419537
85.05  41.05  0.00238314
85.05  41.55  0.000563278
85.05  42.05  0.000573172
85.05  42.55  0.000331719
85.05  43.05  0.000142882
85.05  43.55  2.83731e-05
85.05  44.05  1.82489e-05
85.05  44.55  1.07731e-05
85.05  45.05  3.29829e-06
85.05  45.55  5.16246e-07
85.05  46.05  5.46713e-07
85.05  46.55  2.05253e-07
85.05  47.05  3.86685e-08
85.05  47.55  1.22632e-08
85.05  48.05  1.15121e-08
85.05  48.55  4.81146e-09
85.05  49.05  1.71971e-09
85.05  49.55  1.8797e-09
85.05  50.05  1.03674e-09
85.05  50.55  4.25287e-10
85.05  51.05  2.1803e-10
85.05  51.55  2.45799e-10
85.05  52.05  9.2013e-10
87.55  37.55  0.000389748
87.55  38.05  0.000553546
87.55  38.55  0.00265207
87.55  39.05  0.00388399
87.55  39.55  0.0013581
87.55  40.05  0.00633319
87.55  40.55  0.0120504
87.55  41.05  0.00748535
87.55  41.55  0.00193031
87.55  42.05  0.00170721
87.55  42.55  0.000877677
87.55  43.05  0.000235097
87.55  43.55  4.35293e-05
87.55  44.05  3.01953e-05
87.55  44.55  1.63046e-05
87.55  45.05  4.55933e-06
87.55  45.55  7.68181e-07
87.55  46.05  5.33264e-07
87.55  46.55  2.2294e-07
87.55  47.05  4.73715e-08
87.55  47.55  1.46487e-08
87.55  48.05  1.13369e-08
87.55  48.55  6.36481e-09
87.55  49.05  2.10774e-09
87.55  49.55  2.57434e-09
87.55  50.05  1.31933e-09
87.55  50.55  5.90454e-10
87.55  51.05  2.73178e-10
87.55  51.55  2.35493e-10
87.55  52.05  8.97205e-10
90.05  37.55  0.00121246
90.05  38.05  0.00145459
90.05  38.55  0.00605065
90.05  39.05  0.00655441
90.05  39.55  0.00324474
90.05  40.05  0.0112512
90.05  40.55  0.0257904
90.05  41.05  0.0169732
90.05  41.55  0.00371043
90.05  42.05  0.00166205
90.05  42.55  0.00103865
90.05  43.05  0.000251408
90.05  43.55  4.74234e-05
90.05  44.05  2.9533e-05
90.05  44.55  1.45924e-05
90.05  45.05  3.79431e-06
90.05  45.55  8.05912e-07
90.05  46.05  4.50225e-07
90.05  46.55  2.1928e-07
90.05  47.05  4.52298e-08
90.05  47.55  1.66851e-08
90.05  48.05  1.03332e-08
90.05  48.55  6.59125e-09
90.05  49.05  2.20354e-09
90.05  49.55  2.2572e-09
90.05  50.05  1.044e-09
90.05  50.55  5.22462e-10
90.05  51.05  2.46155e-10
90.05  51.55  1.84954e-10
90.05  52.05  4.20463e-10
92.55  37.55  0.00294283
92.55  38.05  0.00230607
92.55  38.55  0.0107335
92.55  39.05  0.0156724
92.55  39.55  0.0129009
92.55  40.05  0.0265453
92.55  40.55  0.0377515
92.55  41.05  0.027579
92.55  41.55  0.00768483
92.55  42.05  0.00252294
92.55  42.55  0.00149655
92.55  43.05  0.000555613
92.55  43.55  8.60287e-05
92.55  44.05  3.1826e-05
92.55  44.55  1.60915e-05
92.55  45.05  5.18734e-06
92.55  45.55  1.17841e-06
92.55  46.05  6.77104e-07
92.55  46.55  2.50152e-07
92.55  47.05  6.24844e-08
92.55  47.55  2.7549e-08
92.55  48.05  1.84519e-08
92.55  48.55  9.11141e-09
92.55  49.05  2.85417e-09
92.55  49.55  2.86864e-09
92.55  50.05  1.46673e-09
92.55  50.55  5.62866e-10
92.55  51.05  2.95141e-10
92.55  51.55  2.59284e-10
92.55  52.05  7.49642e-10
95.05  37.55  0.00145224
95.05  38.05  0.00232711
95.05  38.55  0.0195274
95.05  39.05  0.0369269
95.05  39.55  0.0279137
95.05  40.05  0.0518733
95.05  40.55  0.069763
95.05  41.05  0.0430238
95.05  41.55  0.0119322
95.05  42.05  0.00305464
95.05  42.55  0.00150904
95.05  43.05  0.000671327
95.05  43.55  0.000105999
95.05  44.05  3.17109e-05
95.05  44.55  1.70333e-05
95.05  45.05  5.00865e-06
95.05  45.55  9.60191e-07
95.05  46.05  4.73801e-07
95.05  46.55  1.6768e-07
95.05  47.05  3.66131e-08
95.05  47.55  2.25876e-08
95.05  48.05  1.87245e-08
95.05  48.55  8.41029e-09
95.05  49.05  2.42222e-09
95.05  49.55  2.46898e-09
95.05  50.05  1.54088e-09
95.05  50.55  5.37826e-10
95.05  51.05  2.80113e-10
95.05  51.55  2.78782e-10
95.05  52.05  9.31241e-10
97.55  37.55  0.00232314
97.55  38.05  0.0049157
97.55  38.55  0.0414933
97.55  39.05  0.0832063
97.55  39.55  0.055457
97.55  40.05  0.0898959
97.55  40.55  0.146702
97.55  41.05  0.070424
97.55  41.55  0.0171281
97.55  42.05  0.00447497
97.55  42.55  0.00207267
97.55  43.05  0.00100111
97.55  43.55  0.000188838
97.55  44.05  4.42393e-05
97.55  44.55  2.07753e-05
97.55  45.05  5.45624e-06
97.55  45.55  9.19281e-07
97.55  46.05  4.30277e-07
97.55  46.55  1.94111e-07
97.55  47.05  3.69217e-08
97.55  47.55  2.59455e-08
97.55  48.05  2.17804e-08
97.55  48.55  9.9768e-09
97.55  49.05  2.77036e-09
97.55  49.55  2.52776e-09
97.55  50.05  2.16861e-09
97.55  50.55  8.10433e-10
97.55  51.05  3.9611e-10
97.55  51.55  3.45123e-10
97.55  52.05  6.03071e-10
100.05  37.55  0.00463631
100.05  38.05  0.00654036
100.05  38.55  0.0385649
100.05  39.05  0.10324
100.05  39.55  0.0757181
100.05  40.05  0.0841314
100.05  40.55  0.108365
100.05  41.05  0.047281
100.05  41.55  0.00840019
100.05  42.05  0.00326064
100.05  42.55  0.00194875
100.05  43.05  0.000878166
100.05  43.55  0.000168756
100.05  44.05  3.72607e-05
100.05  44.55  1.55954e-05
100.05  45.05  4.45875e-06
100.05  45.55  7.23939e-07
100.05  46.05  2.87743e-07
100.05  46.55  1.26917e-07
100.05  47.05  3.31004e-08
100.05  47.55  2.4644e-08
100.05  48.05  1.67937e-08
100.05  48.55  8.34674e-09
100.05  49.05  2.30633e-09
100.05  49.55  2.2101e-09
100.05  50.05  2.0593e-09
100.05  50.55  8.66042e-10
100.05  51.05  3.64717e-10
100.05  51.55  2.58352e-10
100.05  52.05  2.23723e-10
102.55  37.55  0.00918993
102.55  38.05  0.0130662
102.55  38.55  0.0748598
102.55  39.05  0.136712
102.55  39.55  0.145731
102.55  40.05  0.121275
102.55  40.55  0.0939867
102.55  41.05  0.0398483
102.55  41.55  0.00691653
102.55  42.05  0.00539933
102.55  42.55  0.00320728
102.55  43.05  0.00131813
102.55  43.55  0.000184627
102.55  44.05  3.34294e-05
102.55  44.55  1.49274e-05
102.55  45.05  5.55707e-06
102.55  45.55  8.96362e-07
102.55  46.05  2.97594e-07
102.55  46.55  1.11979e-07
102.55  47.05  3.8867e-08
102.55  47.55  2.95779e-08
102.55  48.05  1.98291e-08
102.55  48.55  9.67894e-09
102.55  49.05  2.66075e-09
102.55  49.55  2.75905e-09
102.55  50.05  2.31626e-09
102.55  50.55  9.93448e-10
102.55  51.05  4.3606e-10
102.55  51.55  3.41394e-10
102.55  52.05  6.57765e-10
105.05  37.55  0.00941795
105.05  38.05  0.0119953
105.05  38.55  0.0762891
105.05  39.05  0.141972
105.05  39.55  0.124887
105.05  40.05  0.104541
105.05  40.55  0.0839592
105.05  41.05  0.0384482
105.05  41.55  0.00866784
105.05  42.05  0.00782452
105.05  42.55  0.00320233
105.05  43.05  0.00119105
105.05  43.55  0.000122139
105.05  44.05  1.85718e-05
105.05  44.55  1.02605e-05
105.05  45.05  3.63135e-06
105.05  45.55  4.83429e-07
105.05  46.05  2.06432e-07
105.05  46.55  9.23535e-08
105.05  47.05  2.91471e-08
105.05  47.55  2.46422e-08
105.05  48.05  1.73618e-08
105.05  48.55  8.96843e-09
105.05  49.05  2.41533e-09
105.05  49.55  2.58828e-09
105.05  50.05  2.01397e-09
105.05  50.55  8.63106e-10
105.05  51.05  3.85091e-10
105.05  51.55  3.25174e-10
105.05  52.05  9.92258e-10
107.55  37.55  0.0258032
107.55  38.05  0.0268998
107.55  38.55  0.112516
107.55  39.05  0.174038
107.55  39.55  0.109551
107.55  40.05  0.12199
107.55  40.55  0.110285
107.55  41.05  0.0489489
107.55  41.55  0.0118439
107.55  42.05  0.0103483
107.55  42.55  0.00346548
107.55  43.05  0.00102499
107.55  43.55  0.000144712
107.55  44.05  2.2093e-05
107.55  44.55  9.77652e-06
107.55  45.05  2.62311e-06
107.55  45.55  4.20188e-07
107.55  46.05  3.07881e-07
107.55  46.55  1.46893e-07
107.55  47.05  3.54627e-08
107.55  47.55  2.82167e-08
107.55  48.05  2.13421e-08
107.55  48.55  1.07154e-08
107.55  49.05  2.89381e-09
107.55  49.55  3.12828e-09
107.55  50.05  2.51039e-09
107.55  50.55  1.04797e-09
107.55  51.05  4.62484e-10
107.55  51.55  3.50584e-10
107.55  52.05  8.73674e-10
110.05  37.55  0.0538633
110.05  38.05  0.0347758
110.05  38.55  0.0966484
110.05  39.05  0.181344
110.05  39.55  0.0995918
110.05  40.05  0.0913656
110.05  40.55  0.0816269
110.05  41.05  0.0350519
110.05  41.55  0.00922438
110.05  42.05  0.00914524
110.05  42.55  0.00310827
110.05  43.05  0.000813618
110.05  43.55  0.000124353
110.05  44.05  2.37873e-05
110.05  44.55  8.12982e-06
110.05  45.05  2.05071e-06
110.05  45.55  3.70471e-07
110.05  46.05  2.69942e-07
110.05  46.55  1.23005e-07
110.05  47.05  3.17435e-08
110.05  47.55  2.41932e-08
110.05  48.05  1.96059e-08
110.05  48.55  1.00434e-08
110.05  49.05  2.67374e-09
110.05  49.55  2.6186e-09
110.05  50.05  2.23508e-09
110.05  50.55  9.64184e-10
110.05  51.05  4.14563e-10
110.05  51.55  3.03346e-10
110.05  52.05  7.50071e-10
112.55  37.55  0.0697514
112.55  38.05  0.0352666
112.55  38.55  0.100553
112.55  39.05  0.179829
112.55  39.55  0.115165
112.55  40.05  0.0960048
112.55  40.55  0.0677904
112.55  41.05  0.0250559
112.55  41.55  0.00662072
112.55  42.05  0.00899811
112.55  42.55  0.00318368
112.55  43.05  0.000789897
112.55  43.55  0.000120744
112.55  44.05  3.14487e-05
112.55  44.55  1.07835e-05
112.55  45.05  2.10436e-06
112.55  45.55  4.16222e-07
112.55  46.05  3.14251e-07
112.55  46.55  1.39099e-07
112.55  47.05  3.56422e-08
112.55  47.55  2.83433e-08
112.55  48.05  2.3305e-08
112.55  48.55  1.30966e-08
112.55  49.05  3.88638e-09
112.55  49.55  3.45713e-09
112.55  50.05  2.72246e-09
112.55  50.55  1.1086e-09
112.55  51.05  5.0008e-10
112.55  51.55  4.46526e-10
112.55  52.05  8.83118e-10
115.05  37.55  0.0468215
115.05  38.05  0.0265431
115.05  38.55  0.0806927
115.05  39.05  0.12367
115.05  39.55  0.0750061
115.05  40.05  0.0537337
115.05  40.55  0.039412
115.05  41.05  0.0178805
115.05  41.55  0.00626857
115.05  42.05  0.00501118
115.05  42.55  0.00192307
115.05  43.05  0.000480317
115.05  43.55  7.6115e-05
115.05  44.05  1.51847e-05
115.05  44.55  7.21628e-06
115.05  45.05  1.9288e-06
115.05  45.55  3.21026e-07
115.05  46.05  2.81275e-07
115.05  46.55  1.09457e-07
115.05  47.05  3.41973e-08
115.05  47.55  2.61903e-08
115.05  48.05  2.08648e-08
115.05  48.55  9.53204e-09
115.05  49.05  3.17764e-09
115.05  49.55  3.21226e-09
115.05  50.05  2.37204e-09
115.05  50.55  8.52643e-10
115.05  51.05  3.93259e-10
115.05  51.55  4.02066e-10
115.05  52.05  1.11362e-09
117.55  37.55  0.0728815
117.55  38.05  0.044058
117.55  38.55  0.0942076
117.55  39.05  0.106107
117.55  39.55  0.053953
117.55  40.05  0.0349122
117.55  40.55  0.0315971
117.55  41.05  0.0178236
117.55  41.55  0.00809377
117.55  42.05  0.00352245
117.55  42.55  0.00146302
117.55  43.05  0.000429343
117.55  43.55  8.38704e-05
117.55  44.05  8.67281e-06
117.55  44.55  6.83408e-06
117.55  45.05  2.5838e-06
117.55  45.55  3.94075e-07
117.55  46.05  3.31641e-07
117.55  46.55  1.24226e-07
117.55  47.05  5.23974e-08
117.55  47.55  3.93896e-08
117.55  48.05  2.79711e-08
117.55  48.55  1.182e-08
117.55  49.05  3.79384e-09
117.55  49.55  3.80987e-09
117.55  50.05  2.84073e-09
117.55  50.55  9.89617e-10
117.55  51.05  4.70928e-10
117.55  51.55  4.70419e-10
117.55  52.05  7.51537e-10
120.05  37.55  0.288701
120.05  38.05  0.164484
120.05  38.55  0.236703
120.05  39.05  0.0748828
120.05  39.55  0.0349909
120.05  40.05  0.0363916
120.05  40.55  0.0289795
120.05  41.05  0.0174544
120.05  41.55  0.00988041
120.05  42.05  0.00277139
120.05  42.55  0.00065873
120.05  43.05  0.000461152
120.05  43.55  7.62821e-05
120.05  44.05  4.73709e-06
120.05  44.55  7.3476e-06
120.05  45.05  4.14117e-06
120.05  45.55  8.38742e-07
120.05  46.05  6.25219e-07
120.05  46.55  1.97128e-07
120.05  47.05  1.01335e-07
120.05  47.55  9.08999e-08
120.05  48.05  5.06154e-08
120.05  48.55  2.06379e-08
120.05  49.05  6.50467e-09
120.05  49.55  6.32793e-09
120.05  50.05  4.66558e-09
120.05  50.55  1.57736e-09
120.05  51.05  7.65242e-10
120.05  51.55  8.48736e-10
120.05  52.05  1.85674e-09
122.55  38.05  0.740692
122.55  38.55  1
122.55  41.55  0.00433739
122.55  45.05  1.48769e-06
122.55  45.55  4.43413e-06
122.55  46.05  1.35721e-06
122.55  46.55  2.9167e-07
122.55  47.05  2.69019e-07
122.55  47.55  3.6412e-07
122.55  48.05  1.79526e-07
122.55  48.55  1.27387e-08
122.55  49.05  1.37537e-08
122.55  49.55  2.37715e-08
122.55  50.05  9.67758e-09
122.55  50.55  4.55275e-09
122.55  51.05  1.85196e-09
122.55  51.55  1.73749e-09
