-52.45  47.55  0
-49.95  50.55  1
-42.45  41.55  4.61032e-12
-42.45  47.55  1.37477e-11
-39.95  37.55  1.34165e-13
-39.95  38.05  4.27806e-15
-39.95  38.55  9.40431e-15
-39.95  39.05  3.83974e-14
-39.95  39.55  4.19949e-15
-39.95  40.05  1.97835e-13
-39.95  40.55  1.72965e-13
-39.95  41.05  3.38964e-14
-39.95  41.55  2.21642e-13
-39.95  42.05  6.08006e-13
-39.95  42.55  2.51142e-13
-39.95  43.05  8.52655e-14
-39.95  43.55  2.98658e-12
-39.95  44.05  3.68332e-12
-39.95  44.55  6.46599e-12
-39.95  45.05  6.59129e-13
-39.95  45.55  4.37087e-12
-39.95  46.05  1.10053e-11
-39.95  46.55  2.02824e-12
-39.95  47.05  2.03173e-13
-39.95  47.55  4.40617e-13
-39.95  48.05  1.42774e-13
-39.95  49.05  1.58994e-14
-39.95  50.05  9.14697e-15
-39.95  50.55  7.76762e-15
-39.95  51.05  9.88562e-15
-39.95  51.55  9.2042e-15
-37.45  37.55  9.25672e-14
-37.45  38.05  5.85936e-14
-37.45  38.55  1.64426e-13
-37.45  39.05  7.97218e-14
-37.45  39.55  6.99116e-14
-37.45  40.05  5.03991e-13
-37.45  40.55  6.06124e-13
-37.45  41.05  3.20953e-13
-37.45  41.55  5.61838e-13
-37.45  42.05  1.02089e-12
-37.45  42.55  1.57797e-12
-37.45  43.05  1.65227e-12
-37.45  43.55  5.79664e-12
-37.45  44.05  6.82069e-12
-37.45  44.55  9.04334e-12
-37.45  45.05  3.54863e-12
-37.45  45.55  9.08526e-12
-37.45  46.05  1.44791e-11
-37.45  46.55  1.30235e-11
-37.45  47.05  1.6376e-12
-37.45  47.55  1.57519e-12
-37.45  48.05  1.40233e-12
-37.45  48.55  4.04564e-13
-37.45  49.05  1.78573e-13
-37.45  49.55  1.60466e-13
-37.45  50.05  1.48655e-13
-37.45  50.55  5.62191e-14
-37.45  51.05  3.71144e-14
-37.45  51.55  4.90473e-14
-37.45  52.05  4.41163e-14
-34.95  37.55  1.1448e-12
-34.95  38.05  9.44442e-13
-34.95  38.55  2.37181e-12
-34.95  39.05  1.65556e-12
-34.95  39.55  1.84836e-12
-34.95  40.05  7.41931e-12
-34.95  40.55  9.68259e-12
-34.95  41.05  6.63359e-12
-34.95  41.55  9.69531e-12
-34.95  42.05  3.00738e-11
-34.95  42.55  4.97019e-11
-34.95  43.05  3.44033e-11
-34.95  43.55  3.82084e-11
-34.95  44.05  6.79521e-11
-34.95  44.55  1.01618e-10
-34.95  45.05  7.92494e-11
-34.95  45.55  2.01946e-10
-34.95  46.05  2.43532e-10
-34.95  46.55  1.99144e-10
-34.95  47.05  3.97265e-11
-34.95  47.55  3.14187e-11
-34.95  48.05  3.35631e-11
-34.95  48.55  1.02861e-11
-34.95  49.05  3.55938e-12
-34.95  49.55  5.14612e-12
-34.95  50.05  3.80548e-12
-34.95  50.55  1.03196e-12
-34.95  51.05  3.52228e-13
-34.95  51.55  3.27963e-13
-34.95  52.05  9.15938e-13
-32.45  37.55  1.60113e-12
-32.45  38.05  7.75568e-13
-32.45  38.55  1.63415e-12
-32.45  39.05  1.66278e-12
-32.45  39.55  2.12808e-12
-32.45  40.05  6.59055e-12
-32.45  40.55  9.3625e-12
-32.45  41.05  6.4369e-12
-32.45  41.55  1.38159e-11
-32.45  42.05  2.29077e-11
-32.45  42.55  3.37882e-11
-32.45  43.05  4.05422e-11
-32.45  43.55  1.99003e-11
-32.45  44.05  3.79146e-11
-32.45  44.55  7.77208e-11
-32.45  45.05  6.21184e-11
-32.45  45.55  2.21238e-10
-32.45  46.05  2.14223e-10
-32.45  46.55  2.21505e-10
-32.45  47.05  6.62072e-11
-32.45  47.55  4.32082e-11
-32.45  48.05  3.16665e-11
-32.45  48.55  9.63171e-12
-32.45  49.05  3.08064e-12
-32.45  49.55  6.85209e-12
-32.45  50.05  4.54556e-12
-32.45  50.55  1.13629e-12
-32.45  51.05  3.25064e-13
-32.45  51.55  3.03155e-13
-32.45  52.05  9.27897e-13
-29.95  37.55  1.84227e-12
-29.95  38.05  6.95664e-13
-29.95  38.55  1.42919e-12
-29.95  39.05  2.14048e-12
-29.95  39.55  1.88889e-12
-29.95  40.05  5.80467e-12
-29.95  40.55  7.6168e-12
-29.95  41.05  5.34956e-12
-29.95  41.55  1.26707e-11
-29.95  42.05  2.83392e-11
-29.95  42.55  2.65773e-11
-29.95  43.05  3.45566e-11
-29.95  43.55  1.89629e-11
-29.95  44.05  3.20111e-11
-29.95  44.55  8.12056e-11
-29.95  45.05  5.83857e-11
-29.95  45.55  1.29495e-10
-29.95  46.05  1.34577e-10
-29.95  46.55  1.94889e-10
-29.95  47.05  8.74014e-11
-29.95  47.55  6.36108e-11
-29.95  48.05  4.03115e-11
-29.95  48.55  2.10312e-11
-29.95  49.05  5.33153e-12
-29.95  49.55  7.37539e-12
-29.95  50.05  4.59518e-12
-29.95  50.55  1.20875e-12
-29.95  51.05  2.79302e-13
-29.95  51.55  2.47583e-13
-29.95  52.05  6.3628e-13
-27.45  37.55  2.1244e-12
-27.45  38.05  8.42287e-13
-27.45  38.55  2.17701e-12
-27.45  39.05  3.22889e-12
-27.45  39.55  2.19127e-12
-27.45  40.05  5.96824e-12
-27.45  40.55  8.41572e-12
-27.45  41.05  7.78271e-12
-27.45  41.55  1.50827e-11
-27.45  42.05  5.9485e-11
-27.45  42.55  6.78786e-11
-27.45  43.05  5.32657e-11
-27.45  43.55  2.51035e-11
-27.45  44.05  4.81063e-11
-27.45  44.55  7.87828e-11
-27.45  45.05  7.77545e-11
-27.45  45.55  1.36009e-10
-27.45  46.05  1.28184e-10
-27.45  46.55  1.3058e-10
-27.45  47.05  1.12058e-10
-27.45  47.55  1.06375e-10
-27.45  48.05  9.46864e-11
-27.45  48.55  5.92115e-11
-27.45  49.05  1.5225e-11
-27.45  49.55  1.21359e-11
-27.45  50.05  6.99117e-12
-27.45  50.55  1.5317e-12
-27.45  51.05  3.07745e-13
-27.45  51.55  2.36956e-13
-27.45  52.05  1.12057e-12
-24.95  37.55  2.41951e-12
-24.95  38.05  1.17772e-12
-24.95  38.55  2.84054e-12
-24.95  39.05  3.58073e-12
-24.95  39.55  1.9542e-12
-24.95  40.05  4.96027e-12
-24.95  40.55  6.49507e-12
-24.95  41.05  5.38672e-12
-24.95  41.55  1.51694e-11
-24.95  42.05  3.87891e-11
-24.95  42.55  5.56284e-11
-24.95  43.05  3.91307e-11
-24.95  43.55  3.31922e-11
-24.95  44.05  6.80548e-11
-24.95  44.55  6.03001e-11
-24.95  45.05  5.70453e-11
-24.95  45.55  9.26875e-11
-24.95  46.05  1.09321e-10
-24.95  46.55  1.27445e-10
-24.95  47.05  1.10554e-10
-24.95  47.55  1.18225e-10
-24.95  48.05  1.26429e-10
-24.95  48.55  8.77547e-11
-24.95  49.05  2.58472e-11
-24.95  49.55  1.28481e-11
-24.95  50.05  8.67361e-12
-24.95  50.55  2.20024e-12
-24.95  51.05  5.04854e-13
-24.95  51.55  3.78817e-13
-24.95  52.05  6.30014e-13
-22.45  37.55  3.9318e-12
-22.45  38.05  2.23129e-12
-22.45  38.55  5.00826e-12
-22.45  39.05  4.68282e-12
-22.45  39.55  2.52462e-12
-22.45  40.05  8.02093e-12
-22.45  40.55  9.37477e-12
-22.45  41.05  4.79922e-12
-22.45  41.55  1.64914e-11
-22.45  42.05  3.22789e-11
-22.45  42.55  4.64457e-11
-22.45  43.05  4.17585e-11
-22.45  43.55  5.53129e-11
-22.45  44.05  9.61818e-11
-22.45  44.55  1.05547e-10
-22.45  45.05  9.31591e-11
-22.45  45.55  1.05244e-10
-22.45  46.05  2.02671e-10
-22.45  46.55  2.34614e-10
-22.45  47.05  1.4769e-10
-22.45  47.55  1.28058e-10
-22.45  48.05  1.99972e-10
-22.45  48.55  1.41304e-10
-22.45  49.05  2.63964e-11
-22.45  49.55  1.53539e-11
-22.45  50.05  1.16652e-11
-22.45  50.55  3.57011e-12
-22.45  51.05  9.62751e-13
-22.45  51.55  6.99122e-13
-22.45  52.05  1.09272e-12
-19.95  37.55  5.91078e-12
-19.95  38.05  2.66552e-12
-19.95  38.55  5.15263e-12
-19.95  39.05  3.58792e-12
-19.95  39.55  2.21645e-12
-19.95  40.05  7.46175e-12
-19.95  40.55  9.47486e-12
-19.95  41.05  3.92735e-12
-19.95  41.55  1.33647e-11
-19.95  42.05  3.85821e-11
-19.95  42.55  4.16335e-11
-19.95  43.05  3.90138e-11
-19.95  43.55  7.40579e-11
-19.95  44.05  1.41103e-10
-19.95  44.55  1.28757e-10
-19.95  45.05  7.4555e-11
-19.95  45.55  1.31064e-10
-19.95  46.05  2.24593e-10
-19.95  46.55  1.75326e-10
-19.95  47.05  7.40401e-11
-19.95  47.55  1.04296e-10
-19.95  48.05  1.24986e-10
-19.95  48.55  7.77902e-11
-19.95  49.05  2.15536e-11
-19.95  49.55  1.46844e-11
-19.95  50.05  1.18182e-11
-19.95  50.55  4.03914e-12
-19.95  51.05  1.19912e-12
-19.95  51.55  7.68546e-13
-19.95  52.05  9.53427e-13
-17.45  37.55  9.80018e-12
-17.45  38.05  4.68476e-12
-17.45  38.55  9.14758e-12
-17.45  39.05  6.90593e-12
-17.45  39.55  1.94686e-12
-17.45  40.05  6.00932e-12
-17.45  40.55  1.22812e-11
-17.45  41.05  6.78935e-12
-17.45  41.55  1.70376e-11
-17.45  42.05  7.75031e-11
-17.45  42.55  8.81719e-11
-17.45  43.05  4.70312e-11
-17.45  43.55  1.30859e-10
-17.45  44.05  2.60314e-10
-17.45  44.55  2.34318e-10
-17.45  45.05  1.0298e-10
-17.45  45.55  1.74154e-10
-17.45  46.05  2.36832e-10
-17.45  46.55  2.037e-10
-17.45  47.05  9.44109e-11
-17.45  47.55  1.49896e-10
-17.45  48.05  1.31062e-10
-17.45  48.55  6.44504e-11
-17.45  49.05  2.05268e-11
-17.45  49.55  2.71999e-11
-17.45  50.05  1.60996e-11
-17.45  50.55  6.05594e-12
-17.45  51.05  2.66124e-12
-17.45  51.55  1.49957e-12
-17.45  52.05  5.75578e-12
-14.95  37.55  8.08649e-12
-14.95  38.05  4.67584e-12
-14.95  38.55  9.25479e-12
-14.95  39.05  1.16261e-11
-14.95  39.55  1.97729e-12
-14.95  40.05  7.73069e-12
-14.95  40.55  1.53821e-11
-14.95  41.05  1.16758e-11
-14.95  41.55  2.13182e-11
-14.95  42.05  5.25419e-11
-14.95  42.55  8.19342e-11
-14.95  43.05  6.46015e-11
-14.95  43.55  1.00199e-10
-14.95  44.05  2.29366e-10
-14.95  44.55  2.74443e-10
-14.95  45.05  1.34183e-10
-14.95  45.55  2.15586e-10
-14.95  46.05  2.26372e-10
-14.95  46.55  2.42953e-10
-14.95  47.05  1.68103e-10
-14.95  47.55  1.68463e-10
-14.95  48.05  1.447e-10
-14.95  48.55  6.94094e-11
-14.95  49.05  2.14759e-11
-14.95  49.55  2.31948e-11
-14.95  50.05  1.41536e-11
-14.95  50.55  5.59926e-12
-14.95  51.05  2.86188e-12
-14.95  51.55  1.84478e-12
-14.95  52.05  5.82081e-12
-12.45  37.55  1.27673e-11
-12.45  38.05  5.91974e-12
-12.45  38.55  1.72614e-11
-12.45  39.05  3.48562e-11
-12.45  39.55  1.40297e-11
-12.45  40.05  3.93821e-11
-12.45  40.55  4.69636e-11
-12.45  41.05  3.01147e-11
-12.45  41.55  3.75835e-11
-12.45  42.05  6.23807e-11
-12.45  42.55  9.94057e-11
-12.45  43.05  1.11703e-10
-12.45  43.55  9.2153e-11
-12.45  44.05  3.23997e-10
-12.45  44.55  3.79591e-10
-12.45  45.05  2.11583e-10
-12.45  45.55  2.53133e-10
-12.45  46.05  3.28073e-10
-12.45  46.55  3.49303e-10
-12.45  47.05  3.37418e-10
-12.45  47.55  2.71203e-10
-12.45  48.05  2.11474e-10
-12.45  48.55  9.86494e-11
-12.45  49.05  3.4036e-11
-12.45  49.55  2.29429e-11
-12.45  50.05  1.6823e-11
-12.45  50.55  7.82155e-12
-12.45  51.05  4.13921e-12
-12.45  51.55  3.35554e-12
-12.45  52.05  6.88769e-12
-9.95  37.55  1.78288e-11
-9.95  38.05  7.0773e-12
-9.95  38.55  2.00516e-11
-9.95  39.05  3.67316e-11
-9.95  39.55  2.43043e-11
-9.95  40.05  4.85703e-11
-9.95  40.55  6.6627e-11
-9.95  41.05  4.57068e-11
-9.95  41.55  4.11562e-11
-9.95  42.05  6.96939e-11
-9.95  42.55  1.01851e-10
-9.95  43.05  1.06817e-10
-9.95  43.55  1.60346e-10
-9.95  44.05  3.89659e-10
-9.95  44.55  3.75387e-10
-9.95  45.05  2.20885e-10
-9.95  45.55  3.52898e-10
-9.95  46.05  3.76216e-10
-9.95  46.55  2.83553e-10
-9.95  47.05  2.44298e-10
-9.95  47.55  4.09256e-10
-9.95  48.05  2.43894e-10
-9.95  48.55  1.0849e-10
-9.95  49.05  3.57633e-11
-9.95  49.55  3.62725e-11
-9.95  50.05  2.28219e-11
-9.95  50.55  8.69364e-12
-9.95  51.05  5.41877e-12
-9.95  51.55  5.03325e-12
-9.95  52.05  9.13889e-12
-7.45  37.55  2.00592e-11
-7.45  38.05  9.75146e-12
-7.45  38.55  2.15138e-11
-7.45  39.05  3.0613e-11
-7.45  39.55  2.31275e-11
-7.45  40.05  4.0481e-11
-7.45  40.55  1.09363e-10
-7.45  41.05  9.52351e-11
-7.45  41.55  6.47435e-11
-7.45  42.05  1.22152e-10
-7.45  42.55  1.57012e-10
-7.45  43.05  1.78992e-10
-7.45  43.55  2.72302e-10
-7.45  44.05  4.58378e-10
-7.45  44.55  5.31591e-10
-7.45  45.05  3.55219e-10
-7.45  45.55  9.3773e-10
-7.45  46.05  7.32105e-10
-7.45  46.55  4.08152e-10
-7.45  47.05  3.02892e-10
-7.45  47.55  6.51824e-10
-7.45  48.05  4.5381e-10
-7.45  48.55  1.81631e-10
-7.45  49.05  5.92713e-11
-7.45  49.55  5.51785e-11
-7.45  50.05  3.57676e-11
-7.45  50.55  1.40937e-11
-7.45  51.05  7.77385e-12
-7.45  51.55  7.74356e-12
-7.45  52.05  2.13017e-11
-4.95  37.55  1.14486e-11
-4.95  38.05  1.35032e-11
-4.95  38.55  4.24543e-11
-4.95  39.05  2.68432e-11
-4.95  39.55  1.55155e-11
-4.95  40.05  3.68093e-11
-4.95  40.55  1.07266e-10
-4.95  41.05  7.33781e-11
-4.95  41.55  1.02448e-10
-4.95  42.05  2.98041e-10
-4.95  42.55  2.03603e-10
-4.95  43.05  2.08908e-10
-4.95  43.55  2.51191e-10
-4.95  44.05  4.01696e-10
-4.95  44.55  6.24394e-10
-4.95  45.05  4.52421e-10
-4.95  45.55  8.85389e-10
-4.95  46.05  7.34764e-10
-4.95  46.55  4.43878e-10
-4.95  47.05  2.9922e-10
-4.95  47.55  4.68045e-10
-4.95  48.05  4.76718e-10
-4.95  48.55  1.88908e-10
-4.95  49.05  5.41027e-11
-4.95  49.55  5.13252e-11
-4.95  50.05  3.24373e-11
-4.95  50.55  1.13869e-11
-4.95  51.05  5.90355e-12
-4.95  51.55  6.84388e-12
-4.95  52.05  1.60597e-11
-2.45  37.55  1.80749e-11
-2.45  38.05  2.13845e-11
-2.45  38.55  1.02418e-10
-2.45  39.05  9.55499e-11
-2.45  39.55  5.06557e-11
-2.45  40.05  6.93372e-11
-2.45  40.55  1.29748e-10
-2.45  41.05  7.61685e-11
-2.45  41.55  2.27527e-10
-2.45  42.05  5.97171e-10
-2.45  42.55  3.67628e-10
-2.45  43.05  3.60719e-10
-2.45  43.55  5.29335e-10
-2.45  44.05  6.55105e-10
-2.45  44.55  8.53419e-10
-2.45  45.05  7.34356e-10
-2.45  45.55  1.11731e-09
-2.45  46.05  8.97054e-10
-2.45  46.55  6.63631e-10
-2.45  47.05  3.72085e-10
-2.45  47.55  4.80603e-10
-2.45  48.05  5.60293e-10
-2.45  48.55  2.93704e-10
-2.45  49.05  8.13659e-11
-2.45  49.55  7.55781e-11
-2.45  50.05  4.55003e-11
-2.45  50.55  1.25945e-11
-2.45  51.05  6.24544e-12
-2.45  51.55  6.39133e-12
-2.45  52.05  1.54786e-11
0.05  37.55  1.69205e-11
0.05  38.05  1.82984e-11
0.05  38.55  8.2235e-11
0.05  39.05  1.28201e-10
0.05  39.55  1.05853e-10
0.05  40.05  1.01307e-10
0.05  40.55  1.03592e-10
0.05  41.05  7.82558e-11
0.05  41.55  2.36723e-10
0.05  42.05  6.5155e-10
0.05  42.55  5.40852e-10
0.05  43.05  4.72573e-10
0.05  43.55  4.82225e-10
0.05  44.05  6.13032e-10
0.05  44.55  6.92024e-10
0.05  45.05  4.34511e-10
0.05  45.55  1.14528e-09
0.05  46.05  1.49116e-09
0.05  46.55  1.33587e-09
0.05  47.05  5.26343e-10
0.05  47.55  5.88028e-10
0.05  48.05  4.8473e-10
0.05  48.55  3.03203e-10
0.05  49.05  1.06046e-10
0.05  49.55  1.06251e-10
0.05  50.05  7.3218e-11
0.05  50.55  1.58548e-11
0.05  51.05  5.95104e-12
0.05  51.55  4.80299e-12
0.05  52.05  1.04223e-11
2.55  37.55  1.74594e-11
2.55  38.05  1.54631e-11
2.55  38.55  7.86201e-11
2.55  39.05  1.48764e-10
2.55  39.55  1.51232e-10
2.55  40.05  1.67937e-10
2.55  40.55  1.05114e-10
2.55  41.05  7.06429e-11
2.55  41.55  4.02806e-10
2.55  42.05  1.20759e-09
2.55  42.55  9.95895e-10
2.55  43.05  6.18025e-10
2.55  43.55  7.01684e-10
2.55  44.05  9.25984e-10
2.55  44.55  8.01394e-10
2.55  45.05  4.35404e-10
2.55  45.55  1.62239e-09
2.55  46.05  2.22417e-09
2.55  46.55  1.7375e-09
2.55  47.05  7.8044e-10
2.55  47.55  8.97224e-10
2.55  48.05  7.22954e-10
2.55  48.55  4.17271e-10
2.55  49.05  1.4997e-10
2.55  49.55  1.74469e-10
2.55  50.05  1.43901e-10
2.55  50.55  3.4869e-11
2.55  51.05  8.3753e-12
2.55  51.55  6.88366e-12
2.55  52.05  1.34843e-11
5.05  37.55  1.03293e-11
5.05  38.05  1.21674e-11
5.05  38.55  7.80763e-11
5.05  39.05  1.19365e-10
5.05  39.55  9.06899e-11
5.05  40.05  1.40123e-10
5.05  40.55  6.56212e-11
5.05  41.05  3.19377e-11
5.05  41.55  4.79166e-10
5.05  42.05  1.02444e-09
5.05  42.55  9.16171e-10
5.05  43.05  6.65606e-10
5.05  43.55  4.90473e-10
5.05  44.05  8.97837e-10
5.05  44.55  1.04167e-09
5.05  45.05  6.67092e-10
5.05  45.55  1.39774e-09
5.05  46.05  1.67957e-09
5.05  46.55  1.2071e-09
5.05  47.05  6.2436e-10
5.05  47.55  8.9438e-10
5.05  48.05  8.89985e-10
5.05  48.55  4.74374e-10
5.05  49.05  1.63105e-10
5.05  49.55  1.95554e-10
5.05  50.05  1.32099e-10
5.05  50.55  3.71582e-11
5.05  51.05  9.34465e-12
5.05  51.55  9.43228e-12
5.05  52.05  2.70468e-11
7.55  37.55  2.2989e-11
7.55  38.05  2.82172e-11
7.55  38.55  1.66249e-10
7.55  39.05  1.96425e-10
7.55  39.55  1.01017e-10
7.55  40.05  2.9861e-10
7.55  40.55  3.66387e-10
7.55  41.05  3.08012e-10
7.55  41.55  6.48132e-10
7.55  42.05  1.27008e-09
7.55  42.55  1.1106e-09
7.55  43.05  8.88111e-10
7.55  43.55  5.68884e-10
7.55  44.05  2.48347e-09
7.55  44.55  3.52968e-09
7.55  45.05  1.06691e-09
7.55  45.55  1.80305e-09
7.55  46.05  1.82786e-09
7.55  46.55  1.44113e-09
7.55  47.05  9.65284e-10
7.55  47.55  1.12439e-09
7.55  48.05  1.25064e-09
7.55  48.55  6.4841e-10
7.55  49.05  2.77264e-10
7.55  49.55  3.42099e-10
7.55  50.05  1.44538e-10
7.55  50.55  3.77147e-11
7.55  51.05  1.17517e-11
7.55  51.55  9.94976e-12
7.55  52.05  1.50677e-11
10.05  37.55  2.01576e-11
10.05  38.05  2.63426e-11
10.05  38.55  1.59449e-10
10.05  39.05  1.91245e-10
10.05  39.55  1.09272e-10
10.05  40.05  2.78997e-10
10.05  40.55  8.87713e-10
10.05  41.05  8.5139e-10
10.05  41.55  4.90269e-10
10.05  42.05  9.69588e-10
10.05  42.55  9.26269e-10
10.05  43.05  7.0496e-10
10.05  43.55  6.72684e-10
10.05  44.05  1.48727e-09
10.05  44.55  2.1416e-09
10.05  45.05  1.16858e-09
10.05  45.55  2.35681e-09
10.05  46.05  2.35062e-09
10.05  46.55  1.69833e-09
10.05  47.05  9.43436e-10
10.05  47.55  1.01663e-09
10.05  48.05  1.13452e-09
10.05  48.55  6.91812e-10
10.05  49.05  4.11249e-10
10.05  49.55  3.7355e-10
10.05  50.05  1.41386e-10
10.05  50.55  3.59901e-11
10.05  51.05  1.12159e-11
10.05  51.55  9.32601e-12
10.05  52.05  1.92353e-11
12.55  37.55  4.60281e-11
12.55  38.05  5.19756e-11
12.55  38.55  2.38219e-10
12.55  39.05  2.19155e-10
12.55  39.55  8.87287e-11
12.55  40.05  3.14557e-10
12.55  40.55  7.35648e-10
12.55  41.05  4.26721e-10
12.55  41.55  4.36308e-10
12.55  42.05  1.07777e-09
12.55  42.55  1.09238e-09
12.55  43.05  7.39467e-10
12.55  43.55  7.12136e-10
12.55  44.05  1.01906e-09
12.55  44.55  1.24853e-09
12.55  45.05  1.22953e-09
12.55  45.55  2.60636e-09
12.55  46.05  3.82629e-09
12.55  46.55  2.16315e-09
12.55  47.05  1.24712e-09
12.55  47.55  1.39989e-09
12.55  48.05  1.26089e-09
12.55  48.55  7.56671e-10
12.55  49.05  7.54182e-10
12.55  49.55  6.80089e-10
12.55  50.05  2.29168e-10
12.55  50.55  5.78759e-11
12.55  51.05  1.46619e-11
12.55  51.55  1.4501e-11
12.55  52.05  5.66359e-11
15.05  37.55  6.34768e-11
15.05  38.05  5.00289e-11
15.05  38.55  1.78086e-10
15.05  39.05  1.75444e-10
15.05  39.55  9.75316e-11
15.05  40.05  1.74566e-10
15.05  40.55  5.7004e-10
15.05  41.05  3.05046e-10
15.05  41.55  2.3034e-10
15.05  42.05  8.20433e-10
15.05  42.55  1.03323e-09
15.05  43.05  7.78284e-10
15.05  43.55  7.06882e-10
15.05  44.05  1.10788e-09
15.05  44.55  1.27119e-09
15.05  45.05  8.75528e-10
15.05  45.55  1.34685e-09
15.05  46.05  2.62688e-09
15.05  46.55  1.61235e-09
15.05  47.05  9.85278e-10
15.05  47.55  1.47815e-09
15.05  48.05  2.05894e-09
15.05  48.55  1.13091e-09
15.05  49.05  3.85056e-10
15.05  49.55  5.59568e-10
15.05  50.05  1.85112e-10
15.05  50.55  4.89225e-11
15.05  51.05  1.12851e-11
15.05  51.55  1.28475e-11
15.05  52.05  4.61482e-11
17.55  37.55  1.42042e-10
17.55  38.05  5.97958e-11
17.55  38.55  1.23523e-10
17.55  39.05  2.13397e-10
17.55  39.55  2.00973e-10
17.55  40.05  3.92536e-10
17.55  40.55  9.06451e-10
17.55  41.05  3.56952e-10
17.55  41.55  2.60278e-10
17.55  42.05  1.06197e-09
17.55  42.55  1.28496e-09
17.55  43.05  1.12781e-09
17.55  43.55  9.43489e-10
17.55  44.05  1.46345e-09
17.55  44.55  1.75162e-09
17.55  45.05  1.0879e-09
17.55  45.55  7.59494e-10
17.55  46.05  1.90772e-09
17.55  46.55  1.87811e-09
17.55  47.05  1.12619e-09
17.55  47.55  1.57249e-09
17.55  48.05  3.38066e-09
17.55  48.55  1.71347e-09
17.55  49.05  3.21207e-10
17.55  49.55  5.22221e-10
17.55  50.05  2.2741e-10
17.55  50.55  5.78877e-11
17.55  51.05  1.17438e-11
17.55  51.55  9.26692e-12
17.55  52.05  2.09462e-11
20.05  37.55  3.62656e-10
20.05  38.05  5.99924e-11
20.05  38.55  6.07815e-11
20.05  39.05  1.55137e-10
20.05  39.55  1.61174e-10
20.05  40.05  4.13026e-10
20.05  40.55  6.83722e-10
20.05  41.05  3.00038e-10
20.05  41.55  4.04336e-10
20.05  42.05  1.62079e-09
20.05  42.55  1.2361e-09
20.05  43.05  1.11341e-09
20.05  43.55  1.049e-09
20.05  44.05  1.67756e-09
20.05  44.55  1.99561e-09
20.05  45.05  1.19986e-09
20.05  45.55  1.08964e-09
20.05  46.05  1.91145e-09
20.05  46.55  1.18884e-09
20.05  47.05  7.64674e-10
20.05  47.55  1.39373e-09
20.05  48.05  2.09073e-09
20.05  48.55  9.29469e-10
20.05  49.05  2.82167e-10
20.05  49.55  4.22467e-10
20.05  50.05  2.28174e-10
20.05  50.55  5.71298e-11
20.05  51.05  8.51554e-12
20.05  51.55  3.85583e-12
20.05  52.05  1.93888e-12
22.55  37.55  5.17092e-10
22.55  38.05  1.2483e-10
22.55  38.55  9.20703e-11
22.55  39.05  1.02286e-10
22.55  39.55  1.29404e-10
22.55  40.05  2.40828e-10
22.55  40.55  7.50833e-10
22.55  41.05  5.00382e-10
22.55  41.55  4.19551e-10
22.55  42.05  2.47181e-09
22.55  42.55  2.29323e-09
22.55  43.05  1.90923e-09
22.55  43.55  1.24489e-09
22.55  44.05  2.15065e-09
22.55  44.55  2.88657e-09
22.55  45.05  1.98305e-09
22.55  45.55  2.08134e-09
22.55  46.05  2.73774e-09
22.55  46.55  1.01956e-09
22.55  47.05  7.02763e-10
22.55  47.55  1.58771e-09
22.55  48.05  1.7535e-09
22.55  48.55  8.2506e-10
22.55  49.05  2.43575e-10
22.55  49.55  5.52318e-10
22.55  50.05  3.0573e-10
22.55  50.55  6.82747e-11
22.55  51.05  7.62385e-12
22.55  51.55  3.93595e-12
22.55  52.05  6.34031e-12
25.05  37.55  1.73957e-10
25.05  38.05  8.93395e-11
25.05  38.55  1.18737e-10
25.05  39.05  9.54371e-11
25.05  39.55  1.45618e-10
25.05  40.05  1.65461e-10
25.05  40.55  2.95829e-10
25.05  41.05  2.64222e-10
25.05  41.55  4.65659e-10
25.05  42.05  1.76279e-09
25.05  42.55  2.38266e-09
25.05  43.05  2.78461e-09
25.05  43.55  1.92681e-09
25.05  44.05  2.73377e-09
25.05  44.55  4.04857e-09
25.05  45.05  1.95751e-09
25.05  45.55  2.0355e-09
25.05  46.05  2.55039e-09
25.05  46.55  1.21941e-09
25.05  47.05  7.12612e-10
25.05  47.55  1.22899e-09
25.05  48.05  1.35674e-09
25.05  48.55  8.48473e-10
25.05  49.05  3.69685e-10
25.05  49.55  5.27796e-10
25.05  50.05  3.00361e-10
25.05  50.55  5.77065e-11
25.05  51.05  1.04191e-11
25.05  51.55  5.47074e-12
25.05  52.05  1.20072e-11
27.55  37.55  1.72832e-10
27.55  38.05  1.2213e-10
27.55  38.55  4.40595e-10
27.55  39.05  5.15624e-10
27.55  39.55  4.13571e-10
27.55  40.05  6.16386e-10
27.55  40.55  9.53794e-10
27.55  41.05  8.82099e-10
27.55  41.55  2.02057e-09
27.55  42.05  2.50054e-09
27.55  42.55  2.63861e-09
27.55  43.05  4.60283e-09
27.55  43.55  3.3678e-09
27.55  44.05  7.65665e-09
27.55  44.55  9.47586e-09
27.55  45.05  2.94582e-09
27.55  45.55  2.46567e-09
27.55  46.05  3.42946e-09
27.55  46.55  1.49516e-09
27.55  47.05  8.37953e-10
27.55  47.55  1.48884e-09
27.55  48.05  1.73871e-09
27.55  48.55  1.0591e-09
27.55  49.05  5.05647e-10
27.55  49.55  5.67152e-10
27.55  50.05  2.7346e-10
27.55  50.55  5.53787e-11
27.55  51.05  1.96003e-11
27.55  51.55  1.1097e-11
27.55  52.05  1.29277e-11
30.05  37.55  7.21587e-10
30.05  38.05  4.14082e-10
30.05  38.55  1.3069e-09
30.05  39.05  1.49716e-09
30.05  39.55  6.39549e-10
30.05  40.05  6.30141e-10
30.05  40.55  1.48319e-09
30.05  41.05  7.08454e-10
30.05  41.55  3.98978e-09
30.05  42.05  5.17295e-09
30.05  42.55  5.09428e-09
30.05  43.05  4.94526e-09
30.05  43.55  3.01626e-09
30.05  44.05  8.05547e-09
30.05  44.55  8.16603e-09
30.05  45.05  3.24906e-09
30.05  45.55  3.04299e-09
30.05  46.05  3.2383e-09
30.05  46.55  1.149e-09
30.05  47.05  6.81333e-10
30.05  47.55  1.08306e-09
30.05  48.05  1.20953e-09
30.05  48.55  7.76539e-10
30.05  49.05  2.40478e-10
30.05  49.55  2.55572e-10
30.05  50.05  1.57573e-10
30.05  50.55  3.93432e-11
30.05  51.05  1.33746e-11
30.05  51.55  7.43827e-12
30.05  52.05  1.13223e-11
32.55  37.55  2.68809e-09
32.55  38.05  1.12693e-09
32.55  38.55  3.54037e-09
32.55  39.05  3.90499e-09
32.55  39.55  9.7259e-10
32.55  40.05  2.46257e-09
32.55  40.55  7.50364e-09
32.55  41.05  4.30251e-09
32.55  41.55  6.98276e-09
32.55  42.05  1.68428e-08
32.55  42.55  1.53413e-08
32.55  43.05  8.2957e-09
32.55  43.55  4.55401e-09
32.55  44.05  9.2571e-09
32.55  44.55  8.55722e-09
32.55  45.05  3.88557e-09
32.55  45.55  5.17879e-09
32.55  46.05  4.23307e-09
32.55  46.55  1.44608e-09
32.55  47.05  8.23763e-10
32.55  47.55  1.06891e-09
32.55  48.05  1.13162e-09
32.55  48.55  7.09476e-10
32.55  49.05  1.63656e-10
32.55  49.55  1.48015e-10
32.55  50.05  1.38375e-10
32.55  50.55  5.22848e-11
32.55  51.05  1.54161e-11
32.55  51.55  7.83662e-12
32.55  52.05  1.17974e-11
35.05  37.55  4.4592e-09
35.05  38.05  1.46431e-09
35.05  38.55  3.98928e-09
35.05  39.05  5.04891e-09
35.05  39.55  2.32056e-09
35.05  40.05  6.67449e-09
35.05  40.55  1.90565e-08
35.05  41.05  2.11086e-08
35.05  41.55  1.21355e-08
35.05  42.05  2.27484e-08
35.05  42.55  1.3879e-08
35.05  43.05  1.07936e-08
35.05  43.55  5.07871e-09
35.05  44.05  7.25648e-09
35.05  44.55  7.37315e-09
35.05  45.05  3.46971e-09
35.05  45.55  5.27031e-09
35.05  46.05  5.24727e-09
35.05  46.55  2.59233e-09
35.05  47.05  1.16887e-09
35.05  47.55  8.87393e-10
35.05  48.05  7.58091e-10
35.05  48.55  4.81473e-10
35.05  49.05  1.36573e-10
35.05  49.55  1.31151e-10
35.05  50.05  1.19298e-10
35.05  50.55  4.73625e-11
35.05  51.05  1.27554e-11
35.05  51.55  6.38876e-12
35.05  52.05  5.61733e-12
37.55  37.55  4.47326e-09
37.55  38.05  1.69638e-09
37.55  38.55  3.52975e-09
37.55  39.05  7.57747e-09
37.55  39.55  9.37726e-09
37.55  40.05  2.12638e-08
37.55  40.55  4.60667e-08
37.55  41.05  4.10033e-08
37.55  41.55  1.63242e-08
37.55  42.05  2.73634e-08
37.55  42.55  2.0293e-08
37.55  43.05  1.48368e-08
37.55  43.55  6.26901e-09
37.55  44.05  9.36956e-09
37.55  44.55  8.99927e-09
37.55  45.05  4.46016e-09
37.55  45.55  7.61487e-09
37.55  46.05  7.23764e-09
37.55  46.55  3.93976e-09
37.55  47.05  1.83079e-09
37.55  47.55  1.3413e-09
37.55  48.05  1.00673e-09
37.55  48.55  6.05632e-10
37.55  49.05  1.72809e-10
37.55  49.55  1.47534e-10
37.55  50.05  1.30064e-10
37.55  50.55  5.81055e-11
37.55  51.05  1.49259e-11
37.55  51.55  1.03801e-11
37.55  52.05  1.62217e-11
40.05  37.55  3.12409e-09
40.05  38.05  1.51019e-09
40.05  38.55  2.63953e-09
40.05  39.05  1.03897e-08
40.05  39.55  2.10885e-08
40.05  40.05  5.93332e-08
40.05  40.55  5.60438e-08
40.05  41.05  2.58739e-08
40.05  41.55  2.03945e-08
40.05  42.05  2.98445e-08
40.05  42.55  2.70616e-08
40.05  43.05  1.68857e-08
40.05  43.55  6.49457e-09
40.05  44.05  1.20011e-08
40.05  44.55  9.92661e-09
40.05  45.05  3.90214e-09
40.05  45.55  6.77678e-09
40.05  46.05  7.00435e-09
40.05  46.55  3.12508e-09
40.05  47.05  1.65732e-09
40.05  47.55  1.27365e-09
40.05  48.05  9.21373e-10
40.05  48.55  5.2621e-10
40.05  49.05  1.49921e-10
40.05  49.55  1.15485e-10
40.05  50.05  9.52453e-11
40.05  50.55  4.16551e-11
40.05  51.05  1.50139e-11
40.05  51.55  1.20863e-11
40.05  52.05  3.00364e-11
42.55  37.55  5.52203e-09
42.55  38.05  2.24478e-09
42.55  38.55  3.46366e-09
42.55  39.05  1.25511e-08
42.55  39.55  3.11816e-08
42.55  40.05  1.67285e-07
42.55  40.55  2.62652e-07
42.55  41.05  1.70522e-07
42.55  41.55  3.72597e-08
42.55  42.05  3.65346e-08
42.55  42.55  3.84369e-08
42.55  43.05  2.26145e-08
42.55  43.55  8.72412e-09
42.55  44.05  2.42778e-08
42.55  44.55  1.39793e-08
42.55  45.05  5.28884e-09
42.55  45.55  8.42803e-09
42.55  46.05  6.68339e-09
42.55  46.55  3.80315e-09
42.55  47.05  2.28333e-09
42.55  47.55  1.5364e-09
42.55  48.05  1.22554e-09
42.55  48.55  6.23088e-10
42.55  49.05  1.67753e-10
42.55  49.55  1.39903e-10
42.55  50.05  9.75097e-11
42.55  50.55  4.12134e-11
42.55  51.05  2.18653e-11
42.55  51.55  2.0256e-11
42.55  52.05  7.74919e-11
45.05  37.55  6.96676e-09
45.05  38.05  2.71518e-09
45.05  38.55  5.06416e-09
45.05  39.05  1.14078e-08
45.05  39.55  3.55679e-08
45.05  40.05  1.94913e-07
45.05  40.55  5.50478e-07
45.05  41.05  4.75362e-07
45.05  41.55  6.9884e-08
45.05  42.05  7.40415e-08
45.05  42.55  7.48058e-08
45.05  43.05  3.21281e-08
45.05  43.55  1.43322e-08
45.05  44.05  2.06272e-08
45.05  44.55  8.72836e-09
45.05  45.05  6.47245e-09
45.05  45.55  7.30802e-09
45.05  46.05  4.70176e-09
45.05  46.55  3.34217e-09
45.05  47.05  1.41028e-09
45.05  47.55  1.28309e-09
45.05  48.05  1.2898e-09
45.05  48.55  6.23994e-10
45.05  49.05  1.57848e-10
45.05  49.55  1.36766e-10
45.05  50.05  8.05294e-11
45.05  50.55  3.64295e-11
45.05  51.05  1.80832e-11
45.05  51.55  1.86705e-11
45.05  52.05  8.1089e-11
47.55  37.55  9.02802e-09
47.55  38.05  3.98912e-09
47.55  38.55  1.65628e-08
47.55  39.05  5.66227e-08
47.55  39.55  7.23889e-08
47.55  40.05  3.02177e-07
47.55  40.55  7.1269e-07
47.55  41.05  4.54115e-07
47.55  41.55  1.39686e-07
47.55  42.05  1.98374e-07
47.55  42.55  1.30065e-07
47.55  43.05  4.44017e-08
47.55  43.55  3.30257e-08
47.55  44.05  1.89585e-08
47.55  44.55  1.21266e-08
47.55  45.05  1.17683e-08
47.55  45.55  9.64745e-09
47.55  46.05  7.06433e-09
47.55  46.55  3.02576e-09
47.55  47.05  9.92973e-10
47.55  47.55  1.31073e-09
47.55  48.05  1.90459e-09
47.55  48.55  9.38846e-10
47.55  49.05  2.15776e-10
47.55  49.55  1.68268e-10
47.55  50.05  1.19511e-10
47.55  50.55  4.23781e-11
47.55  51.05  1.9485e-11
47.55  51.55  1.64677e-11
47.55  52.05  4.6376e-11
50.05  37.55  8.36133e-09
50.05  38.05  6.17485e-09
50.05  38.55  2.12937e-08
50.05  39.05  9.13596e-08
50.05  39.55  8.38758e-08
50.05  40.05  2.34861e-07
50.05  40.55  6.94606e-07
50.05  41.05  4.34708e-07
50.05  41.55  1.69266e-07
50.05  42.05  2.33598e-07
50.05  42.55  1.48292e-07
50.05  43.05  1.11855e-07
50.05  43.55  4.73525e-08
50.05  44.05  3.89372e-08
50.05  44.55  3.43176e-08
50.05  45.05  1.60399e-08
50.05  45.55  7.92043e-09
50.05  46.05  7.99859e-09
50.05  46.55  2.47488e-09
50.05  47.05  1.09208e-09
50.05  47.55  1.50763e-09
50.05  48.05  1.86335e-09
50.05  48.55  7.83937e-10
50.05  49.05  1.96027e-10
50.05  49.55  1.37901e-10
50.05  50.05  1.24461e-10
50.05  50.55  3.99866e-11
50.05  51.05  1.9401e-11
50.05  51.55  1.39368e-11
50.05  52.05  1.98062e-11
52.55  37.55  1.35757e-08
52.55  38.05  1.32226e-08
52.55  38.55  4.40924e-08
52.55  39.05  1.31555e-07
52.55  39.55  2.19165e-07
52.55  40.05  2.63184e-07
52.55  40.55  7.20335e-07
52.55  41.05  7.35941e-07
52.55  41.55  4.53902e-07
52.55  42.05  4.13803e-07
52.55  42.55  2.91821e-07
52.55  43.05  3.4486e-07
52.55  43.55  9.72285e-08
52.55  44.05  1.0357e-07
52.55  44.55  7.42858e-08
52.55  45.05  2.4116e-08
52.55  45.55  9.374e-09
52.55  46.05  1.05234e-08
52.55  46.55  4.73797e-09
52.55  47.05  1.75547e-09
52.55  47.55  1.63116e-09
52.55  48.05  1.66382e-09
52.55  48.55  9.39208e-10
52.55  49.05  3.30707e-10
52.55  49.55  2.19433e-10
52.55  50.05  1.41735e-10
52.55  50.55  4.84795e-11
52.55  51.05  2.66598e-11
52.55  51.55  1.8308e-11
52.55  52.05  4.76236e-11
55.05  37.55  2.21569e-08
55.05  38.05  3.25429e-08
55.05  38.55  1.03883e-07
55.05  39.05  1.23749e-07
55.05  39.55  2.63337e-07
55.05  40.05  3.56317e-07
55.05  40.55  1.01699e-06
55.05  41.05  7.46383e-07
55.05  41.55  5.94279e-07
55.05  42.05  1.09956e-06
55.05  42.55  5.55056e-07
55.05  43.05  3.67354e-07
55.05  43.55  1.46961e-07
55.05  44.05  2.04607e-07
55.05  44.55  9.81418e-08
55.05  45.05  3.759e-08
55.05  45.55  1.20675e-08
55.05  46.05  1.15337e-08
55.05  46.55  6.26697e-09
55.05  47.05  1.49776e-09
55.05  47.55  1.13086e-09
55.05  48.05  1.23689e-09
55.05  48.55  7.71611e-10
55.05  49.05  2.36527e-10
55.05  49.55  2.22724e-10
55.05  50.05  1.23543e-10
55.05  50.55  4.67093e-11
55.05  51.05  2.84539e-11
55.05  51.55  1.73933e-11
55.05  52.05  4.4596e-11
57.55  37.55  4.63267e-08
57.55  38.05  4.09043e-08
57.55  38.55  1.98681e-07
57.55  39.05  4.44368e-07
57.55  39.55  8.42521e-07
57.55  40.05  1.51484e-06
57.55  40.55  4.36285e-06
57.55  41.05  3.01461e-06
57.55  41.55  1.57397e-06
57.55  42.05  2.70506e-06
57.55  42.55  1.12991e-06
57.55  43.05  4.86734e-07
57.55  43.55  2.65527e-07
57.55  44.05  2.83475e-07
57.55  44.55  1.81391e-07
57.55  45.05  7.32381e-08
57.55  45.55  2.13186e-08
57.55  46.05  2.46754e-08
57.55  46.55  9.92686e-09
57.55  47.05  1.66785e-09
57.55  47.55  1.45041e-09
57.55  48.05  1.42599e-09
57.55  48.55  8.13915e-10
57.55  49.05  2.30116e-10
57.55  49.55  2.72518e-10
57.55  50.05  1.61209e-10
57.55  50.55  5.63208e-11
57.55  51.05  3.77296e-11
57.55  51.55  3.39945e-11
57.55  52.05  1.03882e-10
60.05  37.55  1.1601e-07
60.05  38.05  6.5843e-08
60.05  38.55  2.62821e-07
60.05  39.05  4.77526e-07
60.05  39.55  7.08985e-07
60.05  40.05  2.6398e-06
60.05  40.55  4.38815e-06
60.05  41.05  3.17669e-06
60.05  41.55  1.86167e-06
60.05  42.05  2.54425e-06
60.05  42.55  1.3508e-06
60.05  43.05  9.51431e-07
60.05  43.55  3.70972e-07
60.05  44.05  2.60119e-07
60.05  44.55  1.82723e-07
60.05  45.05  5.80592e-08
60.05  45.55  2.59722e-08
60.05  46.05  2.59927e-08
60.05  46.55  9.27901e-09
60.05  47.05  1.63406e-09
60.05  47.55  1.12136e-09
60.05  48.05  9.64019e-10
60.05  48.55  6.80525e-10
60.05  49.05  1.98311e-10
60.05  49.55  2.1927e-10
60.05  50.05  1.46444e-10
60.05  50.55  5.22595e-11
60.05  51.05  3.12737e-11
60.05  51.55  3.63897e-11
60.05  52.05  1.62297e-10
62.55  37.55  2.86089e-07
62.55  38.05  1.41109e-07
62.55  38.55  5.39265e-07
62.55  39.05  7.25437e-07
62.55  39.55  4.68956e-07
62.55  40.05  3.6396e-06
62.55  40.55  5.21742e-06
62.55  41.05  3.62919e-06
62.55  41.55  2.42762e-06
62.55  42.05  3.8533e-06
62.55  42.55  3.32694e-06
62.55  43.05  2.1967e-06
62.55  43.55  5.05124e-07
62.55  44.05  4.5675e-07
62.55  44.55  2.93877e-07
62.55  45.05  4.61021e-08
62.55  45.55  2.80985e-08
62.55  46.05  3.33638e-08
62.55  46.55  1.3817e-08
62.55  47.05  2.46332e-09
62.55  47.55  1.51573e-09
62.55  48.05  1.2663e-09
62.55  48.55  7.91043e-10
62.55  49.05  2.05098e-10
62.55  49.55  2.19728e-10
62.55  50.05  1.62247e-10
62.55  50.55  7.47646e-11
62.55  51.05  3.40203e-11
62.55  51.55  4.14025e-11
62.55  52.05  2.62656e-10
65.05  37.55  2.47324e-07
65.05  38.05  1.24284e-07
65.05  38.55  6.22108e-07
65.05  39.05  8.64948e-07
65.05  39.55  8.7377e-07
65.05  40.05  3.19437e-06
65.05  40.55  5.27388e-06
65.05  41.05  4.83872e-06
65.05  41.55  3.32331e-06
65.05  42.05  2.9628e-06
65.05  42.55  3.02579e-06
65.05  43.05  1.83703e-06
65.05  43.55  4.73246e-07
65.05  44.05  4.62484e-07
65.05  44.55  3.40944e-07
65.05  45.05  8.39185e-08
65.05  45.55  4.21505e-08
65.05  46.05  3.35658e-08
65.05  46.55  1.10313e-08
65.05  47.05  2.30025e-09
65.05  47.55  1.60417e-09
65.05  48.05  1.06523e-09
65.05  48.55  6.03293e-10
65.05  49.05  1.80662e-10
65.05  49.55  1.67439e-10
65.05  50.05  1.13679e-10
65.05  50.55  5.78066e-11
65.05  51.05  3.14515e-11
65.05  51.55  3.67318e-11
65.05  52.05  2.53221e-10
67.55  37.55  7.60554e-07
67.55  38.05  4.26592e-07
67.55  38.55  1.10405e-06
67.55  39.05  1.30844e-06
67.55  39.55  1.33785e-06
67.55  40.05  3.95633e-06
67.55  40.55  8.62731e-06
67.55  41.05  9.99599e-06
67.55  41.55  5.19687e-06
67.55  42.05  4.53861e-06
67.55  42.55  3.01173e-06
67.55  43.05  1.62735e-06
67.55  43.55  6.58696e-07
67.55  44.05  4.77945e-07
67.55  44.55  4.70473e-07
67.55  45.05  3.16797e-07
67.55  45.55  7.26239e-08
67.55  46.05  3.8287e-08
67.55  46.55  1.25847e-08
67.55  47.05  2.5291e-09
67.55  47.55  1.95932e-09
67.55  48.05  1.37333e-09
67.55  48.55  6.7102e-10
67.55  49.05  2.04735e-10
67.55  49.55  2.07066e-10
67.55  50.05  1.27077e-10
67.55  50.55  5.74955e-11
67.55  51.05  3.57347e-11
67.55  51.55  3.33529e-11
67.55  52.05  2.02546e-10
70.05  37.55  1.52244e-06
70.05  38.05  9.20189e-07
70.05  38.55  2.44452e-06
70.05  39.05  1.85699e-06
70.05  39.55  1.95505e-06
70.05  40.05  7.72494e-06
70.05  40.55  1.27835e-05
70.05  41.05  8.78217e-06
70.05  41.55  3.19969e-06
70.05  42.05  3.0811e-06
70.05  42.55  2.24316e-06
70.05  43.05  1.76182e-06
70.05  43.55  6.38056e-07
70.05  44.05  5.39303e-07
70.05  44.55  3.2992e-07
70.05  45.05  1.9834e-07
70.05  45.55  5.35037e-08
70.05  46.05  2.4045e-08
70.05  46.55  8.8309e-09
70.05  47.05  2.00822e-09
70.05  47.55  1.41766e-09
70.05  48.05  1.25576e-09
70.05  48.55  6.20377e-10
70.05  49.05  1.61889e-10
70.05  49.55  1.97538e-10
70.05  50.05  1.14824e-10
70.05  50.55  5.258e-11
70.05  51.05  2.80096e-11
70.05  51.55  2.01414e-11
70.05  52.05  6.08702e-11
72.55  37.55  3.6685e-06
72.55  38.05  2.17692e-06
72.55  38.55  5.45051e-06
72.55  39.05  4.66229e-06
72.55  39.55  6.57928e-06
72.55  40.05  1.50423e-05
72.55  40.55  2.39926e-05
72.55  41.05  1.59601e-05
72.55  41.55  4.02786e-06
72.55  42.05  2.90022e-06
72.55  42.55  3.59598e-06
72.55  43.05  2.80417e-06
72.55  43.55  6.70761e-07
72.55  44.05  5.30157e-07
72.55  44.55  3.7207e-07
72.55  45.05  1.31267e-07
72.55  45.55  3.98968e-08
72.55  46.05  2.1975e-08
72.55  46.55  9.82343e-09
72.55  47.05  2.41115e-09
72.55  47.55  1.41968e-09
72.55  48.05  1.55722e-09
72.55  48.55  7.17304e-10
72.55  49.05  1.5281e-10
72.55  49.55  2.23811e-10
72.55  50.05  1.54089e-10
72.55  50.55  6.73293e-11
72.55  51.05  2.83698e-11
72.55  51.55  1.83132e-11
72.55  52.05  3.22543e-11
75.05  37.55  2.34065e-06
75.05  38.05  2.31086e-06
75.05  38.55  8.51024e-06
75.05  39.05  1.07851e-05
75.05  39.55  8.8073e-06
75.05  40.05  1.49797e-05
75.05  40.55  2.44958e-05
75.05  41.05  1.28028e-05
75.05  41.55  4.5246e-06
75.05  42.05  5.28308e-06
75.05  42.55  4.67648e-06
75.05  43.05  1.84757e-06
75.05  43.55  4.39271e-07
75.05  44.05  2.80551e-07
75.05  44.55  3.08763e-07
75.05  45.05  9.52304e-08
75.05  45.55  2.7356e-08
75.05  46.05  1.52302e-08
75.05  46.55  8.01057e-09
75.05  47.05  1.69336e-09
75.05  47.55  1.21412e-09
75.05  48.05  1.25378e-09
75.05  48.55  4.716e-10
75.05  49.05  1.41837e-10
75.05  49.55  1.61e-10
75.05  50.05  1.36385e-10
75.05  50.55  5.98813e-11
75.05  51.05  1.90126e-11
75.05  51.55  1.06587e-11
75.05  52.05  4.19227e-11
77.55  37.55  6.71521e-06
77.55  38.05  9.55185e-06
77.55  38.55  3.092e-05
77.55  39.05  2.63245e-05
77.55  39.55  9.36729e-06
77.55  40.05  2.36453e-05
77.55  40.55  3.13574e-05
77.55  41.05  2.0373e-05
77.55  41.55  8.03313e-06
77.55  42.05  8.25538e-06
77.55  42.55  5.9505e-06
77.55  43.05  1.81889e-06
77.55  43.55  3.9031e-07
77.55  44.05  2.73358e-07
77.55  44.55  2.65241e-07
77.55  45.05  8.67824e-08
77.55  45.55  2.23724e-08
77.55  46.05  1.44083e-08
77.55  46.55  6.85798e-09
77.55  47.05  1.74498e-09
77.55  47.55  1.48072e-09
77.55  48.05  1.16209e-09
77.55  48.55  4.58208e-10
77.55  49.05  1.8473e-10
77.55  49.55  1.9286e-10
77.55  50.05  1.39038e-10
77.55  50.55  6.79059e-11
77.55  51.05  2.11557e-11
77.55  51.55  1.52414e-11
77.55  52.05  2.79407e-11
80.05  37.55  1.95991e-05
80.05  38.05  1.50136e-05
80.05  38.55  3.33021e-05
80.05  39.05  3.12864e-05
80.05  39.55  1.41374e-05
80.05  40.05  2.22624e-05
80.05  40.55  2.64567e-05
80.05  41.05  1.7489e-05
80.05  41.55  8.35064e-06
80.05  42.05  6.51523e-06
80.05  42.55  5.26319e-06
80.05  43.05  2.13161e-06
80.05  43.55  4.63091e-07
80.05  44.05  3.61198e-07
80.05  44.55  2.88471e-07
80.05  45.05  9.24448e-08
80.05  45.55  1.71923e-08
80.05  46.05  1.06411e-08
80.05  46.55  4.13678e-09
80.05  47.05  1.52248e-09
80.05  47.55  9.7529e-10
80.05  48.05  8.14216e-10
80.05  48.55  3.87917e-10
80.05  49.05  1.40156e-10
80.05  49.55  1.85818e-10
80.05  50.05  1.03411e-10
80.05  50.55  4.81927e-11
80.05  51.05  1.59282e-11
80.05  51.55  1.27335e-11
80.05  52.05  2.28462e-11
82.55  37.55  3.42089e-05
82.55  38.05  2.11179e-05
82.55  38.55  4.24022e-05
82.55  39.05  5.19254e-05
82.55  39.55  3.36371e-05
82.55  40.05  3.38694e-05
82.55  40.55  3.47426e-05
82.55  41.05  2.27632e-05
82.55  41.55  1.00779e-05
82.55  42.05  7.06286e-06
82.55  42.55  5.59686e-06
82.55  43.05  2.35712e-06
82.55  43.55  7.77249e-07
82.55  44.05  6.1543e-07
82.55  44.55  4.6579e-07
82.55  45.05  1.03251e-07
82.55  45.55  1.33619e-08
82.55  46.05  9.32728e-09
82.55  46.55  4.26075e-09
82.55  47.05  1.83392e-09
82.55  47.55  1.05814e-09
82.55  48.05  7.73238e-10
82.55  48.55  4.32322e-10
82.55  49.05  1.43794e-10
82.55  49.55  2.33394e-10
82.55  50.05  1.42306e-10
82.55  50.55  4.1917e-11
82.55  51.05  1.50015e-11
82.55  51.55  1.49562e-11
82.55  52.05  4.51393e-11
85.05  37.55  7.18544e-05
85.05  38.05  2.87779e-05
85.05  38.55  4.72762e-05
85.05  39.05  6.47514e-05
85.05  39.55  4.86624e-05
85.05  40.05  6.09706e-05
85.05  40.55  4.80031e-05
85.05  41.05  3.19477e-05
85.05  41.55  1.16419e-05
85.05  42.05  9.45432e-06
85.05  42.55  8.39352e-06
85.05  43.05  2.41377e-06
85.05  43.55  7.49779e-07
85.05  44.05  7.48748e-07
85.05  44.55  4.48491e-07
85.05  45.05  1.06996e-07
85.05  45.55  1.62558e-08
85.05  46.05  8.27418e-09
85.05  46.55  4.24034e-09
85.05  47.05  1.26908e-09
85.05  47.55  8.2889e-10
85.05  48.05  5.83883e-10
85.05  48.55  3.60281e-10
85.05  49.05  1.39547e-10
85.05  49.55  1.9209e-10
85.05  50.05  1.22541e-10
85.05  50.55  2.55894e-11
85.05  51.05  1.17956e-11
85.05  51.55  1.53039e-11
85.05  52.05  5.91877e-11
87.55  37.55  0.000114503
87.55  38.05  5.3464e-05
87.55  38.55  0.000106736
87.55  39.05  0.000118348
87.55  39.55  5.01649e-05
87.55  40.05  8.25996e-05
87.55  40.55  0.00010529
87.55  41.05  6.84714e-05
87.55  41.55  1.50812e-05
87.55  42.05  2.46426e-05
87.55  42.55  1.70357e-05
87.55  43.05  3.69248e-06
87.55  43.55  9.51613e-07
87.55  44.05  8.04705e-07
87.55  44.55  4.72919e-07
87.55  45.05  1.52937e-07
87.55  45.55  2.71428e-08
87.55  46.05  1.45225e-08
87.55  46.55  5.65031e-09
87.55  47.05  1.47623e-09
87.55  47.55  8.05137e-10
87.55  48.05  5.43633e-10
87.55  48.55  3.92479e-10
87.55  49.05  1.762e-10
87.55  49.55  2.01427e-10
87.55  50.05  1.1219e-10
87.55  50.55  3.17142e-11
87.55  51.05  1.38417e-11
87.55  51.55  1.34937e-11
87.55  52.05  5.01101e-11
90.05  37.55  5.44887e-05
90.05  38.05  4.27008e-05
90.05  38.55  0.000107204
90.05  39.05  0.000102656
90.05  39.55  4.47815e-05
90.05  40.05  7.92982e-05
90.05  40.55  0.000124689
90.05  41.05  6.165e-05
90.05  41.55  2.10372e-05
90.05  42.05  2.18276e-05
90.05  42.55  1.14793e-05
90.05  43.05  2.98561e-06
90.05  43.55  7.01616e-07
90.05  44.05  5.6611e-07
90.05  44.55  2.8854e-07
90.05  45.05  9.37335e-08
90.05  45.55  2.50025e-08
90.05  46.05  1.65371e-08
90.05  46.55  5.38754e-09
90.05  47.05  1.37587e-09
90.05  47.55  6.2089e-10
90.05  48.05  4.79205e-10
90.05  48.55  3.00341e-10
90.05  49.05  1.25827e-10
90.05  49.55  1.35742e-10
90.05  50.05  7.46306e-11
90.05  50.55  2.94016e-11
90.05  51.05  1.18304e-11
90.05  51.55  8.28369e-12
90.05  52.05  1.39596e-11
92.55  37.55  8.81909e-05
92.55  38.05  5.31238e-05
92.55  38.55  0.000112734
92.55  39.05  0.000111966
92.55  39.55  9.16383e-05
92.55  40.05  0.000158098
92.55  40.55  0.000202853
92.55  41.05  6.78987e-05
92.55  41.55  2.74216e-05
92.55  42.05  1.98431e-05
92.55  42.55  1.11261e-05
92.55  43.05  5.09631e-06
92.55  43.55  6.61156e-07
92.55  44.05  5.09471e-07
92.55  44.55  2.1732e-07
92.55  45.05  6.02077e-08
92.55  45.55  2.68715e-08
92.55  46.05  1.63194e-08
92.55  46.55  5.90702e-09
92.55  47.05  1.33919e-09
92.55  47.55  7.83483e-10
92.55  48.05  6.36723e-10
92.55  48.55  3.18236e-10
92.55  49.05  9.96067e-11
92.55  49.55  1.18158e-10
92.55  50.05  7.86323e-11
92.55  50.55  3.00724e-11
92.55  51.05  1.24779e-11
92.55  51.55  1.10331e-11
92.55  52.05  3.17371e-11
95.05  37.55  4.99623e-05
95.05  38.05  2.89025e-05
95.05  38.55  0.000107637
95.05  39.05  0.00016924
95.05  39.55  0.00011895
95.05  40.05  0.000200295
95.05  40.55  0.000189851
95.05  41.05  6.52276e-05
95.05  41.55  2.20227e-05
95.05  42.05  2.18221e-05
95.05  42.55  1.13465e-05
95.05  43.05  5.5573e-06
95.05  43.55  7.4393e-07
95.05  44.05  3.90573e-07
95.05  44.55  1.69489e-07
95.05  45.05  6.41244e-08
95.05  45.55  1.72487e-08
95.05  46.05  1.11019e-08
95.05  46.55  4.52568e-09
95.05  47.05  9.8683e-10
95.05  47.55  5.96512e-10
95.05  48.05  4.87973e-10
95.05  48.55  2.29732e-10
95.05  49.05  6.55663e-11
95.05  49.55  7.89923e-11
95.05  50.05  6.11272e-11
95.05  50.55  2.35549e-11
95.05  51.05  9.54186e-12
95.05  51.55  1.07106e-11
95.05  52.05  3.99798e-11
97.55  37.55  1.67362e-05
97.55  38.05  1.59707e-05
97.55  38.55  0.000206534
97.55  39.05  0.000396726
97.55  39.55  0.000190837
97.55  40.05  0.000201091
97.55  40.55  0.000213869
97.55  41.05  8.71973e-05
97.55  41.55  2.5758e-05
97.55  42.05  3.48225e-05
97.55  42.55  1.05742e-05
97.55  43.05  5.00848e-06
97.55  43.55  1.15246e-06
97.55  44.05  4.68546e-07
97.55  44.55  2.05188e-07
97.55  45.05  9.79985e-08
97.55  45.55  1.30193e-08
97.55  46.05  8.41672e-09
97.55  46.55  3.85069e-09
97.55  47.05  7.82405e-10
97.55  47.55  5.45091e-10
97.55  48.05  3.98158e-10
97.55  48.55  2.50108e-10
97.55  49.05  5.65421e-11
97.55  49.55  5.97454e-11
97.55  50.05  5.25146e-11
97.55  50.55  2.53591e-11
97.55  51.05  9.45427e-12
97.55  51.55  7.14562e-12
97.55  52.05  1.7583e-11
100.05  37.55  4.80889e-06
100.05  38.05  1.79521e-05
100.05  38.55  0.000177452
100.05  39.05  0.000233285
100.05  39.55  0.000100379
100.05  40.05  0.000125178
100.05  40.55  0.000176521
100.05  41.05  8.1589e-05
100.05  41.55  2.47043e-05
100.05  42.05  1.87825e-05
100.05  42.55  6.66617e-06
100.05  43.05  4.44401e-06
100.05  43.55  9.20972e-07
100.05  44.05  5.02346e-07
100.05  44.55  1.86443e-07
100.05  45.05  5.73211e-08
100.05  45.55  1.01086e-08
100.05  46.05  5.38984e-09
100.05  46.55  2.39591e-09
100.05  47.05  5.97718e-10
100.05  47.55  3.87678e-10
100.05  48.05  2.50062e-10
100.05  48.55  2.00855e-10
100.05  49.05  4.16933e-11
100.05  49.55  3.85088e-11
100.05  50.05  3.92372e-11
100.05  50.55  2.14517e-11
100.05  51.05  7.56748e-12
100.05  51.55  3.84363e-12
100.05  52.05  6.61055e-12
102.55  37.55  5.31005e-05
102.55  38.05  7.23594e-05
102.55  38.55  0.000242853
102.55  39.05  0.000144535
102.55  39.55  8.6161e-05
102.55  40.05  9.14533e-05
102.55  40.55  0.00014511
102.55  41.05  9.3276e-05
102.55  41.55  2.55196e-05
102.55  42.05  1.73683e-05
102.55  42.55  7.07427e-06
102.55  43.05  4.06114e-06
102.55  43.55  5.61319e-07
102.55  44.05  3.92647e-07
102.55  44.55  2.23043e-07
102.55  45.05  6.90113e-08
102.55  45.55  1.07174e-08
102.55  46.05  3.30027e-09
102.55  46.55  2.02105e-09
102.55  47.05  6.002e-10
102.55  47.55  3.06708e-10
102.55  48.05  1.97399e-10
102.55  48.55  1.31777e-10
102.55  49.05  4.14857e-11
102.55  49.55  4.1898e-11
102.55  50.05  3.83253e-11
102.55  50.55  2.02945e-11
102.55  51.05  8.03031e-12
102.55  51.55  5.35574e-12
102.55  52.05  1.69975e-11
105.05  37.55  6.74908e-05
105.05  38.05  5.74435e-05
105.05  38.55  0.000153179
105.05  39.05  0.000239965
105.05  39.55  0.000111907
105.05  40.05  9.75379e-05
105.05  40.55  0.000103856
105.05  41.05  6.35256e-05
105.05  41.55  1.90422e-05
105.05  42.05  1.13109e-05
105.05  42.55  5.04677e-06
105.05  43.05  2.66323e-06
105.05  43.55  4.60593e-07
105.05  44.05  2.08734e-07
105.05  44.55  1.4328e-07
105.05  45.05  4.21536e-08
105.05  45.55  4.56447e-09
105.05  46.05  1.73434e-09
105.05  46.55  1.56767e-09
105.05  47.05  4.67712e-10
105.05  47.55  2.10598e-10
105.05  48.05  1.54822e-10
105.05  48.55  8.40129e-11
105.05  49.05  2.85644e-11
105.05  49.55  3.30871e-11
105.05  50.05  2.74278e-11
105.05  50.55  1.3186e-11
105.05  51.05  6.45811e-12
105.05  51.55  6.27866e-12
105.05  52.05  2.18978e-11
107.55  37.55  5.01617e-05
107.55  38.05  5.00139e-05
107.55  38.55  0.000177468
107.55  39.05  0.000370081
107.55  39.55  0.000152503
107.55  40.05  0.000165622
107.55  40.55  0.00014405
107.55  41.05  6.18072e-05
107.55  41.55  1.48033e-05
107.55  42.05  7.51893e-06
107.55  42.55  4.01116e-06
107.55  43.05  1.64828e-06
107.55  43.55  3.76341e-07
107.55  44.05  1.54018e-07
107.55  44.55  9.77121e-08
107.55  45.05  2.35588e-08
107.55  45.55  2.50679e-09
107.55  46.05  2.30089e-09
107.55  46.55  1.96927e-09
107.55  47.05  4.63361e-10
107.55  47.55  1.74661e-10
107.55  48.05  1.56421e-10
107.55  48.55  7.84938e-11
107.55  49.05  2.67593e-11
107.55  49.55  3.25465e-11
107.55  50.05  2.83867e-11
107.55  50.55  1.30179e-11
107.55  51.05  7.66817e-12
107.55  51.55  6.81054e-12
107.55  52.05  1.45752e-11
110.05  37.55  4.17901e-05
110.05  38.05  4.52479e-05
110.05  38.55  0.000143499
110.05  39.05  0.000362989
110.05  39.55  0.000165121
110.05  40.05  0.000114254
110.05  40.55  0.00012435
110.05  41.05  5.11787e-05
110.05  41.55  9.00133e-06
110.05  42.05  2.95175e-06
110.05  42.55  1.18437e-06
110.05  43.05  5.27017e-07
110.05  43.55  1.5261e-07
110.05  44.05  9.34707e-08
110.05  44.55  5.67355e-08
110.05  45.05  1.66436e-08
110.05  45.55  2.24308e-09
110.05  46.05  1.9126e-09
110.05  46.55  1.21148e-09
110.05  47.05  2.98442e-10
110.05  47.55  1.12938e-10
110.05  48.05  1.01319e-10
110.05  48.55  4.69554e-11
110.05  49.05  1.79389e-11
110.05  49.55  2.67526e-11
110.05  50.05  2.39154e-11
110.05  50.55  1.0866e-11
110.05  51.05  6.46053e-12
110.05  51.55  5.20584e-12
110.05  52.05  2.14054e-11
112.55  37.55  6.03478e-05
112.55  38.05  6.25466e-05
112.55  38.55  0.000211374
112.55  39.05  0.00040184
112.55  39.55  0.000195561
112.55  40.05  6.93124e-05
112.55  40.55  7.29408e-05
112.55  41.05  2.93431e-05
112.55  41.55  7.40334e-06
112.55  42.05  2.01563e-06
112.55  42.55  7.58643e-07
112.55  43.05  2.56616e-07
112.55  43.55  7.43316e-08
112.55  44.05  9.93179e-08
112.55  44.55  6.27795e-08
112.55  45.05  1.77214e-08
112.55  45.55  2.999e-09
112.55  46.05  2.18131e-09
112.55  46.55  9.90901e-10
112.55  47.05  2.85664e-10
112.55  47.55  8.44529e-11
112.55  48.05  3.70273e-11
112.55  48.55  1.30444e-11
112.55  49.05  1.46999e-11
112.55  49.55  2.43644e-11
112.55  50.05  2.49196e-11
112.55  50.55  1.05472e-11
112.55  51.05  7.42606e-12
112.55  51.55  8.16784e-12
112.55  52.05  4.35476e-11
115.05  37.55  3.81936e-05
115.05  38.05  3.45383e-05
115.05  38.55  0.000144866
115.05  39.05  0.000209545
115.05  39.55  6.42453e-05
115.05  40.05  3.46045e-05
115.05  40.55  5.23484e-05
115.05  41.05  2.27483e-05
115.05  41.55  4.73305e-06
115.05  42.05  1.1993e-06
115.05  42.55  5.06758e-07
115.05  43.05  1.67645e-07
115.05  43.55  4.9499e-08
115.05  44.05  6.78456e-08
115.05  44.55  5.08088e-08
115.05  45.05  1.61179e-08
115.05  45.55  2.82327e-09
115.05  46.05  2.47887e-09
115.05  46.55  1.027e-09
115.05  47.05  2.06788e-10
115.05  47.55  4.82722e-11
115.05  48.05  1.08466e-11
115.05  48.55  2.77719e-12
115.05  49.05  7.35489e-12
115.05  49.55  1.49964e-11
115.05  50.05  1.78936e-11
115.05  50.55  7.25564e-12
115.05  51.05  5.24216e-12
115.05  51.55  7.14095e-12
115.05  52.05  4.56913e-11
117.55  37.55  2.9952e-05
117.55  38.05  2.70257e-05
117.55  38.55  0.000126834
117.55  39.05  0.000182185
117.55  39.55  3.80319e-05
117.55  40.05  2.42515e-05
117.55  40.55  5.46807e-05
117.55  41.05  2.86985e-05
117.55  41.55  3.60464e-06
117.55  42.05  6.99847e-07
117.55  42.55  4.22147e-07
117.55  43.05  1.52368e-07
117.55  43.55  5.05682e-08
117.55  44.05  6.39671e-08
117.55  44.55  5.80862e-08
117.55  45.05  2.06344e-08
117.55  45.55  3.55803e-09
117.55  46.05  4.36815e-09
117.55  46.55  1.79703e-09
117.55  47.05  2.65118e-10
117.55  47.55  4.3937e-11
117.55  48.05  9.04038e-12
117.55  48.55  2.52242e-12
117.55  49.05  6.8952e-12
117.55  49.55  1.71301e-11
117.55  50.05  1.99808e-11
117.55  50.55  8.24279e-12
117.55  51.05  5.9689e-12
117.55  51.55  7.92788e-12
117.55  52.05  5.01942e-11
120.05  37.55  3.94647e-05
120.05  38.05  3.98397e-05
120.05  38.55  0.000150867
120.05  39.05  0.000196245
120.05  39.55  2.40749e-05
120.05  40.05  1.60552e-05
120.05  40.55  8.69392e-05
120.05  41.05  5.91535e-05
120.05  41.55  2.89345e-06
120.05  42.05  3.29819e-07
120.05  42.55  3.21316e-07
120.05  43.05  1.45251e-07
120.05  43.55  6.93238e-08
120.05  44.05  6.59334e-08
120.05  44.55  6.19992e-08
120.05  45.05  3.8021e-08
120.05  45.55  6.90079e-09
120.05  46.05  1.09618e-08
120.05  46.55  4.37339e-09
120.05  47.05  4.971e-10
120.05  47.55  6.32287e-11
120.05  48.05  1.11822e-11
120.05  48.55  2.9897e-12
120.05  49.05  9.2449e-12
120.05  49.55  2.74907e-11
120.05  50.05  3.1612e-11
120.05  50.55  1.30991e-11
120.05  51.05  8.62592e-12
120.05  51.55  1.10842e-11
120.05  52.05  1.3479e-10
122.55  38.05  3.2075e-05
122.55  40.05  3.20618e-05
122.55  40.55  7.73306e-05
122.55  41.05  0.000254813
122.55  41.55  6.62212e-06
122.55  42.55  7.07559e-07
122.55  43.05  8.08371e-07
122.55  43.55  3.09493e-07
122.55  44.55  1.19893e-07
122.55  45.05  4.71509e-08
122.55  45.55  6.75784e-09
122.55  46.05  4.24087e-09
122.55  46.55  1.03184e-08
122.55  47.05  2.18536e-09
122.55  47.55  8.34139e-10
122.55  48.05  6.63409e-11
122.55  49.05  5.9217e-12
122.55  49.55  6.8455e-11
122.55  50.05  4.06679e-11
122.55  50.55  3.39894e-11
122.55  51.05  8.82926e-12
122.55  51.55  5.04525e-11
