Residue Name,Residue Number,Binding Free Energy (kcal/mol),VDW Energy (kcal/mol)
PRO   1,1,-0.0681,-0.0002
ILE   2,2,-0.0005,-0.0004
VAL   3,3,0.0003,-0.0004
GLN   4,4,-0.0014,-0.0001
ASN   5,5,0.0012,-0.0000
LEU   6,6,0.0005,-0.0002
GLN   7,7,0.0007,-0.0001
GLY   8,8,0.0006,0.0000
GLN   9,9,-0.0007,-0.0001
MET  10,10,0.0005,-0.0000
VAL  11,11,0.0002,-0.0001
HID  12,12,-0.0007,-0.0003
GLN  13,13,-0.0004,-0.0004
ALA  14,14,0.0002,-0.0002
ILE  15,15,-0.0005,-0.0005
SER  16,16,-0.0021,-0.0005
PRO  17,17,-0.0019,-0.0005
ARG  18,18,-0.0440,-0.0011
THR  19,19,-0.0047,-0.0012
LEU  20,20,-0.0056,-0.0013
ASN  21,21,-0.0059,-0.0015
ALA  22,22,-0.0116,-0.0023
TRP  23,23,-0.0305,-0.0096
VAL  24,24,-0.0165,-0.0048
LYS  25,25,-0.0266,-0.0119
VAL  26,26,-0.1106,-0.0264
VAL  27,27,-0.0592,-0.0256
GLU  28,28,-0.1060,-0.0456
GLU  29,29,-0.3260,-0.1266
LYS  30,30,0.5169,-0.5205
ALA  31,31,-0.9062,-0.4957
PHE  32,32,-0.4519,-2.2228
SER  33,33,-0.8257,-1.9222
PRO  34,34,-2.4514,-2.2950
GLU  35,35,0.8158,-0.6220
VAL  36,36,-0.0751,-0.0915
ILE  37,37,-0.0830,-0.0574
PRO  38,38,-0.0760,-0.0712
MET  39,39,-0.0318,-0.0318
PHE  40,40,-0.0082,-0.0094
SER  41,41,-0.0079,-0.0042
ALA  42,42,-0.0013,-0.0027
LEU  43,43,-0.0013,-0.0039
SER  44,44,0.0026,-0.0014
GLU  45,45,0.0690,-0.0013
GLY  46,46,-0.0003,-0.0002
ALA  47,47,0.0010,-0.0006
THR  48,48,-0.0026,-0.0005
PRO  49,49,-0.0014,-0.0003
GLN  50,50,-0.0012,-0.0003
ASP  51,51,0.0644,-0.0006
LEU  52,52,-0.0040,-0.0011
ASN  53,53,-0.0021,-0.0005
THR  54,54,-0.0021,-0.0005
MET  55,55,-0.0026,-0.0020
LEU  56,56,-0.0061,-0.0021
ASN  57,57,-0.0017,-0.0009
THR  58,58,-0.0004,-0.0012
VAL  59,59,-0.0079,-0.0036
ALA  60,60,-0.0021,-0.0013
PRO  61,61,-0.0022,-0.0025
HID  62,62,-0.0023,-0.0102
GLN  63,63,-0.0026,-0.0043
ALA  64,64,0.0030,-0.0075
ALA  65,65,0.0025,-0.0082
ALA  66,66,-0.0003,-0.0028
GLN  67,67,-0.0033,-0.0038
MET  68,68,-0.0100,-0.0143
LEU  69,69,-0.0006,-0.0058
LYS  70,70,-0.0534,-0.0019
GLU  71,71,0.0584,-0.0025
THR  72,72,0.0004,-0.0034
ILE  73,73,0.0001,-0.0018
ASN  74,74,-0.0011,-0.0010
GLU  75,75,0.0856,-0.0016
GLU  76,76,0.0914,-0.0016
ALA  77,77,-0.0002,-0.0005
ALA  78,78,-0.0007,-0.0004
GLU  79,79,0.0929,-0.0010
TRP  80,80,0.0002,-0.0007
ASP  81,81,0.0556,-0.0002
ARG  82,82,-0.0753,-0.0005
LEU  83,83,-0.0010,-0.0003
HID  84,84,-0.0012,-0.0003
PRO  85,85,0.0008,-0.0002
VAL  86,86,0.0004,0.0000
HID  87,87,-0.0007,-0.0001
ALA  88,88,0.0001,0.0000
GLY  89,89,0.0010,0.0000
PRO  90,90,0.0004,0.0000
ILE  91,91,-0.0016,0.0000
ALA  92,92,0.0010,0.0000
PRO  93,93,0.0003,-0.0000
GLY  94,94,0.0009,0.0000
GLN  95,95,-0.0013,-0.0001
MET  96,96,0.0003,-0.0002
ARG  97,97,-0.0617,0.0000
GLU  98,98,0.0672,-0.0001
PRO  99,99,-0.0006,-0.0003
ARG 100,100,-0.0524,-0.0004
GLY 101,101,0.0009,-0.0002
SER 102,102,0.0004,-0.0004
ASP 103,103,0.0561,-0.0002
ILE 104,104,0.0003,-0.0005
ALA 105,105,-0.0006,-0.0004
GLY 106,106,-0.0009,-0.0002
THR 107,107,0.0002,-0.0002
THR 108,108,-0.0004,-0.0002
SER 109,109,-0.0007,-0.0000
THR 110,110,0.0012,-0.0002
LEU 111,111,0.0011,-0.0001
GLN 112,112,0.0029,-0.0001
GLU 113,113,0.0718,0.0000
GLN 114,114,0.0009,-0.0003
ILE 115,115,-0.0005,-0.0001
GLY 116,116,0.0001,0.0000
TRP 117,117,-0.0003,-0.0004
MET 118,118,-0.0005,-0.0004
THR 119,119,-0.0009,-0.0001
HID 120,120,-0.0004,-0.0001
ASN 121,121,0.0002,-0.0001
PRO 122,122,0.0002,0.0000
PRO 123,123,-0.0005,-0.0001
ILE 124,124,0.0001,-0.0002
PRO 125,125,-0.0003,-0.0003
VAL 126,126,-0.0005,-0.0003
GLY 127,127,0.0001,-0.0003
GLU 128,128,0.0785,-0.0009
ILE 129,129,0.0018,-0.0009
TYR 130,130,-0.0009,-0.0015
LYS 131,131,-0.0757,-0.0022
ARG 132,132,-0.0930,-0.0030
TRP 133,133,0.0009,-0.0027
ILE 134,134,-0.0031,-0.0044
ILE 135,135,-0.0030,-0.0105
LEU 136,136,0.0007,-0.0086
GLY 137,137,-0.0024,-0.0062
LEU 138,138,-0.0229,-0.0301
ASN 139,139,-0.0146,-0.0571
LYS 140,140,-0.1501,-0.0350
ILE 141,141,-0.1603,-0.0847
VAL 142,142,-0.4300,-1.0162
ARG 143,143,-3.5590,-1.2544
MET 144,144,-0.0497,-0.1473
TYR 145,145,-0.7131,-1.5106
SER 146,146,0.2124,-1.8359
PRO 147,147,-0.4503,-0.4223
THR 148,148,0.5411,-2.7403
SER 149,149,-4.2694,-3.5902
ILE 150,150,-10.7794,-8.3645
LEU 151,151,-5.4937,-2.2695
ASP 152,152,-0.8482,-2.5204
ILE 153,153,-2.5480,-2.5667
ARG 154,154,-0.8002,-0.2920
GLN 155,155,-0.0131,-0.0291
GLY 156,156,-0.0095,-0.0085
PRO 157,157,-0.0082,-0.0054
LYS 158,158,0.0055,-0.0038
GLU 159,159,-0.1946,-0.0242
PRO 160,160,-0.0191,-0.0072
PHE 161,161,-0.0280,-0.0134
ARG 162,162,0.0048,-0.0124
ASP 163,163,-0.1048,-0.0294
TYR 164,164,-0.1464,-0.0993
VAL 165,165,-0.0878,-0.0417
ASP 166,166,-0.3998,-0.1471
ARG 167,167,0.2297,-0.7762
PHE 168,168,-1.2698,-1.0944
TYR 169,169,-0.1669,-0.2088
LYS 170,170,-0.4691,-2.2839
THR 171,171,-2.6541,-2.7958
LEU 172,172,-0.8595,-0.9564
ARG 173,173,-4.5613,-3.9316
ALA 174,174,-1.5144,-3.2940
GLU 175,175,1.9556,-1.7915
GLN 176,176,-1.7217,-2.3530
ALA 177,177,-0.1164,-0.1483
SER 178,178,-0.0619,-0.0402
GLN 179,179,-0.0336,-0.0301
GLU 180,180,0.0344,-0.0126
VAL 181,181,-0.0554,-0.0549
LYS 182,182,-0.1468,-0.0945
ASN 183,183,-0.0188,-0.0147
TRP 184,184,-0.0375,-0.0443
MET 185,185,-0.5337,-0.6851
THR 186,186,-0.0318,-0.0340
GLU 187,187,-0.0036,-0.0093
THR 188,188,-0.0146,-0.0199
LEU 189,189,-0.6642,-0.6688
LEU 190,190,-0.0281,-0.0765
VAL 191,191,-0.0118,-0.0129
GLN 192,192,-0.0962,-0.0271
ASN 193,193,-1.2225,-0.2528
ALA 194,194,-0.0063,-0.0106
ASN 195,195,0.0048,-0.0059
PRO 196,196,-0.0029,-0.0025
ASP 197,197,-0.0199,-0.0016
CYX 198,198,-0.0028,-0.0026
LYS 199,199,0.0193,-0.0046
THR 200,200,0.0007,-0.0008
ILE 201,201,0.0005,-0.0011
LEU 202,202,0.0005,-0.0019
LYS 203,203,0.0128,-0.0009
ALA 204,204,0.0011,-0.0002
LEU 205,205,0.0013,-0.0007
GLY 206,206,-0.0011,-0.0004
PRO 207,207,0.0000,-0.0006
GLY 208,208,0.0007,-0.0005
ALA 209,209,-0.0015,-0.0007
THR 210,210,-0.0007,-0.0013
LEU 211,211,-0.0049,-0.0048
GLU 212,212,-0.0141,-0.0022
GLU 213,213,-0.0050,-0.0011
MET 214,214,-0.0032,-0.0030
MET 215,215,-0.0077,-0.0048
THR 216,216,-0.0016,-0.0012
ALA 217,217,0.0004,-0.0009
CYX 218,218,-0.0066,-0.0022
GLN 219,219,-0.0041,-0.0023
GLY 220,220,-0.0008,-0.0012
VAL 221,221,-0.0025,-0.0012
