Residue Name,Residue Number,Binding Free Energy (kcal/mol),VDW Energy (kcal/mol)
PRO   1,1,-0.0690,-0.0002
ILE   2,2,-0.0007,-0.0003
VAL   3,3,-0.0001,-0.0001
GLN   4,4,-0.0006,-0.0003
ASN   5,5,0.0012,-0.0001
LEU   6,6,0.0003,-0.0000
GLN   7,7,0.0005,-0.0001
GLY   8,8,0.0005,0.0000
GLN   9,9,0.0001,-0.0001
MET  10,10,-0.0002,-0.0002
VAL  11,11,-0.0006,-0.0001
HID  12,12,-0.0002,-0.0002
GLN  13,13,0.0003,-0.0003
ALA  14,14,-0.0004,-0.0003
ILE  15,15,-0.0014,-0.0010
SER  16,16,0.0001,-0.0006
PRO  17,17,-0.0015,-0.0007
ARG  18,18,-0.0721,-0.0013
THR  19,19,-0.0025,-0.0014
LEU  20,20,-0.0021,-0.0015
ASN  21,21,-0.0032,-0.0017
ALA  22,22,-0.0084,-0.0026
TRP  23,23,-0.0214,-0.0101
VAL  24,24,-0.0073,-0.0036
LYS  25,25,-0.0720,-0.0087
VAL  26,26,-0.0382,-0.0239
VAL  27,27,-0.0189,-0.0105
GLU  28,28,0.0457,-0.0084
GLU  29,29,0.0386,-0.0146
LYS  30,30,-0.0510,-0.0735
ALA  31,31,-0.0570,-0.0374
PHE  32,32,-0.0758,-0.0890
SER  33,33,-0.0151,-0.3737
PRO  34,34,-1.7248,-2.4305
GLU  35,35,1.9306,0.5807
VAL  36,36,-0.0253,-0.0687
ILE  37,37,-0.1346,-0.1563
PRO  38,38,-0.0518,-0.0703
MET  39,39,-0.0054,-0.0220
PHE  40,40,-0.0083,-0.0127
SER  41,41,-0.0043,-0.0078
ALA  42,42,-0.0006,-0.0039
LEU  43,43,-0.0023,-0.0044
SER  44,44,-0.0010,-0.0022
GLU  45,45,0.0646,-0.0022
GLY  46,46,0.0009,-0.0003
ALA  47,47,-0.0002,-0.0007
THR  48,48,-0.0024,-0.0005
PRO  49,49,-0.0020,-0.0006
GLN  50,50,0.0001,-0.0005
ASP  51,51,0.0686,-0.0008
LEU  52,52,-0.0025,-0.0017
ASN  53,53,-0.0036,-0.0008
THR  54,54,-0.0033,-0.0008
MET  55,55,-0.0035,-0.0026
LEU  56,56,-0.0044,-0.0027
ASN  57,57,-0.0015,-0.0010
THR  58,58,-0.0016,-0.0019
VAL  59,59,-0.0033,-0.0040
ALA  60,60,0.0002,-0.0012
PRO  61,61,-0.0010,-0.0018
HID  62,62,-0.0062,-0.0059
GLN  63,63,-0.0007,-0.0027
ALA  64,64,-0.0005,-0.0042
ALA  65,65,-0.0013,-0.0059
ALA  66,66,-0.0013,-0.0023
GLN  67,67,-0.0046,-0.0032
MET  68,68,-0.0162,-0.0166
LEU  69,69,-0.0044,-0.0074
LYS  70,70,-0.0728,-0.0022
GLU  71,71,0.0979,-0.0036
THR  72,72,-0.0054,-0.0073
ILE  73,73,-0.0026,-0.0030
ASN  74,74,-0.0044,-0.0014
GLU  75,75,0.0898,-0.0024
GLU  76,76,0.0951,-0.0043
ALA  77,77,-0.0010,-0.0006
ALA  78,78,-0.0012,-0.0005
GLU  79,79,0.0913,-0.0016
TRP  80,80,-0.0011,-0.0012
ASP  81,81,0.0741,-0.0003
ARG  82,82,-0.0875,-0.0009
LEU  83,83,-0.0012,-0.0008
HID  84,84,0.0001,-0.0005
PRO  85,85,-0.0002,-0.0002
VAL  86,86,0.0000,-0.0002
HID  87,87,-0.0005,-0.0000
ALA  88,88,-0.0001,-0.0000
GLY  89,89,0.0014,-0.0001
PRO  90,90,0.0004,0.0000
ILE  91,91,-0.0016,-0.0000
ALA  92,92,0.0009,0.0000
PRO  93,93,0.0007,0.0000
GLY  94,94,0.0004,-0.0000
GLN  95,95,-0.0007,-0.0001
MET  96,96,-0.0012,-0.0001
ARG  97,97,-0.0844,-0.0000
GLU  98,98,0.0804,-0.0002
PRO  99,99,-0.0001,-0.0003
ARG 100,100,-0.0771,-0.0002
GLY 101,101,0.0005,-0.0003
SER 102,102,0.0000,-0.0001
ASP 103,103,0.0811,-0.0002
ILE 104,104,-0.0008,-0.0008
ALA 105,105,-0.0004,-0.0003
GLY 106,106,-0.0003,-0.0002
THR 107,107,-0.0005,-0.0003
THR 108,108,-0.0004,-0.0002
SER 109,109,-0.0009,-0.0002
THR 110,110,0.0009,-0.0002
LEU 111,111,0.0009,-0.0001
GLN 112,112,0.0004,0.0000
GLU 113,113,0.0839,-0.0002
GLN 114,114,0.0001,-0.0002
ILE 115,115,-0.0003,-0.0002
GLY 116,116,-0.0006,-0.0001
TRP 117,117,-0.0009,-0.0004
MET 118,118,-0.0003,-0.0004
THR 119,119,-0.0008,-0.0001
HID 120,120,-0.0002,-0.0001
ASN 121,121,0.0003,0.0000
PRO 122,122,-0.0000,-0.0003
PRO 123,123,0.0007,-0.0003
ILE 124,124,-0.0005,-0.0005
PRO 125,125,-0.0008,-0.0006
VAL 126,126,-0.0011,-0.0006
GLY 127,127,-0.0008,-0.0006
GLU 128,128,0.0638,-0.0022
ILE 129,129,-0.0013,-0.0017
TYR 130,130,-0.0007,-0.0026
LYS 131,131,-0.0657,-0.0048
ARG 132,132,-0.1020,-0.0094
TRP 133,133,-0.0026,-0.0066
ILE 134,134,-0.0029,-0.0088
ILE 135,135,-0.0123,-0.0425
LEU 136,136,-0.0627,-0.0643
GLY 137,137,-0.0103,-0.0177
LEU 138,138,-0.0626,-0.0699
ASN 139,139,-0.3006,-0.8285
LYS 140,140,-0.2858,-0.1783
ILE 141,141,-0.0746,-0.0836
VAL 142,142,-1.0689,-1.2080
ARG 143,143,-6.3606,-1.8941
MET 144,144,-0.1070,-0.1085
TYR 145,145,-0.1943,-0.2060
SER 146,146,-0.0017,-1.3209
PRO 147,147,-1.0669,-2.1885
THR 148,148,0.5282,-0.8106
SER 149,149,-0.6955,-2.6513
ILE 150,150,-11.1372,-9.1686
LEU 151,151,-5.8897,-2.1729
ASP 152,152,-0.5843,-1.6488
ILE 153,153,-2.8444,-2.5046
ARG 154,154,-0.3790,-0.1419
GLN 155,155,-0.0036,-0.0194
GLY 156,156,0.0027,-0.0052
PRO 157,157,-0.0046,-0.0036
LYS 158,158,-0.1258,-0.0027
GLU 159,159,0.2271,-0.0143
PRO 160,160,0.0118,-0.0050
PHE 161,161,0.0179,-0.0102
ARG 162,162,-0.1092,-0.0095
ASP 163,163,0.1239,-0.0151
TYR 164,164,0.0711,-0.0783
VAL 165,165,0.0071,-0.0338
ASP 166,166,0.1093,-0.0647
ARG 167,167,-0.3685,-0.3637
PHE 168,168,-1.0495,-1.3503
TYR 169,169,-0.3163,-0.2635
LYS 170,170,-0.3988,-0.7930
THR 171,171,-1.6548,-3.0805
LEU 172,172,-1.1902,-1.1842
ARG 173,173,-7.7447,-1.4887
ALA 174,174,-1.9909,-2.5385
GLU 175,175,4.4301,-1.2613
GLN 176,176,-1.0990,-2.4445
ALA 177,177,-0.1315,-0.1249
SER 178,178,-0.0521,-0.0367
GLN 179,179,-0.0569,-0.0496
GLU 180,180,0.1367,-0.0141
VAL 181,181,-0.0298,-0.0481
LYS 182,182,-0.1562,-0.1753
ASN 183,183,-0.0151,-0.0190
TRP 184,184,-0.0254,-0.0416
MET 185,185,-0.3895,-0.6354
THR 186,186,-0.0155,-0.0377
GLU 187,187,0.1150,-0.0100
THR 188,188,-0.0241,-0.0172
LEU 189,189,-0.7201,-0.7224
LEU 190,190,-0.0096,-0.0655
VAL 191,191,0.0090,-0.0112
GLN 192,192,-0.0952,-0.0218
ASN 193,193,-1.4892,-0.2506
ALA 194,194,-0.0157,-0.0093
ASN 195,195,0.0029,-0.0037
PRO 196,196,-0.0000,-0.0022
ASP 197,197,0.1129,-0.0011
CYX 198,198,-0.0101,-0.0016
LYS 199,199,-0.1715,-0.0033
THR 200,200,-0.0014,-0.0006
ILE 201,201,-0.0046,-0.0010
LEU 202,202,-0.0084,-0.0026
LYS 203,203,-0.1119,-0.0009
ALA 204,204,-0.0026,-0.0002
LEU 205,205,-0.0045,-0.0013
GLY 206,206,0.0008,-0.0005
PRO 207,207,-0.0029,-0.0010
GLY 208,208,-0.0028,-0.0009
ALA 209,209,-0.0003,-0.0016
THR 210,210,0.0008,-0.0033
LEU 211,211,-0.0080,-0.0140
GLU 212,212,0.0786,-0.0046
GLU 213,213,0.0879,-0.0023
MET 214,214,-0.0004,-0.0051
MET 215,215,-0.0055,-0.0067
THR 216,216,-0.0039,-0.0016
ALA 217,217,-0.0053,-0.0010
CYX 218,218,-0.0037,-0.0015
GLN 219,219,0.0016,-0.0014
GLY 220,220,0.0062,-0.0008
VAL 221,221,0.1193,-0.0019
