Residue Name,Residue Number,Binding Free Energy (kcal/mol),VDW Energy (kcal/mol)
PRO   1,1,-0.0522,-0.0005
ILE   2,2,-0.0008,-0.0006
VAL   3,3,-0.0006,-0.0004
GLN   4,4,-0.0006,-0.0003
ASN   5,5,0.0020,-0.0002
LEU   6,6,0.0008,-0.0002
GLN   7,7,0.0008,-0.0001
GLY   8,8,0.0007,0.0000
GLN   9,9,-0.0005,-0.0002
MET  10,10,-0.0008,-0.0002
VAL  11,11,0.0005,-0.0001
HID  12,12,-0.0008,-0.0003
GLN  13,13,-0.0006,-0.0003
ALA  14,14,-0.0005,-0.0002
ILE  15,15,-0.0005,-0.0008
SER  16,16,-0.0017,-0.0005
PRO  17,17,-0.0013,-0.0003
ARG  18,18,-0.0328,-0.0014
THR  19,19,-0.0034,-0.0014
LEU  20,20,-0.0034,-0.0011
ASN  21,21,-0.0014,-0.0012
ALA  22,22,-0.0068,-0.0020
TRP  23,23,-0.0157,-0.0079
VAL  24,24,-0.0040,-0.0021
LYS  25,25,-0.0206,-0.0058
VAL  26,26,-0.0239,-0.0129
VAL  27,27,-0.0111,-0.0063
GLU  28,28,0.0227,-0.0056
GLU  29,29,-0.0406,-0.0184
LYS  30,30,0.3129,-0.1147
ALA  31,31,-0.0352,-0.0220
PHE  32,32,-0.0359,-0.0547
SER  33,33,0.0029,-0.3510
PRO  34,34,-1.5224,-2.0707
GLU  35,35,2.9576,-0.3607
VAL  36,36,-0.0391,-0.0764
ILE  37,37,-0.3266,-0.3819
PRO  38,38,-0.2101,-0.2299
MET  39,39,-0.0575,-0.0724
PHE  40,40,-0.0090,-0.0168
SER  41,41,-0.0017,-0.0146
ALA  42,42,0.0019,-0.0064
LEU  43,43,-0.0006,-0.0054
SER  44,44,0.0027,-0.0027
GLU  45,45,0.0442,-0.0027
GLY  46,46,-0.0012,-0.0006
ALA  47,47,0.0007,-0.0008
THR  48,48,-0.0015,-0.0006
PRO  49,49,-0.0015,-0.0008
GLN  50,50,-0.0008,-0.0004
ASP  51,51,0.0523,-0.0006
LEU  52,52,-0.0009,-0.0016
ASN  53,53,-0.0012,-0.0008
THR  54,54,-0.0025,-0.0007
MET  55,55,-0.0026,-0.0022
LEU  56,56,-0.0020,-0.0018
ASN  57,57,-0.0008,-0.0007
THR  58,58,-0.0037,-0.0012
VAL  59,59,-0.0038,-0.0027
ALA  60,60,0.0002,-0.0008
PRO  61,61,0.0001,-0.0009
HID  62,62,-0.0066,-0.0035
GLN  63,63,0.0004,-0.0014
ALA  64,64,0.0029,-0.0018
ALA  65,65,0.0035,-0.0030
ALA  66,66,0.0018,-0.0014
GLN  67,67,0.0007,-0.0017
MET  68,68,0.0001,-0.0075
LEU  69,69,-0.0008,-0.0053
LYS  70,70,-0.0612,-0.0016
GLU  71,71,0.0945,-0.0018
THR  72,72,0.0008,-0.0041
ILE  73,73,-0.0001,-0.0021
ASN  74,74,-0.0047,-0.0008
GLU  75,75,0.1103,-0.0016
GLU  76,76,0.1393,-0.0028
ALA  77,77,-0.0004,-0.0004
ALA  78,78,-0.0024,-0.0004
GLU  79,79,0.1334,-0.0015
TRP  80,80,0.0001,-0.0013
ASP  81,81,0.0748,-0.0002
ARG  82,82,-0.1119,-0.0011
LEU  83,83,-0.0020,-0.0009
HID  84,84,0.0007,-0.0006
PRO  85,85,0.0000,-0.0002
VAL  86,86,0.0001,-0.0001
HID  87,87,-0.0005,-0.0001
ALA  88,88,-0.0005,-0.0001
GLY  89,89,0.0007,-0.0000
PRO  90,90,-0.0003,0.0000
ILE  91,91,-0.0001,-0.0001
ALA  92,92,0.0003,-0.0000
PRO  93,93,0.0002,0.0000
GLY  94,94,-0.0000,0.0000
GLN  95,95,-0.0003,-0.0001
MET  96,96,-0.0007,-0.0001
ARG  97,97,-0.0582,-0.0001
GLU  98,98,0.0680,-0.0001
PRO  99,99,0.0010,-0.0002
ARG 100,100,-0.0699,-0.0003
GLY 101,101,-0.0003,-0.0002
SER 102,102,-0.0004,-0.0004
ASP 103,103,0.0606,-0.0004
ILE 104,104,-0.0026,-0.0008
ALA 105,105,-0.0024,-0.0006
GLY 106,106,-0.0015,-0.0003
THR 107,107,-0.0011,-0.0003
THR 108,108,-0.0000,-0.0002
SER 109,109,-0.0020,-0.0002
THR 110,110,0.0013,-0.0001
LEU 111,111,0.0009,-0.0001
GLN 112,112,0.0011,-0.0001
GLU 113,113,0.0585,-0.0002
GLN 114,114,0.0007,-0.0003
ILE 115,115,0.0008,-0.0003
GLY 116,116,0.0005,-0.0001
TRP 117,117,0.0003,-0.0004
MET 118,118,-0.0004,-0.0005
THR 119,119,-0.0002,-0.0001
HID 120,120,-0.0015,-0.0003
ASN 121,121,-0.0004,-0.0003
PRO 122,122,-0.0017,-0.0003
PRO 123,123,0.0017,-0.0003
ILE 124,124,-0.0017,-0.0004
PRO 125,125,0.0004,-0.0008
VAL 126,126,0.0011,-0.0005
GLY 127,127,0.0007,-0.0006
GLU 128,128,0.0709,-0.0028
ILE 129,129,0.0018,-0.0022
TYR 130,130,0.0021,-0.0024
LYS 131,131,-0.0657,-0.0060
ARG 132,132,-0.1461,-0.0128
TRP 133,133,-0.0013,-0.0057
ILE 134,134,0.0000,-0.0082
ILE 135,135,-0.0287,-0.0574
LEU 136,136,-0.0068,-0.0311
GLY 137,137,0.0042,-0.0113
LEU 138,138,-0.0795,-0.0810
ASN 139,139,-0.7401,-0.4272
LYS 140,140,-0.2080,-0.0461
ILE 141,141,-0.0510,-0.0442
VAL 142,142,-0.8406,-0.8335
ARG 143,143,-1.8321,-0.3606
MET 144,144,-0.0385,-0.0338
TYR 145,145,-0.0884,-0.0964
SER 146,146,-0.1162,-0.3275
PRO 147,147,-1.0489,-1.2408
THR 148,148,0.5523,-2.1241
SER 149,149,-3.0829,-2.9847
ILE 150,150,-11.2073,-9.0754
LEU 151,151,-6.0387,-2.1468
ASP 152,152,-0.0399,-2.0602
ILE 153,153,-2.6507,-2.5285
ARG 154,154,-0.2303,-0.1365
GLN 155,155,-0.0009,-0.0186
GLY 156,156,0.0102,-0.0047
PRO 157,157,-0.0027,-0.0034
LYS 158,158,-0.0404,-0.0024
GLU 159,159,0.0689,-0.0116
PRO 160,160,0.0096,-0.0038
PHE 161,161,0.0136,-0.0088
ARG 162,162,0.0115,-0.0062
ASP 163,163,-0.0103,-0.0107
TYR 164,164,0.0529,-0.0783
VAL 165,165,0.0015,-0.0286
ASP 166,166,-0.0232,-0.0355
ARG 167,167,-0.3144,-0.2763
PHE 168,168,-1.2526,-1.3592
TYR 169,169,-0.1578,-0.1628
LYS 170,170,-0.1165,-0.3050
THR 171,171,-1.4250,-2.2946
LEU 172,172,-1.0383,-1.0914
ARG 173,173,-6.1735,-1.5726
ALA 174,174,-0.0136,-1.8149
GLU 175,175,3.7980,-1.4529
GLN 176,176,-0.1415,-2.1576
ALA 177,177,-0.1095,-0.1160
SER 178,178,-0.0458,-0.0389
GLN 179,179,-0.0245,-0.0285
GLU 180,180,0.0421,-0.0151
VAL 181,181,-0.0746,-0.0858
LYS 182,182,-0.0720,-0.0585
ASN 183,183,-0.0107,-0.0129
TRP 184,184,-0.0351,-0.0502
MET 185,185,-0.5078,-0.7427
THR 186,186,-0.0160,-0.0269
GLU 187,187,0.0227,-0.0087
THR 188,188,-0.0317,-0.0207
LEU 189,189,-0.6502,-0.6321
LEU 190,190,-0.0131,-0.0666
VAL 191,191,0.0126,-0.0099
GLN 192,192,-0.0889,-0.0204
ASN 193,193,-0.9272,-0.1908
ALA 194,194,-0.0049,-0.0080
ASN 195,195,0.0061,-0.0041
PRO 196,196,-0.0009,-0.0016
ASP 197,197,0.0259,-0.0011
CYX 198,198,-0.0086,-0.0018
LYS 199,199,-0.0649,-0.0037
THR 200,200,-0.0028,-0.0007
ILE 201,201,-0.0036,-0.0007
LEU 202,202,-0.0045,-0.0019
LYS 203,203,-0.0187,-0.0005
ALA 204,204,-0.0014,-0.0002
LEU 205,205,-0.0015,-0.0008
GLY 206,206,-0.0005,-0.0003
PRO 207,207,-0.0013,-0.0003
GLY 208,208,-0.0006,-0.0004
ALA 209,209,-0.0003,-0.0008
THR 210,210,0.0000,-0.0013
LEU 211,211,-0.0000,-0.0054
GLU 212,212,-0.0183,-0.0017
GLU 213,213,0.0020,-0.0010
MET 214,214,-0.0021,-0.0028
MET 215,215,-0.0064,-0.0038
THR 216,216,-0.0026,-0.0008
ALA 217,217,-0.0023,-0.0008
CYX 218,218,-0.0034,-0.0015
GLN 219,219,0.0053,-0.0012
GLY 220,220,-0.0017,-0.0006
VAL 221,221,0.0210,-0.0009
