Residue Name,Residue Number,Binding Free Energy (kcal/mol),VDW Energy (kcal/mol)
PRO   1,1,-0.0299,-0.0005
ILE   2,2,-0.0019,-0.0005
VAL   3,3,0.0001,-0.0003
GLN   4,4,-0.0012,-0.0004
ASN   5,5,0.0004,-0.0002
LEU   6,6,0.0003,0.0000
GLN   7,7,0.0001,-0.0001
GLY   8,8,0.0002,-0.0002
GLN   9,9,-0.0007,-0.0002
MET  10,10,0.0002,-0.0002
VAL  11,11,-0.0004,-0.0001
HID  12,12,-0.0007,-0.0005
GLN  13,13,0.0001,-0.0004
ALA  14,14,0.0003,-0.0003
ILE  15,15,0.0011,-0.0010
SER  16,16,-0.0033,-0.0004
PRO  17,17,-0.0030,-0.0004
ARG  18,18,-0.0175,-0.0008
THR  19,19,-0.0035,-0.0009
LEU  20,20,-0.0038,-0.0011
ASN  21,21,-0.0024,-0.0009
ALA  22,22,-0.0024,-0.0009
TRP  23,23,-0.0122,-0.0071
VAL  24,24,-0.0029,-0.0019
LYS  25,25,-0.0088,-0.0021
VAL  26,26,-0.0148,-0.0063
VAL  27,27,-0.0014,-0.0070
GLU  28,28,-0.0066,-0.0046
GLU  29,29,-0.0478,-0.0102
LYS  30,30,0.0969,-0.0392
ALA  31,31,-0.0499,-0.0175
PHE  32,32,-0.0993,-0.0699
SER  33,33,-0.1158,-0.2066
PRO  34,34,-1.1514,-2.1381
GLU  35,35,0.6025,0.0579
VAL  36,36,-0.0224,-0.0740
ILE  37,37,-0.3135,-0.4783
PRO  38,38,-0.1149,-0.3198
MET  39,39,0.0199,-0.0309
PHE  40,40,0.0209,-0.0211
SER  41,41,0.0163,-0.0185
ALA  42,42,0.0087,-0.0059
LEU  43,43,0.0098,-0.0043
SER  44,44,0.0090,-0.0037
GLU  45,45,-0.0074,-0.0034
GLY  46,46,0.0014,-0.0008
ALA  47,47,0.0040,-0.0011
THR  48,48,-0.0058,-0.0008
PRO  49,49,-0.0043,-0.0009
GLN  50,50,-0.0018,-0.0006
ASP  51,51,0.0241,-0.0010
LEU  52,52,-0.0077,-0.0028
ASN  53,53,-0.0051,-0.0011
THR  54,54,-0.0014,-0.0011
MET  55,55,-0.0059,-0.0033
LEU  56,56,-0.0053,-0.0031
ASN  57,57,-0.0003,-0.0012
THR  58,58,-0.0044,-0.0018
VAL  59,59,-0.0034,-0.0066
ALA  60,60,-0.0056,-0.0030
PRO  61,61,-0.0022,-0.0028
HID  62,62,-0.0109,-0.0042
GLN  63,63,-0.0012,-0.0019
ALA  64,64,0.0016,-0.0027
ALA  65,65,-0.0012,-0.0050
ALA  66,66,-0.0007,-0.0024
GLN  67,67,-0.0004,-0.0031
MET  68,68,-0.0094,-0.0163
LEU  69,69,-0.0032,-0.0106
LYS  70,70,-0.0479,-0.0032
GLU  71,71,0.0779,-0.0043
THR  72,72,0.0006,-0.0137
ILE  73,73,-0.0014,-0.0058
ASN  74,74,-0.0038,-0.0021
GLU  75,75,0.1134,-0.0053
GLU  76,76,0.1268,-0.0108
ALA  77,77,-0.0008,-0.0015
ALA  78,78,-0.0029,-0.0011
GLU  79,79,0.1122,-0.0036
TRP  80,80,-0.0014,-0.0027
ASP  81,81,0.0632,-0.0008
ARG  82,82,-0.1091,-0.0023
LEU  83,83,-0.0030,-0.0021
HID  84,84,-0.0014,-0.0012
PRO  85,85,-0.0017,-0.0004
VAL  86,86,0.0003,-0.0002
HID  87,87,0.0003,-0.0002
ALA  88,88,-0.0004,0.0000
GLY  89,89,0.0008,0.0000
PRO  90,90,0.0003,-0.0000
ILE  91,91,-0.0014,0.0000
ALA  92,92,0.0012,-0.0001
PRO  93,93,0.0002,-0.0000
GLY  94,94,0.0004,-0.0001
GLN  95,95,-0.0012,-0.0001
MET  96,96,-0.0005,-0.0002
ARG  97,97,-0.0609,-0.0003
GLU  98,98,0.0653,-0.0004
PRO  99,99,-0.0003,-0.0005
ARG 100,100,-0.0636,-0.0008
GLY 101,101,-0.0022,-0.0006
SER 102,102,-0.0008,-0.0004
ASP 103,103,0.0521,-0.0006
ILE 104,104,-0.0045,-0.0015
ALA 105,105,-0.0017,-0.0009
GLY 106,106,0.0002,-0.0003
THR 107,107,-0.0004,-0.0004
THR 108,108,0.0001,-0.0002
SER 109,109,-0.0012,-0.0001
THR 110,110,0.0012,-0.0002
LEU 111,111,0.0003,-0.0004
GLN 112,112,0.0020,-0.0000
GLU 113,113,0.0637,-0.0003
GLN 114,114,-0.0001,-0.0006
ILE 115,115,-0.0012,-0.0002
GLY 116,116,-0.0004,-0.0002
TRP 117,117,-0.0006,-0.0005
MET 118,118,0.0001,-0.0007
THR 119,119,-0.0007,-0.0003
HID 120,120,-0.0009,-0.0001
ASN 121,121,-0.0002,-0.0002
PRO 122,122,-0.0004,-0.0004
PRO 123,123,-0.0000,-0.0007
ILE 124,124,-0.0013,-0.0009
PRO 125,125,-0.0039,-0.0016
VAL 126,126,-0.0043,-0.0013
GLY 127,127,-0.0082,-0.0014
GLU 128,128,-0.0043,-0.0054
ILE 129,129,-0.0115,-0.0053
TYR 130,130,-0.0134,-0.0053
LYS 131,131,-0.0099,-0.0128
ARG 132,132,0.0591,-0.1020
TRP 133,133,-0.0266,-0.0181
ILE 134,134,-0.0151,-0.0190
ILE 135,135,-0.2650,-0.2765
LEU 136,136,-0.2691,-0.2952
GLY 137,137,0.0063,-0.0273
LEU 138,138,-0.0343,-0.0863
ASN 139,139,-0.6380,-1.5699
LYS 140,140,-0.2997,-0.1365
ILE 141,141,-0.0598,-0.0730
VAL 142,142,-0.9426,-0.9540
ARG 143,143,-10.6954,-1.9247
MET 144,144,-0.0679,-0.0851
TYR 145,145,-0.1089,-0.1341
SER 146,146,0.5660,-0.8424
PRO 147,147,-0.4556,-0.5632
THR 148,148,-0.4089,-3.0621
SER 149,149,-3.2679,-3.0911
ILE 150,150,-9.7208,-8.0565
LEU 151,151,-5.9567,-2.2853
ASP 152,152,-0.8023,-2.2203
ILE 153,153,-2.4937,-2.5970
ARG 154,154,-0.5177,-0.2548
GLN 155,155,-0.0074,-0.0269
GLY 156,156,-0.0018,-0.0101
PRO 157,157,-0.0067,-0.0073
LYS 158,158,-0.0661,-0.0045
GLU 159,159,-0.0035,-0.0232
PRO 160,160,-0.0018,-0.0062
PHE 161,161,0.0016,-0.0107
ARG 162,162,-0.0164,-0.0132
ASP 163,163,-0.0127,-0.0186
TYR 164,164,0.0110,-0.0830
VAL 165,165,-0.0156,-0.0304
ASP 166,166,-0.0886,-0.0613
ARG 167,167,0.2606,-0.5078
PHE 168,168,-0.7233,-0.8333
TYR 169,169,-0.3198,-0.2144
LYS 170,170,-0.2575,-0.8332
THR 171,171,-1.3758,-2.5844
LEU 172,172,-0.9495,-1.0165
ARG 173,173,-3.5959,-2.1881
ALA 174,174,-2.3741,-2.4377
GLU 175,175,8.0993,-2.0819
GLN 176,176,-0.4123,-2.3440
ALA 177,177,-0.1142,-0.1349
SER 178,178,-0.0530,-0.0400
GLN 179,179,-0.0311,-0.0246
GLU 180,180,0.0341,-0.0154
VAL 181,181,-0.0631,-0.0794
LYS 182,182,-0.0076,-0.0875
ASN 183,183,-0.0128,-0.0164
TRP 184,184,-0.0467,-0.0645
MET 185,185,-0.5564,-0.8369
THR 186,186,-0.0172,-0.0437
GLU 187,187,0.0330,-0.0112
THR 188,188,-0.0474,-0.0251
LEU 189,189,-0.6749,-0.6094
LEU 190,190,-0.0123,-0.0585
VAL 191,191,0.0062,-0.0102
GLN 192,192,-0.0528,-0.0189
ASN 193,193,-0.4196,-0.0937
ALA 194,194,-0.0101,-0.0083
ASN 195,195,-0.0003,-0.0047
PRO 196,196,-0.0013,-0.0025
ASP 197,197,0.0663,-0.0012
CYX 198,198,-0.0060,-0.0016
LYS 199,199,-0.0887,-0.0041
THR 200,200,-0.0009,-0.0009
ILE 201,201,-0.0027,-0.0010
LEU 202,202,-0.0057,-0.0025
LYS 203,203,-0.0631,-0.0013
ALA 204,204,-0.0014,-0.0002
LEU 205,205,-0.0032,-0.0010
GLY 206,206,-0.0006,-0.0006
PRO 207,207,-0.0015,-0.0014
GLY 208,208,-0.0015,-0.0006
ALA 209,209,-0.0007,-0.0011
THR 210,210,0.0019,-0.0019
LEU 211,211,-0.0006,-0.0076
GLU 212,212,-0.0038,-0.0026
GLU 213,213,0.0246,-0.0014
MET 214,214,0.0003,-0.0040
MET 215,215,-0.0050,-0.0051
THR 216,216,-0.0011,-0.0012
ALA 217,217,-0.0015,-0.0008
CYX 218,218,-0.0057,-0.0013
GLN 219,219,0.0037,-0.0010
GLY 220,220,-0.0003,-0.0006
VAL 221,221,0.0415,-0.0015
