Residue Name,Residue Number,Binding Free Energy (kcal/mol),VDW Energy (kcal/mol)
PRO   1,1,-0.0404,-0.0007
ILE   2,2,-0.0017,-0.0007
VAL   3,3,0.0003,-0.0003
GLN   4,4,-0.0010,-0.0005
ASN   5,5,-0.0002,-0.0003
LEU   6,6,0.0002,-0.0002
GLN   7,7,0.0001,-0.0001
GLY   8,8,-0.0003,-0.0001
GLN   9,9,-0.0008,-0.0003
MET  10,10,0.0001,-0.0004
VAL  11,11,-0.0010,-0.0005
HID  12,12,-0.0007,-0.0003
GLN  13,13,-0.0012,-0.0004
ALA  14,14,-0.0000,-0.0003
ILE  15,15,0.0004,-0.0008
SER  16,16,-0.0023,-0.0004
PRO  17,17,-0.0017,-0.0004
ARG  18,18,-0.0420,-0.0011
THR  19,19,-0.0052,-0.0014
LEU  20,20,-0.0047,-0.0012
ASN  21,21,-0.0033,-0.0013
ALA  22,22,-0.0057,-0.0018
TRP  23,23,-0.0190,-0.0086
VAL  24,24,-0.0061,-0.0023
LYS  25,25,-0.0323,-0.0042
VAL  26,26,-0.0276,-0.0115
VAL  27,27,-0.0126,-0.0084
GLU  28,28,0.0031,-0.0067
GLU  29,29,-0.0122,-0.0159
LYS  30,30,0.0509,-0.0760
ALA  31,31,-0.0292,-0.0266
PHE  32,32,-0.0025,-0.0874
SER  33,33,-0.0057,-0.3922
PRO  34,34,-1.5981,-2.5744
GLU  35,35,2.4939,0.0299
VAL  36,36,0.0042,-0.0807
ILE  37,37,-0.2001,-0.3302
PRO  38,38,-0.1670,-0.2770
MET  39,39,0.0026,-0.0369
PHE  40,40,0.0182,-0.0206
SER  41,41,0.0123,-0.0160
ALA  42,42,0.0049,-0.0063
LEU  43,43,0.0068,-0.0056
SER  44,44,0.0050,-0.0034
GLU  45,45,0.0079,-0.0035
GLY  46,46,0.0013,-0.0008
ALA  47,47,0.0001,-0.0011
THR  48,48,-0.0038,-0.0009
PRO  49,49,-0.0031,-0.0009
GLN  50,50,-0.0019,-0.0008
ASP  51,51,0.0379,-0.0009
LEU  52,52,-0.0019,-0.0027
ASN  53,53,-0.0042,-0.0010
THR  54,54,-0.0003,-0.0006
MET  55,55,-0.0026,-0.0025
LEU  56,56,-0.0033,-0.0026
ASN  57,57,0.0000,-0.0008
THR  58,58,0.0009,-0.0009
VAL  59,59,-0.0013,-0.0024
ALA  60,60,-0.0001,-0.0009
PRO  61,61,-0.0003,-0.0011
HID  62,62,-0.0035,-0.0034
GLN  63,63,-0.0025,-0.0017
ALA  64,64,-0.0000,-0.0024
ALA  65,65,-0.0073,-0.0041
ALA  66,66,-0.0040,-0.0020
GLN  67,67,-0.0003,-0.0022
MET  68,68,-0.0114,-0.0119
LEU  69,69,-0.0050,-0.0091
LYS  70,70,-0.0513,-0.0026
GLU  71,71,0.0847,-0.0034
THR  72,72,0.0082,-0.0111
ILE  73,73,0.0011,-0.0047
ASN  74,74,-0.0036,-0.0018
GLU  75,75,0.1095,-0.0039
GLU  76,76,0.1405,-0.0115
ALA  77,77,-0.0000,-0.0013
ALA  78,78,-0.0025,-0.0010
GLU  79,79,0.1354,-0.0046
TRP  80,80,-0.0027,-0.0038
ASP  81,81,0.0687,-0.0008
ARG  82,82,-0.1060,-0.0017
LEU  83,83,-0.0031,-0.0023
HID  84,84,-0.0013,-0.0012
PRO  85,85,-0.0014,-0.0005
VAL  86,86,0.0007,-0.0002
HID  87,87,-0.0007,-0.0002
ALA  88,88,0.0000,-0.0000
GLY  89,89,0.0003,-0.0000
PRO  90,90,0.0003,-0.0002
ILE  91,91,-0.0008,-0.0001
ALA  92,92,0.0003,-0.0001
PRO  93,93,0.0005,-0.0000
GLY  94,94,0.0000,-0.0001
GLN  95,95,-0.0006,-0.0001
MET  96,96,-0.0006,-0.0002
ARG  97,97,-0.0633,-0.0002
GLU  98,98,0.0705,-0.0003
PRO  99,99,0.0002,-0.0006
ARG 100,100,-0.0712,-0.0008
GLY 101,101,-0.0026,-0.0006
SER 102,102,-0.0008,-0.0003
ASP 103,103,0.0579,-0.0005
ILE 104,104,-0.0046,-0.0015
ALA 105,105,-0.0012,-0.0007
GLY 106,106,-0.0007,-0.0004
THR 107,107,-0.0006,-0.0004
THR 108,108,0.0006,-0.0001
SER 109,109,-0.0015,-0.0003
THR 110,110,0.0008,-0.0002
LEU 111,111,0.0006,-0.0003
GLN 112,112,0.0006,-0.0002
GLU 113,113,0.0590,-0.0002
GLN 114,114,-0.0010,-0.0003
ILE 115,115,-0.0002,-0.0003
GLY 116,116,-0.0003,-0.0002
TRP 117,117,-0.0009,-0.0008
MET 118,118,-0.0013,-0.0008
THR 119,119,0.0003,-0.0002
HID 120,120,-0.0005,-0.0005
ASN 121,121,0.0002,-0.0004
PRO 122,122,-0.0005,-0.0004
PRO 123,123,0.0009,-0.0006
ILE 124,124,-0.0019,-0.0008
PRO 125,125,-0.0048,-0.0019
VAL 126,126,-0.0038,-0.0012
GLY 127,127,-0.0085,-0.0013
GLU 128,128,-0.0090,-0.0060
ILE 129,129,-0.0144,-0.0056
TYR 130,130,-0.0191,-0.0052
LYS 131,131,-0.0248,-0.0129
ARG 132,132,-0.5189,-0.1747
TRP 133,133,-0.0446,-0.0188
ILE 134,134,-0.0425,-0.0176
ILE 135,135,-0.3434,-0.2313
LEU 136,136,-0.3804,-0.3733
GLY 137,137,-0.0220,-0.0232
LEU 138,138,-0.0725,-0.0769
ASN 139,139,-0.2563,-1.1938
LYS 140,140,-0.2112,-0.0941
ILE 141,141,0.0145,-0.0525
VAL 142,142,-0.3997,-0.6845
ARG 143,143,-8.7045,-1.0652
MET 144,144,-0.0096,-0.0412
TYR 145,145,-0.0905,-0.1227
SER 146,146,0.0791,-0.2363
PRO 147,147,-0.1555,-0.2445
THR 148,148,-0.8413,-2.1419
SER 149,149,-3.6752,-2.4457
ILE 150,150,-11.3898,-9.3808
LEU 151,151,-5.7796,-2.1956
ASP 152,152,-0.1423,-2.0011
ILE 153,153,-2.4272,-2.4008
ARG 154,154,-0.3122,-0.1561
GLN 155,155,-0.0101,-0.0202
GLY 156,156,0.0055,-0.0056
PRO 157,157,-0.0045,-0.0044
LYS 158,158,-0.0450,-0.0034
GLU 159,159,0.0961,-0.0154
PRO 160,160,0.0110,-0.0063
PHE 161,161,0.0186,-0.0115
ARG 162,162,-0.0372,-0.0136
ASP 163,163,0.0225,-0.0209
TYR 164,164,0.0402,-0.0818
VAL 165,165,-0.0255,-0.0418
ASP 166,166,0.0477,-0.1154
ARG 167,167,-0.5517,-0.2527
PHE 168,168,-1.4682,-1.4940
TYR 169,169,-0.3674,-0.2494
LYS 170,170,-0.9822,-1.9323
THR 171,171,-1.6997,-2.1804
LEU 172,172,-1.2822,-1.1708
ARG 173,173,-7.4714,-1.3869
ALA 174,174,-2.1155,-1.9243
GLU 175,175,4.7713,-1.0325
GLN 176,176,0.2050,-1.8565
ALA 177,177,-0.0943,-0.1087
SER 178,178,-0.0485,-0.0337
GLN 179,179,-0.0322,-0.0272
GLU 180,180,0.0723,-0.0124
VAL 181,181,-0.0369,-0.0591
LYS 182,182,-0.0813,-0.0654
ASN 183,183,-0.0056,-0.0129
TRP 184,184,-0.0256,-0.0404
MET 185,185,-0.4116,-0.5822
THR 186,186,0.0055,-0.0255
GLU 187,187,0.0545,-0.0083
THR 188,188,-0.0116,-0.0189
LEU 189,189,-0.7510,-0.7751
LEU 190,190,-0.0286,-0.0778
VAL 191,191,0.0038,-0.0120
GLN 192,192,-0.1139,-0.0236
ASN 193,193,-1.3500,-0.2334
ALA 194,194,-0.0121,-0.0088
ASN 195,195,0.0084,-0.0049
PRO 196,196,0.0023,-0.0023
ASP 197,197,0.0553,-0.0012
CYX 198,198,-0.0008,-0.0023
LYS 199,199,-0.0899,-0.0047
THR 200,200,-0.0007,-0.0010
ILE 201,201,-0.0036,-0.0011
LEU 202,202,-0.0087,-0.0029
LYS 203,203,-0.0652,-0.0018
ALA 204,204,-0.0019,-0.0004
LEU 205,205,-0.0044,-0.0012
GLY 206,206,0.0000,-0.0006
PRO 207,207,-0.0040,-0.0014
GLY 208,208,-0.0031,-0.0007
ALA 209,209,-0.0005,-0.0013
THR 210,210,0.0032,-0.0019
LEU 211,211,-0.0031,-0.0079
GLU 212,212,0.0166,-0.0036
GLU 213,213,0.0308,-0.0015
MET 214,214,-0.0072,-0.0043
MET 215,215,-0.0052,-0.0055
THR 216,216,-0.0009,-0.0014
ALA 217,217,-0.0017,-0.0008
CYX 218,218,-0.0067,-0.0019
GLN 219,219,-0.0003,-0.0013
GLY 220,220,-0.0004,-0.0005
VAL 221,221,0.0348,-0.0016
